103.32 50.44
102.32 50.44
100.32 50.44
101.32 50.44
99.32 50.44
101.32 50.44
99.32 50.44
101.32 50.44
99.32 50.44
98.32 50.44
102.32 50.44
99.32 50.44
97.32 50.44
104.32 50.44
100.32 50.44
106.32 50.44
105.32 50.44
100.32 50.44
97.32 50.44
100.32 50.44
101.32 50.44
98.32 50.44
103.32 50.44
101.32 50.44
102.32 50.44
106.32 50.44
93.32 50.44
102.32 50.44
95.32 50.44
101.32 50.44
100.32 50.44
97.32 50.44
100.32 50.44
100.32 50.44
99.32 50.44
100.32 50.44
100.32 50.44
100.32 50.44
99.32 50.44
103.32 50.44
99.32 50.44
97.32 50.44
99.32 50.44
98.32 50.44
100.32 50.44
99.32 50.44
99.32 50.44
100.32 50.44
101.32 50.44
97.32 50.44
97.32 50.44
99.32 50.44
100.32 50.44
99.32 50.44
101.32 50.44
100.32 50.44
100.32 50.44
99.32 50.44
97.32 50.44
96.32 50.44
97.32 50.44
95.32 50.44
97.32 50.44
97.32 50.44
102.32 50.44
94.32 50.44
97.32 50.44
101.32 50.44
97.32 50.44
102.32 50.44
100.32 50.44
101.32 50.44
104.32 50.44
98.32 50.44
96.32 50.44
101.32 50.44
100.32 50.44
97.32 50.44
99.32 50.44
96.32 50.44
97.32 50.44
99.32 50.44
98.32 50.44
95.32 50.44
99.32 50.44
100.32 50.44
97.32 50.44
100.32 50.44
101.32 50.44
93.32 50.44
95.32 50.44
99.32 50.44
94.32 50.44
93.32 50.44
98.32 50.44
95.32 50.44
106.32 50.44
95.32 50.44
101.32 50.44
96.32 50.44
99.32 50.44
92.32 50.44
97.32 50.44
95.32 50.44
96.32 50.44
95.32 50.44
96.32 50.44
100.32 50.44
93.32 50.44
94.32 50.44
96.32 50.44
97.32 50.44
97.32 50.44
95.32 50.44
98.32 50.44
88.32 50.44
94.32 50.44
97.32 50.44
99.32 50.44
95.32 50.44
93.32 50.44
94.32 50.44
93.32 50.44
96.32 50.44
93.32 50.44
96.32 50.44
95.32 50.44
101.32 50.44
95.32 50.44
95.32 50.44
97.32 50.44
94.32 50.44
96.32 50.44
91.32 50.44
96.32 50.44
92.32 50.44
92.32 50.44
90.32 50.44
91.32 50.44
95.32 50.44
94.32 50.44
92.32 50.44
96.32 50.44
93.32 50.44
94.32 50.44
93.32 50.44
89.32 50.44
96.32 50.44
95.32 50.44
94.32 50.44
96.32 50.44
92.32 50.44
93.32 50.44
95.32 50.44
97.32 50.44
92.32 50.44
95.32 50.44
93.32 50.44
93.32 50.44
92.32 50.44
97.32 50.44
91.32 50.44
89.32 50.44
98.32 50.44
96.32 50.44
90.32 50.44
91.32 50.44
91.32 50.44
94.32 50.44
90.32 50.44
95.32 50.44
94.32 50.44
92.32 50.44
98.32 50.44
94.32 50.44
94.32 50.44
100.32 50.44
96.32 50.44
95.32 50.44
93.32 50.44
95.32 50.44
95.32 50.44
91.32 50.44
93.32 50.44
98.32 50.44
95.32 50.44
91.32 50.44
91.32 50.44
90.32 50.44
93.32 50.44
94.32 50.44
91.32 50.44
97.32 50.44
96.32 50.44
95.32 50.44
91.32 50.44
89.32 50.44
91.32 50.44
97.32 50.44
92.32 50.44
97.32 50.44
92.32 50.44
94.32 50.44
93.32 50.44
93.32 50.44
96.32 50.44
91.32 50.44
89.32 50.44
98.32 50.44
91.32 50.44
94.32 50.44
97.32 50.44
94.32 50.44
95.32 50.44
95.32 50.44
96.32 50.44
95.32 50.44
91.32 50.44
92.32 50.44
93.32 50.44
89.32 50.44
89.32 50.44
88.32 50.44
92.32 50.44
93.32 50.44
93.32 50.44
86.32 50.44
88.32 50.44
96.32 50.44
90.32 50.44
91.32 50.44
90.32 50.44
94.32 50.44
95.32 50.44
89.32 50.44
89.32 50.44
91.32 50.44
89.32 50.44
87.32 50.44
93.32 50.44
90.32 50.44
86.32 50.44
92.32 50.44
91.32 50.44
100.32 50.44
96.32 50.44
91.32 50.44
86.32 50.44
89.32 50.44
93.32 50.44
93.32 50.44
88.32 50.44
88.32 50.44
90.32 50.44
93.32 50.44
89.32 50.44
93.32 50.44
89.32 50.44
93.32 50.44
86.32 50.44
92.32 50.44
93.32 50.44
91.32 50.44
93.32 50.44
89.32 50.44
91.32 50.44
86.32 50.44
91.32 50.44
97.32 50.44
91.32 50.44
93.32 50.44
93.32 50.44
94.32 50.44
91.32 50.44
89.32 50.44
92.32 50.44
88.32 50.44
94.32 50.44
91.32 50.44
91.32 50.44
91.32 50.44
93.32 50.44
90.32 50.44
89.32 50.44
90.32 50.44
90.32 50.44
92.32 50.44
90.32 50.44
89.32 50.44
87.32 50.44
91.32 50.44
88.32 50.44
89.32 50.44
87.32 50.44
92.32 50.44
89.32 50.44
87.32 50.44
89.32 50.44
92.32 50.44
84.32 50.44
91.32 50.44
86.32 50.44
92.32 50.44
91.32 50.44
84.32 50.44
87.32 50.44
92.32 50.44
89.32 50.44
86.32 50.44
90.32 50.44
87.32 50.44
91.32 50.44
91.32 50.44
85.32 50.44
90.32 50.44
89.32 50.44
88.32 50.44
92.32 50.44
93.32 50.44
92.32 50.44
86.32 50.44
88.32 50.44
93.32 50.44
88.32 50.44
87.32 50.44
93.32 50.44
89.32 50.44
91.32 50.44
89.32 50.44
90.32 50.44
93.32 50.44
93.32 50.44
84.32 50.44
85.32 50.44
89.32 50.44
87.32 50.44
88.32 50.44
90.32 50.44
91.32 50.44
90.32 50.44
87.32 50.44
86.32 50.44
89.32 50.44
89.32 50.44
83.32 50.44
94.32 50.44
90.32 50.44
90.32 50.44
90.32 50.44
91.32 50.44
86.32 53.85
90.32 53.85
93.32 53.85
88.32 53.85
87.32 53.85
87.32 53.85
93.32 53.85
89.32 53.85
87.32 53.85
91.32 53.85
93.32 53.85
91.32 53.85
84.32 53.85
93.32 53.85
88.32 53.85
91.32 53.85
88.32 53.85
92.32 53.85
90.32 53.85
90.32 53.85
89.32 53.85
87.32 53.85
88.32 53.85
92.32 53.85
90.32 53.85
92.32 53.85
86.32 53.85
90.32 53.85
90.32 53.85
88.32 53.85
89.32 53.85
86.32 53.85
92.32 53.85
89.32 53.85
86.32 53.85
94.32 53.85
92.32 53.85
92.32 53.85
95.32 53.85
96.32 53.85
92.32 53.85
92.32 53.85
92.32 53.85
97.32 53.85
93.32 53.85
95.32 53.85
91.32 53.85
96.32 53.85
97.32 53.85
92.32 53.85
92.32 51.79
94.32 51.79
93.32 51.79
94.32 51.79
95.32 51.79
93.32 51.79
100.32 51.79
99.32 51.79
93.32 51.79
98.32 51.79
98.32 51.79
95.32 51.79
97.32 51.79
98.32 51.79
100.32 51.79
103.32 51.79
100.32 51.79
99.32 51.79
97.32 51.79
100.32 51.79
98.32 51.79
102.32 51.79
101.32 51.79
102.32 51.79
98.32 51.79
102.32 51.79
100.32 51.79
98.32 51.79
95.32 51.79
104.32 51.79
101.32 51.79
102.32 51.79
104.32 51.79
103.32 51.79
101.32 51.79
103.32 51.79
100.32 51.79
107.32 51.79
101.32 51.79
95.32 51.79
101.32 51.79
100.32 51.79
101.32 51.79
100.32 51.79
102.32 51.79
102.32 51.79
102.32 51.79
103.32 51.79
104.32 51.79
100.32 51.79
101.32 53.59
100.32 53.59
101.32 53.59
108.32 53.59
101.32 53.59
102.32 53.59
108.32 53.59
103.32 53.59
105.32 53.59
103.32 53.59
106.32 53.59
100.32 53.59
105.32 53.59
103.32 53.59
106.32 53.59
104.32 53.59
108.32 53.59
105.32 53.59
104.32 53.59
101.32 53.59
106.32 53.59
104.32 53.59
108.32 53.59
107.32 53.59
105.32 53.59
103.32 53.59
106.32 53.59
108.32 53.59
106.32 53.59
105.32 53.59
106.32 53.59
110.32 53.59
107.32 53.59
108.32 53.59
103.32 53.59
104.32 53.59
108.32 53.59
109.32 53.59
103.32 53.59
104.32 53.59
107.32 53.59
107.32 53.59
108.32 53.59
108.32 53.59
108.32 53.59
110.32 53.59
108.32 53.59
111.32 53.59
111.32 53.59
107.32 53.59
109.32 52.49
107.32 52.49
106.32 52.49
108.32 52.49
106.32 52.49
114.32 52.49
107.32 52.49
111.32 52.49
112.32 52.49
114.32 52.49
110.32 52.49
108.32 52.49
112.32 52.49
111.32 52.49
107.32 52.49
111.32 52.49
114.32 52.49
108.32 52.49
108.32 52.49
112.32 52.49
110.32 52.49
111.32 52.49
116.32 52.49
116.32 52.49
111.32 52.49
111.32 52.49
115.32 52.49
114.32 52.49
109.32 52.49
111.32 52.49
119.32 52.49
112.32 52.49
114.32 52.49
113.32 52.49
110.32 52.49
110.32 52.49
109.32 52.49
112.32 52.49
116.32 52.49
115.32 52.49
111.32 52.49
109.32 52.49
111.32 52.49
112.32 52.49
114.32 52.49
113.32 52.49
113.32 52.49
115.32 52.49
109.32 52.49
111.32 52.49
108.32 45.92
112.32 45.92
109.32 45.92
110.32 45.92
111.32 45.92
113.32 45.92
108.32 45.92
111.32 45.92
118.32 45.92
109.32 45.92
114.32 45.92
109.32 45.92
111.32 45.92
110.32 45.92
110.32 45.92
108.32 45.92
111.32 45.92
108.32 45.92
105.32 45.92
106.32 45.92
109.32 45.92
111.32 45.92
106.32 45.92
106.32 45.92
117.32 45.92
107.32 45.92
108.32 45.92
110.32 45.92
104.32 45.92
111.32 45.92
105.32 45.92
110.32 45.92
104.32 45.92
108.32 45.92
107.32 45.92
103.32 45.92
107.32 45.92
102.32 45.92
108.32 45.92
103.32 45.92
108.32 45.92
105.32 45.92
105.32 45.92
104.32 45.92
99.32 45.92
104.32 45.92
100.32 45.92
97.32 45.92
97.32 45.92
100.32 45.92
101.32 53.34
96.32 53.34
99.32 53.34
97.32 53.34
93.32 53.34
97.32 53.34
97.32 53.34
95.32 53.34
93.32 53.34
94.32 53.34
96.32 53.34
97.32 53.34
98.32 53.34
95.32 53.34
89.32 53.34
95.32 53.34
94.32 53.34
92.32 53.34
96.32 53.34
93.32 53.34
95.32 53.34
92.32 53.34
96.32 53.34
89.32 53.34
89.32 53.34
93.32 53.34
93.32 53.34
94.32 53.34
92.32 53.34
90.32 53.34
89.32 53.34
93.32 53.34
91.32 53.34
95.32 53.34
93.32 53.34
92.32 53.34
95.32 53.34
97.32 53.34
95.32 53.34
100.32 53.34
90.32 53.34
99.32 53.34
93.32 53.34
98.32 53.34
96.32 53.34
95.32 53.34
90.32 53.34
94.32 53.34
96.32 53.34
93.32 53.34
93.32 54.48
97.32 54.48
95.32 54.48
95.32 54.48
96.32 54.48
94.32 54.48
93.32 54.48
95.32 54.48
97.32 54.48
96.32 54.48
93.32 54.48
101.32 54.48
99.32 54.48
96.32 54.48
100.32 54.48
96.32 54.48
96.32 54.48
97.32 54.48
101.32 54.48
97.32 54.48
98.32 54.48
96.32 54.48
97.32 54.48
98.32 54.48
97.32 54.48
99.32 54.48
102.32 54.48
100.32 54.48
98.32 54.48
103.32 54.48
103.32 54.48
104.32 54.48
102.32 54.48
111.32 54.48
103.32 54.48
104.32 54.48
101.32 54.48
103.32 54.48
101.32 54.48
104.32 54.48
104.32 54.48
107.32 54.48
103.32 54.48
106.32 54.48
101.32 54.48
110.32 54.48
111.32 54.48
105.32 54.48
106.32 54.48
104.32 54.48
111.32 54.48
110.32 54.48
110.32 54.48
106.32 54.48
112.32 54.48
107.32 54.48
110.32 54.48
106.32 54.48
105.32 54.48
110.32 54.48
109.32 54.48
106.32 54.48
115.32 54.48
111.32 54.48
109.32 54.48
112.32 54.48
112.32 54.48
108.32 54.48
112.32 54.48
113.32 54.48
112.32 54.48
107.32 54.48
112.32 54.48
109.32 54.48
111.32 54.48
108.32 54.48
111.32 54.48
118.32 54.48
119.32 54.48
111.32 54.48
113.32 54.48
114.32 54.48
112.32 54.48
106.32 54.48
113.32 54.48
117.32 54.48
111.32 54.48
116.32 54.48
113.32 54.48
112.32 54.48
114.32 54.48
116.32 54.48
115.32 54.48
118.32 54.48
109.32 54.48
111.32 54.48
114.32 54.48
117.32 54.48
112.32 54.48
110.32 54.48
114.32 50.64
112.32 50.64
110.32 50.64
113.32 50.64
117.32 50.64
113.32 50.64
109.32 50.64
112.32 50.64
112.32 50.64
113.32 50.64
108.32 50.64
118.32 50.64
113.32 50.64
113.32 50.64
110.32 50.64
114.32 50.64
108.32 50.64
110.32 50.64
110.32 50.64
113.32 50.64
115.32 50.64
119.32 50.64
114.32 50.64
111.32 50.64
114.32 50.64
111.32 50.64
115.32 50.64
111.32 50.64
117.32 50.64
108.32 50.64
112.32 50.64
117.32 50.64
111.32 50.64
106.32 50.64
117.32 50.64
116.32 50.64
115.32 50.64
108.32 50.64
113.32 50.64
108.32 50.64
111.32 50.64
106.32 50.64
116.32 50.64
115.32 50.64
116.32 50.64
116.32 50.64
114.32 50.64
113.32 50.64
115.32 50.64
109.32 50.64
110.32 50.64
116.32 50.64
113.32 50.64
109.32 50.64
116.32 50.64
113.32 50.64
112.32 50.64
113.32 50.64
110.32 50.64
113.32 50.64
113.32 50.64
108.32 50.64
109.32 50.64
115.32 50.64
114.32 50.64
113.32 50.64
115.32 50.64
113.32 50.64
108.32 50.64
113.32 50.64
114.32 50.64
112.32 50.64
111.32 50.64
117.32 50.64
119.32 50.64
111.32 50.64
112.32 50.64
117.32 50.64
114.32 50.64
119.32 50.64
114.32 50.64
108.32 50.64
117.32 50.64
115.32 50.64
111.32 50.64
115.32 50.64
111.32 50.64
114.32 50.64
110.32 50.64
112.32 50.64
109.32 50.64
119.32 50.64
113.32 50.64
112.32 50.64
112.32 50.64
112.32 50.64
112.32 50.64
117.32 50.64
111.32 50.64
115.32 50.64
106.32 47.56
112.32 47.56
110.32 47.56
109.32 47.56
110.32 47.56
109.32 47.56
111.32 47.56
108.32 47.56
108.32 47.56
110.32 47.56
111.32 47.56
105.32 47.56
110.32 47.56
111.32 47.56
105.32 47.56
108.32 47.56
110.32 47.56
109.32 47.56
109.32 47.56
108.32 47.56
109.32 47.56
107.32 47.56
109.32 47.56
106.32 47.56
112.32 47.56
108.32 47.56
106.32 47.56
104.32 47.56
108.32 47.56
106.32 47.56
108.32 47.56
109.32 47.56
107.32 47.56
108.32 47.56
108.32 47.56
105.32 47.56
102.32 47.56
104.32 47.56
106.32 47.56
107.32 47.56
108.32 47.56
103.32 47.56
100.32 47.56
104.32 47.56
102.32 47.56
103.32 47.56
104.32 47.56
102.32 47.56
101.32 47.56
104.32 47.56
97.32 47.56
100.32 47.56
102.32 47.56
102.32 47.56
103.32 47.56
96.32 47.56
96.32 47.56
98.32 47.56
95.32 47.56
95.32 47.56
95.32 47.56
96.32 47.56
95.32 47.56
94.32 47.56
97.32 47.56
97.32 47.56
92.32 47.56
95.32 47.56
97.32 47.56
93.32 47.56
89.32 47.56
94.32 47.56
93.32 47.56
90.32 47.56
93.32 47.56
89.32 47.56
90.32 47.56
88.32 47.56
96.32 47.56
86.32 47.56
88.32 47.56
89.32 47.56
87.32 47.56
83.32 47.56
87.32 47.56
87.32 47.56
89.32 47.56
86.32 47.56
80.32 47.56
83.32 47.56
86.32 47.56
81.32 47.56
86.32 47.56
87.32 47.56
78.32 47.56
85.32 47.56
84.32 47.56
83.32 47.56
88.32 47.56
82.32 47.56
80.32 54.49
81.32 54.49
79.32 54.49
79.32 54.49
77.32 54.49
80.32 54.49
83.32 54.49
78.32 54.49
82.32 54.49
80.32 54.49
80.32 54.49
78.32 54.49
82.32 54.49
73.32 54.49
79.32 54.49
80.32 54.49
80.32 54.49
81.32 54.49
80.32 54.49
80.32 54.49
72.32 54.49
82.32 54.49
81.32 54.49
82.32 54.49
81.32 54.49
83.32 54.49
80.32 54.49
78.32 54.49
82.32 54.49
81.32 54.49
80.32 54.49
83.32 54.49
80.32 54.49
81.32 54.49
83.32 54.49
82.32 54.49
83.32 54.49
80.32 54.49
81.32 54.49
79.32 54.49
84.32 54.49
78.32 54.49
78.32 54.49
80.32 54.49
82.32 54.49
79.32 54.49
82.32 54.49
80.32 54.49
86.32 54.49
84.32 54.49
89.32 54.49
82.32 54.49
82.32 54.49
83.32 54.49
83.32 54.49
83.32 54.49
83.32 54.49
87.32 54.49
81.32 54.49
86.32 54.49
85.32 54.49
86.32 54.49
83.32 54.49
93.32 54.49
92.32 54.49
87.32 54.49
89.32 54.49
82.32 54.49
85.32 54.49
90.32 54.49
83.32 54.49
91.32 54.49
89.32 54.49
92.32 54.49
93.32 54.49
90.32 54.49
93.32 54.49
87.32 54.49
88.32 54.49
96.32 54.49
93.32 54.49
91.32 54.49
92.32 54.49
95.32 54.49
92.32 54.49
91.32 54.49
96.32 54.49
97.32 54.49
93.32 54.49
95.32 54.49
95.32 54.49
97.32 54.49
93.32 54.49
97.32 54.49
95.32 54.49
98.32 54.49
103.32 54.49
98.32 54.49
98.32 54.49
98.32 54.49
94.32 54.49
100.32 54.49
98.32 54.49
98.32 54.49
104.32 54.49
100.32 54.49
100.32 54.49
102.32 54.49
101.32 54.49
99.32 54.49
107.32 54.49
104.32 54.49
103.32 54.49
101.32 54.49
102.32 54.49
102.32 54.49
105.32 54.49
102.32 54.49
106.32 54.49
105.32 54.49
106.32 54.49
107.32 54.49
102.32 54.49
105.32 54.49
109.32 54.49
102.32 54.49
111.32 54.49
105.32 54.49
111.32 54.49
111.32 54.49
105.32 54.49
110.32 54.49
110.32 54.49
112.32 54.49
111.32 54.49
109.32 54.49
106.32 54.49
110.32 54.49
110.32 54.49
110.32 54.49
113.32 54.49
116.32 54.49
112.32 54.49
106.32 54.49
108.32 54.49
110.32 54.49
113.32 54.49
111.32 54.49
108.32 54.49
117.32 54.49
114.32 54.01
116.32 54.01
110.32 54.01
111.32 54.01
116.32 54.01
109.32 54.01
116.32 54.01
115.32 54.01
111.32 54.01
114.32 54.01
116.32 54.01
115.32 54.01
114.32 54.01
110.32 54.01
114.32 54.01
113.32 54.01
115.32 54.01
115.32 54.01
115.32 54.01
111.32 54.01
109.32 54.01
116.32 54.01
111.32 54.01
111.32 54.01
109.32 54.01
109.32 54.01
115.32 54.01
117.32 54.01
112.32 54.01
114.32 54.01
120.32 54.01
115.32 54.01
114.32 54.01
113.32 54.01
110.32 54.01
110.32 54.01
115.32 54.01
112.32 54.01
112.32 54.01
111.32 54.01
113.32 54.01
115.32 54.01
113.32 54.01
109.32 54.01
120.32 54.01
119.32 54.01
111.32 54.01
119.32 54.01
111.32 54.01
113.32 54.01
114.32 48.61
113.32 48.61
113.32 48.61
113.32 48.61
118.32 48.61
116.32 48.61
114.32 48.61
107.32 48.61
117.32 48.61
110.32 48.61
110.32 48.61
112.32 48.61
113.32 48.61
119.32 48.61
113.32 48.61
110.32 48.61
115.32 48.61
116.32 48.61
113.32 48.61
115.32 48.61
114.32 48.61
112.32 48.61
111.32 48.61
115.32 48.61
113.32 48.61
116.32 48.61
111.32 48.61
115.32 48.61
115.32 48.61
118.32 48.61
112.32 48.61
118.32 48.61
115.32 48.61
113.32 48.61
113.32 48.61
112.32 48.61
115.32 48.61
118.32 48.61
112.32 48.61
115.32 48.61
115.32 48.61
117.32 48.61
112.32 48.61
111.32 48.61
116.32 48.61
116.32 48.61
111.32 48.61
114.32 48.61
112.32 48.61
117.32 48.61
105.32 48.61
112.32 48.61
108.32 48.61
116.32 48.61
119.32 48.61
112.32 48.61
113.32 48.61
111.32 48.61
113.32 48.61
112.32 48.61
112.32 48.61
116.32 48.61
108.32 48.61
109.32 48.61
115.32 48.61
111.32 48.61
112.32 48.61
111.32 48.61
111.32 48.61
115.32 48.61
112.32 48.61
110.32 48.61
109.32 48.61
106.32 48.61
109.32 48.61
105.32 48.61
110.32 48.61
108.32 48.61
107.32 48.61
106.32 48.61
104.32 48.61
104.32 48.61
104.32 48.61
106.32 48.61
109.32 48.61
104.32 48.61
102.32 48.61
104.32 48.61
105.32 48.61
102.32 48.61
98.32 48.61
106.32 48.61
102.32 48.61
101.32 48.61
108.32 48.61
104.32 48.61
100.32 48.61
97.32 48.61
100.32 48.61
100.32 48.61
96.32 48.61
103.32 48.61
102.32 48.61
99.32 48.61
100.32 48.61
98.32 48.61
103.32 48.61
96.32 48.61
99.32 48.61
98.32 48.61
98.32 48.61
97.32 48.61
96.32 48.61
98.32 48.61
95.32 48.61
97.32 48.61
94.32 48.61
97.32 48.61
98.32 48.61
95.32 48.61
92.32 48.61
89.32 48.61
92.32 48.61
94.32 48.61
95.32 48.61
95.32 48.61
93.32 48.61
92.32 48.61
93.32 48.61
90.32 48.61
92.32 48.61
93.32 48.61
90.32 48.61
92.32 48.61
93.32 48.61
91.32 48.61
95.32 48.61
89.32 48.61
96.32 48.61
92.32 48.61
88.32 48.61
92.32 48.61
87.32 48.61
88.32 48.61
88.32 48.61
91.32 48.61
91.32 48.61
87.32 48.61
91.32 48.61
87.32 48.61
91.32 48.70
84.32 48.70
89.32 48.70
87.32 48.70
84.32 48.70
85.32 48.70
90.32 48.70
91.32 48.70
91.32 48.70
79.32 48.70
81.32 48.70
91.32 48.70
84.32 48.70
83.32 48.70
90.32 48.70
85.32 48.70
83.32 48.70
89.32 48.70
84.32 48.70
86.32 48.70
81.32 48.70
84.32 48.70
85.32 48.70
82.32 48.70
82.32 48.70
83.32 48.70
85.32 48.70
78.32 48.70
79.32 48.70
82.32 48.70
83.32 48.70
80.32 48.70
87.32 48.70
83.32 48.70
83.32 48.70
79.32 48.70
81.32 48.70
81.32 48.70
78.32 48.70
78.32 48.70
80.32 48.70
82.32 48.70
80.32 48.70
79.32 48.70
76.32 48.70
79.32 48.70
74.32 48.70
77.32 48.70
75.32 48.70
75.32 48.70
72.32 47.94
76.32 47.94
74.32 47.94
73.32 47.94
76.32 47.94
68.32 47.94
73.32 47.94
75.32 47.94
74.32 47.94
73.32 47.94
76.32 47.94
72.32 47.94
72.32 47.94
72.32 47.94
72.32 47.94
74.32 47.94
75.32 47.94
72.32 47.94
72.32 47.94
73.32 47.94
72.32 47.94
70.32 47.94
70.32 47.94
69.32 47.94
68.32 47.94
71.32 47.94
68.32 47.94
71.32 47.94
67.32 47.94
71.32 47.94
67.32 47.94
70.32 47.94
62.32 47.94
71.32 47.94
71.32 47.94
63.32 47.94
66.32 47.94
68.32 47.94
70.32 47.94
67.32 47.94
69.32 47.94
69.32 47.94
74.32 47.94
69.32 47.94
65.32 47.94
69.32 47.94
72.32 47.94
67.32 47.94
65.32 47.94
67.32 47.94
70.32 52.86
69.32 52.86
68.32 52.86
65.32 52.86
68.32 52.86
64.32 52.86
66.32 52.86
61.32 52.86
67.32 52.86
63.32 52.86
66.32 52.86
63.32 52.86
65.32 52.86
64.32 52.86
62.32 52.86
65.32 52.86
66.32 52.86
67.32 52.86
64.32 52.86
67.32 52.86
68.32 52.86
68.32 52.86
67.32 52.86
66.32 52.86
67.32 52.86
67.32 52.86
63.32 52.86
63.32 52.86
69.32 52.86
72.32 52.86
68.32 52.86
66.32 52.86
66.32 52.86
67.32 52.86
70.32 52.86
67.32 52.86
67.32 52.86
63.32 52.86
67.32 52.86
70.32 52.86
68.32 52.86
66.32 52.86
67.32 52.86
64.32 52.86
77.32 52.86
69.32 52.86
68.32 52.86
71.32 52.86
71.32 52.86
70.32 52.86
70.32 52.86
72.32 52.86
69.32 52.86
72.32 52.86
77.32 52.86
70.32 52.86
72.32 52.86
72.32 52.86
71.32 52.86
73.32 52.86
72.32 52.86
76.32 52.86
72.32 52.86
72.32 52.86
72.32 52.86
71.32 52.86
73.32 52.86
71.32 52.86
76.32 52.86
73.32 52.86
75.32 52.86
80.32 52.86
75.32 52.86
76.32 52.86
70.32 52.86
73.32 52.86
74.32 52.86
80.32 52.86
76.32 52.86
74.32 52.86
74.32 52.86
78.32 52.86
76.32 52.86
74.32 52.86
73.32 52.86
73.32 52.86
75.32 52.86
77.32 52.86
77.32 52.86
78.32 52.86
77.32 52.86
82.32 52.86
79.32 52.86
78.32 52.86
80.32 52.86
80.32 52.86
77.32 52.86
81.32 52.86
85.32 52.86
79.32 52.86
82.32 45.97
82.32 45.97
79.32 45.97
80.32 45.97
82.32 45.97
82.32 45.97
80.32 45.97
87.32 45.97
80.32 45.97
80.32 45.97
75.32 45.97
87.32 45.97
81.32 45.97
81.32 45.97
79.32 45.97
73.32 45.97
79.32 45.97
74.32 45.97
80.32 45.97
73.32 45.97
82.32 45.97
78.32 45.97
77.32 45.97
75.32 45.97
76.32 45.97
81.32 45.97
80.32 45.97
78.32 45.97
75.32 45.97
74.32 45.97
75.32 45.97
76.32 45.97
77.32 45.97
74.32 45.97
71.32 45.97
71.32 45.97
73.32 45.97
73.32 45.97
72.32 45.97
64.32 45.97
75.32 45.97
70.32 45.97
71.32 45.97
73.32 45.97
70.32 45.97
65.32 45.97
72.32 45.97
70.32 45.97
66.32 45.97
66.32 45.97
67.32 48.07
70.32 48.07
67.32 48.07
66.32 48.07
68.32 48.07
66.32 48.07
62.32 48.07
67.32 48.07
66.32 48.07
65.32 48.07
66.32 48.07
65.32 48.07
59.32 48.07
60.32 48.07
65.32 48.07
64.32 48.07
64.32 48.07
64.32 48.07
63.32 48.07
66.32 48.07
63.32 48.07
68.32 48.07
66.32 48.07
63.32 48.07
64.32 48.07
56.32 48.07
64.32 48.07
62.32 48.07
64.32 48.07
58.32 48.07
66.32 48.07
59.32 48.07
60.32 48.07
60.32 48.07
63.32 48.07
60.32 48.07
63.32 48.07
60.32 48.07
64.32 48.07
63.32 48.07
62.32 48.07
59.32 48.07
61.32 48.07
61.32 48.07
63.32 48.07
58.32 48.07
57.32 48.07
56.32 48.07
56.32 48.07
60.32 48.07
58.32 46.34
56.32 46.34
62.32 46.34
57.32 46.34
56.32 46.34
61.32 46.34
58.32 46.34
61.32 46.34
55.32 46.34
57.32 46.34
55.32 46.34
55.32 46.34
57.32 46.34
55.32 46.34
57.32 46.34
53.32 46.34
56.32 46.34
61.32 46.34
56.32 46.34
56.32 46.34
53.32 46.34
51.32 46.34
54.32 46.34
51.32 46.34
49.32 46.34
47.32 46.34
51.32 46.34
53.32 46.34
52.32 46.34
57.32 46.34
49.32 46.34
49.32 46.34
50.32 46.34
50.32 46.34
51.32 46.34
45.32 46.34
50.32 46.34
55.32 46.34
53.32 46.34
49.32 46.34
55.32 46.34
46.32 46.34
44.32 46.34
53.32 46.34
42.32 46.34
40.32 46.34
50.32 46.34
46.32 46.34
40.32 46.34
45.32 46.34
43.32 46.34
42.32 46.34
45.32 46.34
45.32 46.34
40.32 46.34
37.32 46.34
46.32 46.34
41.32 46.34
42.32 46.34
44.32 46.34
36.32 46.34
42.32 46.34
38.32 46.34
44.32 46.34
37.32 46.34
35.32 46.34
37.32 46.34
35.32 46.34
36.32 46.34
32.32 46.34
40.32 46.34
36.32 46.34
39.32 46.34
36.32 46.34
33.32 46.34
36.32 46.34
35.32 46.34
33.32 46.34
32.32 46.34
31.32 46.34
35.32 46.34
35.32 46.34
31.32 46.34
32.32 46.34
31.32 46.34
27.32 46.34
29.32 46.34
30.32 46.34
31.32 46.34
27.32 46.34
32.32 46.34
28.32 46.34
28.32 46.34
32.32 46.34
24.32 46.34
28.32 46.34
29.32 46.34
27.32 46.34
29.32 46.34
30.32 46.34
24.32 52.27
22.32 52.27
25.32 52.27
25.32 52.27
24.32 52.27
25.32 52.27
27.32 52.27
23.32 52.27
21.32 52.27
24.32 52.27
20.32 52.27
25.32 52.27
21.32 52.27
25.32 52.27
25.32 52.27
24.32 52.27
20.32 52.27
22.32 52.27
24.32 52.27
19.32 52.27
25.32 52.27
24.32 52.27
28.32 52.27
24.32 52.27
25.32 52.27
22.32 52.27
25.32 52.27
28.32 52.27
27.32 52.27
24.32 52.27
23.32 52.27
28.32 52.27
25.32 52.27
31.32 52.27
27.32 52.27
27.32 52.27
29.32 52.27
30.32 52.27
32.32 52.27
31.32 52.27
28.32 52.27
29.32 52.27
31.32 52.27
30.32 52.27
34.32 52.27
28.32 52.27
35.32 52.27
31.32 52.27
31.32 52.27
34.32 52.27
34.32 52.27
33.32 52.27
36.32 52.27
31.32 52.27
35.32 52.27
34.32 52.27
35.32 52.27
40.32 52.27
34.32 52.27
35.32 52.27
35.32 52.27
39.32 52.27
37.32 52.27
36.32 52.27
41.32 52.27
36.32 52.27
39.32 52.27
33.32 52.27
40.32 52.27
38.32 52.27
38.32 52.27
37.32 52.27
38.32 52.27
36.32 52.27
42.32 52.27
38.32 52.27
38.32 52.27
41.32 52.27
42.32 52.27
39.32 52.27
42.32 52.27
43.32 52.27
38.32 52.27
36.32 52.27
40.32 52.27
40.32 52.27
40.32 52.27
37.32 52.27
38.32 52.27
38.32 52.27
36.32 52.27
41.32 52.27
41.32 52.27
46.32 52.27
44.32 52.27
42.32 52.27
36.32 52.27
41.32 52.27
42.32 52.27
42.32 52.27
48.32 52.27
42.32 52.27
43.32 52.27
43.32 52.27
45.32 52.27
44.32 52.27
44.32 52.27
45.32 52.27
40.32 52.27
45.32 52.27
45.32 52.27
41.32 52.27
44.32 52.27
46.32 52.27
44.32 52.27
44.32 52.27
45.32 52.27
44.32 52.27
48.32 52.27
43.32 52.27
47.32 52.27
46.32 52.27
48.32 52.27
43.32 52.27
48.32 52.27
45.32 52.27
48.32 52.27
49.32 52.27
47.32 52.27
50.32 52.27
47.32 52.27
51.32 52.27
52.32 52.27
53.32 52.27
49.32 52.27
46.32 52.27
47.32 52.27
45.32 52.27
47.32 52.27
52.32 52.27
46.32 52.27
51.32 52.27
50.32 52.27
48.32 52.27
52.32 52.27
50.32 52.27
51.32 52.27
49.32 52.27
49.32 52.27
59.32 52.27
53.32 49.52
52.32 49.52
55.32 49.52
48.32 49.52
52.32 49.52
52.32 49.52
54.32 49.52
55.32 49.52
59.32 49.52
48.32 49.52
55.32 49.52
59.32 49.52
57.32 49.52
57.32 49.52
59.32 49.52
56.32 49.52
53.32 49.52
57.32 49.52
62.32 49.52
57.32 49.52
54.32 49.52
59.32 49.52
57.32 49.52
61.32 49.52
57.32 49.52
54.32 49.52
57.32 49.52
60.32 49.52
59.32 49.52
58.32 49.52
58.32 49.52
62.32 49.52
60.32 49.52
56.32 49.52
55.32 49.52
58.32 49.52
56.32 49.52
58.32 49.52
58.32 49.52
62.32 49.52
59.32 49.52
52.32 49.52
61.32 49.52
56.32 49.52
57.32 49.52
56.32 49.52
56.32 49.52
56.32 49.52
60.32 49.52
60.32 49.52
57.32 49.52
55.32 49.52
59.32 49.52
59.32 49.52
60.32 49.52
57.32 49.52
63.32 49.52
61.32 49.52
54.32 49.52
59.32 49.52
57.32 49.52
54.32 49.52
58.32 49.52
55.32 49.52
56.32 49.52
54.32 49.52
58.32 49.52
57.32 49.52
56.32 49.52
57.32 49.52
55.32 49.52
57.32 49.52
55.32 49.52
54.32 49.52
60.32 49.52
59.32 49.52
56.32 49.52
55.32 49.52
55.32 49.52
58.32 49.52
61.32 49.52
58.32 49.52
60.32 49.52
61.32 49.52
56.32 49.52
59.32 49.52
58.32 49.52
56.32 49.52
55.32 49.52
62.32 49.52
57.32 49.52
59.32 49.52
57.32 49.52
53.32 49.52
57.32 49.52
54.32 49.52
56.32 49.52
52.32 49.52
60.32 49.52
60.32 49.52
55.32 46.82
56.32 46.82
52.32 46.82
57.32 46.82
54.32 46.82
57.32 46.82
57.32 46.82
62.32 46.82
50.32 46.82
58.32 46.82
54.32 46.82
54.32 46.82
58.32 46.82
51.32 46.82
51.32 46.82
51.32 46.82
47.32 46.82
57.32 46.82
53.32 46.82
49.32 46.82
48.32 46.82
51.32 46.82
56.32 46.82
56.32 46.82
56.32 46.82
50.32 46.82
51.32 46.82
46.32 46.82
50.32 46.82
51.32 46.82
54.32 46.82
51.32 46.82
48.32 46.82
52.32 46.82
49.32 46.82
49.32 46.82
47.32 46.82
42.32 46.82
45.32 46.82
49.32 46.82
46.32 46.82
43.32 46.82
48.32 46.82
49.32 46.82
45.32 46.82
46.32 46.82
43.32 46.82
44.32 46.82
45.32 46.82
43.32 46.82
43.32 52.15
39.32 52.15
41.32 52.15
40.32 52.15
43.32 52.15
36.32 52.15
41.32 52.15
35.32 52.15
36.32 52.15
40.32 52.15
36.32 52.15
45.32 52.15
40.32 52.15
40.32 52.15
38.32 52.15
40.32 52.15
39.32 52.15
37.32 52.15
41.32 52.15
34.32 52.15
40.32 52.15
43.32 52.15
36.32 52.15
33.32 52.15
38.32 52.15
39.32 52.15
38.32 52.15
36.32 52.15
39.32 52.15
36.32 52.15
39.32 52.15
35.32 52.15
40.32 52.15
43.32 52.15
40.32 52.15
43.32 52.15
39.32 52.15
39.32 52.15
37.32 52.15
35.32 52.15
38.32 52.15
45.32 52.15
41.32 52.15
39.32 52.15
40.32 52.15
39.32 52.15
43.32 52.15
38.32 52.15
43.32 52.15
41.32 52.15
39.32 52.15
42.32 52.15
41.32 52.15
39.32 52.15
43.32 52.15
46.32 52.15
37.32 52.15
39.32 52.15
48.32 52.15
40.32 52.15
39.32 52.15
41.32 52.15
39.32 52.15
42.32 52.15
45.32 52.15
41.32 52.15
42.32 52.15
38.32 52.15
39.32 52.15
40.32 52.15
45.32 52.15
47.32 52.15
46.32 52.15
40.32 52.15
48.32 52.15
42.32 52.15
43.32 52.15
44.32 52.15
47.32 52.15
43.32 52.15
44.32 52.15
43.32 52.15
45.32 52.15
49.32 52.15
48.32 52.15
50.32 52.15
43.32 52.15
44.32 52.15
48.32 52.15
42.32 52.15
40.32 52.15
48.32 52.15
46.32 52.15
48.32 52.15
50.32 52.15
42.32 52.15
47.32 52.15
42.32 52.15
49.32 52.15
48.32 52.15
49.32 52.15
48.32 52.15
50.32 52.15
52.32 52.15
43.32 52.15
48.32 52.15
56.32 52.15
48.32 52.15
48.32 52.15
47.32 52.15
46.32 52.15
54.32 52.15
50.32 52.15
48.32 52.15
48.32 52.15
51.32 52.15
49.32 52.15
50.32 52.15
49.32 52.15
49.32 52.15
51.32 52.15
52.32 52.15
51.32 52.15
53.32 52.15
50.32 52.15
50.32 52.15
50.32 52.15
50.32 52.15
48.32 52.15
53.32 52.15
55.32 52.15
55.32 52.15
52.32 52.15
50.32 52.15
57.32 52.15
53.32 52.15
55.32 52.15
58.32 52.15
55.32 52.15
52.32 52.15
54.32 52.15
53.32 52.15
54.32 52.15
52.32 52.15
59.32 52.15
59.32 52.15
60.32 52.15
54.32 52.15
57.32 52.15
58.32 52.15
58.32 52.15
58.32 52.15
60.32 52.15
55.32 52.15
56.32 52.15
62.32 52.15
61.32 52.15
57.32 52.15
62.32 52.15
60.32 52.15
56.32 52.15
55.32 52.15
62.32 52.15
62.32 52.15
55.32 52.15
60.32 52.15
59.32 52.15
59.32 52.15
58.32 52.15
58.32 52.15
59.32 52.15
57.32 52.15
67.32 52.15
60.32 52.15
63.32 52.15
68.32 52.15
65.32 52.15
58.32 52.15
62.32 52.15
61.32 52.15
63.32 52.15
68.32 52.15
63.32 52.15
66.32 52.15
61.32 52.15
59.32 52.15
63.32 52.15
66.32 52.15
59.32 52.15
63.32 52.15
61.32 52.15
66.32 52.15
70.32 52.15
63.32 52.15
64.32 52.15
68.32 52.15
64.32 52.15
70.32 52.15
68.32 52.15
66.32 52.15
68.32 50.05
64.32 50.05
64.32 50.05
69.32 50.05
67.32 50.05
65.32 50.05
71.32 50.05
67.32 50.05
71.32 50.05
66.32 50.05
64.32 50.05
71.32 50.05
66.32 50.05
66.32 50.05
72.32 50.05
69.32 50.05
63.32 50.05
68.32 50.05
64.32 50.05
70.32 50.05
68.32 50.05
64.32 50.05
66.32 50.05
68.32 50.05
66.32 50.05
70.32 50.05
67.32 50.05
64.32 50.05
75.32 50.05
66.32 50.05
69.32 50.05
65.32 50.05
69.32 50.05
67.32 50.05
66.32 50.05
64.32 50.05
66.32 50.05
72.32 50.05
72.32 50.05
67.32 50.05
67.32 50.05
64.32 50.05
68.32 50.05
59.32 50.05
66.32 50.05
65.32 50.05
66.32 50.05
70.32 50.05
66.32 50.05
70.32 50.05
69.32 47.82
71.32 47.82
68.32 47.82
71.32 47.82
66.32 47.82
67.32 47.82
68.32 47.82
65.32 47.82
66.32 47.82
69.32 47.82
60.32 47.82
70.32 47.82
69.32 47.82
75.32 47.82
68.32 47.82
66.32 47.82
66.32 47.82
65.32 47.82
69.32 47.82
65.32 47.82
65.32 47.82
66.32 47.82
70.32 47.82
64.32 47.82
66.32 47.82
68.32 47.82
64.32 47.82
66.32 47.82
69.32 47.82
66.32 47.82
64.32 47.82
64.32 47.82
60.32 47.82
65.32 47.82
68.32 47.82
66.32 47.82
65.32 47.82
67.32 47.82
64.32 47.82
62.32 47.82
63.32 47.82
67.32 47.82
67.32 47.82
58.32 47.82
57.32 47.82
66.32 47.82
61.32 47.82
64.32 47.82
59.32 47.82
62.32 47.82
59.32 47.82
62.32 47.82
57.32 47.82
59.32 47.82
61.32 47.82
59.32 47.82
60.32 47.82
63.32 47.82
63.32 47.82
58.32 47.82
58.32 47.82
60.32 47.82
63.32 47.82
57.32 47.82
58.32 47.82
54.32 47.82
61.32 47.82
60.32 47.82
58.32 47.82
60.32 47.82
55.32 47.82
60.32 47.82
54.32 47.82
59.32 47.82
60.32 47.82
57.32 47.82
60.32 47.82
58.32 47.82
56.32 47.82
49.32 47.82
54.32 47.82
57.32 47.82
56.32 47.82
57.32 47.82
54.32 47.82
58.32 47.82
52.32 47.82
54.32 47.82
51.32 47.82
48.32 47.82
54.32 47.82
58.32 47.82
54.32 47.82
57.32 47.82
56.32 47.82
51.32 47.82
57.32 47.82
53.32 47.82
50.32 47.82
57.32 47.82
51.32 50.69
54.32 50.69
46.32 50.69
51.32 50.69
52.32 50.69
51.32 50.69
49.32 50.69
54.32 50.69
48.32 50.69
49.32 50.69
46.32 50.69
50.32 50.69
52.32 50.69
46.32 50.69
48.32 50.69
50.32 50.69
51.32 50.69
45.32 50.69
53.32 50.69
49.32 50.69
48.32 50.69
53.32 50.69
46.32 50.69
48.32 50.69
46.32 50.69
47.32 50.69
48.32 50.69
51.32 50.69
44.32 50.69
51.32 50.69
54.32 50.69
52.32 50.69
56.32 50.69
50.32 50.69
49.32 50.69
48.32 50.69
46.32 50.69
45.32 50.69
50.32 50.69
49.32 50.69
49.32 50.69
52.32 50.69
51.32 50.69
48.32 50.69
49.32 50.69
51.32 50.69
58.32 50.69
47.32 50.69
53.32 50.69
49.32 50.69
50.32 49.99
52.32 49.99
54.32 49.99
46.32 49.99
49.32 49.99
49.32 49.99
52.32 49.99
47.32 49.99
46.32 49.99
56.32 49.99
51.32 49.99
51.32 49.99
49.32 49.99
48.32 49.99
50.32 49.99
51.32 49.99
54.32 49.99
50.32 49.99
46.32 49.99
53.32 49.99
49.32 49.99
52.32 49.99
47.32 49.99
51.32 49.99
49.32 49.99
54.32 49.99
56.32 49.99
52.32 49.99
54.32 49.99
52.32 49.99
50.32 49.99
57.32 49.99
52.32 49.99
52.32 49.99
48.32 49.99
51.32 49.99
56.32 49.99
50.32 49.99
58.32 49.99
51.32 49.99
49.32 49.99
52.32 49.99
52.32 49.99
53.32 49.99
53.32 49.99
57.32 49.99
53.32 49.99
49.32 49.99
55.32 49.99
51.32 49.99
52.32 51.35
51.32 51.35
55.32 51.35
50.32 51.35
48.32 51.35
50.32 51.35
52.32 51.35
54.32 51.35
52.32 51.35
53.32 51.35
52.32 51.35
53.32 51.35
51.32 51.35
57.32 51.35
55.32 51.35
49.32 51.35
59.32 51.35
52.32 51.35
49.32 51.35
52.32 51.35
55.32 51.35
53.32 51.35
52.32 51.35
54.32 51.35
53.32 51.35
57.32 51.35
54.32 51.35
51.32 51.35
52.32 51.35
57.32 51.35
57.32 51.35
57.32 51.35
49.32 51.35
51.32 51.35
53.32 51.35
53.32 51.35
55.32 51.35
53.32 51.35
51.32 51.35
55.32 51.35
59.32 51.35
59.32 51.35
54.32 51.35
55.32 51.35
53.32 51.35
56.32 51.35
58.32 51.35
56.32 51.35
56.32 51.35
55.32 51.35
59.32 47.06
64.32 47.06
61.32 47.06
55.32 47.06
58.32 47.06
57.32 47.06
53.32 47.06
55.32 47.06
55.32 47.06
62.32 47.06
55.32 47.06
53.32 47.06
58.32 47.06
62.32 47.06
58.32 47.06
61.32 47.06
59.32 47.06
55.32 47.06
59.32 47.06
58.32 47.06
56.32 47.06
58.32 47.06
55.32 47.06
54.32 47.06
54.32 47.06
54.32 47.06
55.32 47.06
57.32 47.06
54.32 47.06
56.32 47.06
60.32 47.06
55.32 47.06
52.32 47.06
56.32 47.06
53.32 47.06
55.32 47.06
56.32 47.06
53.32 47.06
52.32 47.06
57.32 47.06
50.32 47.06
50.32 47.06
49.32 47.06
55.32 47.06
52.32 47.06
55.32 47.06
55.32 47.06
54.32 47.06
52.32 47.06
51.32 47.06
50.32 47.06
53.32 47.06
52.32 47.06
49.32 47.06
57.32 47.06
52.32 47.06
52.32 47.06
46.32 47.06
53.32 47.06
51.32 47.06
50.32 47.06
47.32 47.06
47.32 47.06
53.32 47.06
46.32 47.06
53.32 47.06
51.32 47.06
43.32 47.06
46.32 47.06
48.32 47.06
46.32 47.06
47.32 47.06
46.32 47.06
46.32 47.06
46.32 47.06
44.32 47.06
46.32 47.06
46.32 47.06
43.32 47.06
44.32 47.06
46.32 47.06
43.32 47.06
44.32 47.06
40.32 47.06
40.32 47.06
43.32 47.06
40.32 47.06
46.32 47.06
39.32 47.06
39.32 47.06
37.32 47.06
42.32 47.06
40.32 47.06
39.32 47.06
38.32 47.06
38.32 47.06
40.32 47.06
39.32 47.06
34.32 47.06
37.32 47.06
35.32 46.04
36.32 46.04
37.32 46.04
36.32 46.04
35.32 46.04
40.32 46.04
35.32 46.04
34.32 46.04
37.32 46.04
37.32 46.04
35.32 46.04
37.32 46.04
37.32 46.04
35.32 46.04
33.32 46.04
36.32 46.04
33.32 46.04
34.32 46.04
31.32 46.04
32.32 46.04
27.32 46.04
33.32 46.04
29.32 46.04
33.32 46.04
29.32 46.04
34.32 46.04
36.32 46.04
30.32 46.04
29.32 46.04
33.32 46.04
28.32 46.04
31.32 46.04
32.32 46.04
27.32 46.04
26.32 46.04
27.32 46.04
27.32 46.04
27.32 46.04
29.32 46.04
27.32 46.04
30.32 46.04
27.32 46.04
27.32 46.04
25.32 46.04
27.32 46.04
23.32 46.04
30.32 46.04
28.32 46.04
25.32 46.04
26.32 46.04
27.32 51.70
24.32 51.70
23.32 51.70
21.32 51.70
26.32 51.70
29.32 51.70
22.32 51.70
31.32 51.70
27.32 51.70
24.32 51.70
27.32 51.70
27.32 51.70
25.32 51.70
25.32 51.70
23.32 51.70
21.32 51.70
25.32 51.70
19.32 51.70
25.32 51.70
24.32 51.70
26.32 51.70
29.32 51.70
20.32 51.70
23.32 51.70
28.32 51.70
27.32 51.70
25.32 51.70
21.32 51.70
25.32 51.70
25.32 51.70
26.32 51.70
30.32 51.70
25.32 51.70
28.32 51.70
27.32 51.70
29.32 51.70
24.32 51.70
27.32 51.70
25.32 51.70
28.32 51.70
28.32 51.70
28.32 51.70
28.32 51.70
26.32 51.70
21.32 51.70
25.32 51.70
23.32 51.70
28.32 51.70
28.32 51.70
28.32 51.70
27.32 51.70
27.32 51.70
30.32 51.70
24.32 51.70
27.32 51.70
29.32 51.70
25.32 51.70
31.32 51.70
27.32 51.70
25.32 51.70
23.32 51.70
32.32 51.70
25.32 51.70
30.32 51.70
26.32 51.70
32.32 51.70
36.32 51.70
36.32 51.70
37.32 51.70
31.32 51.70
29.32 51.70
30.32 51.70
32.32 51.70
35.32 51.70
34.32 51.70
33.32 51.70
38.32 51.70
38.32 51.70
31.32 51.70
35.32 51.70
33.32 51.70
33.32 51.70
36.32 51.70
35.32 51.70
34.32 51.70
33.32 51.70
40.32 51.70
37.32 51.70
35.32 51.70
37.32 51.70
34.32 51.70
34.32 51.70
39.32 51.70
39.32 51.70
36.32 51.70
34.32 51.70
40.32 51.70
36.32 51.70
37.32 51.70
39.32 51.70
36.32 46.13
40.32 46.13
38.32 46.13
42.32 46.13
40.32 46.13
38.32 46.13
42.32 46.13
45.32 46.13
40.32 46.13
45.32 46.13
36.32 46.13
41.32 46.13
37.32 46.13
43.32 46.13
34.32 46.13
44.32 46.13
44.32 46.13
40.32 46.13
38.32 46.13
47.32 46.13
43.32 46.13
42.32 46.13
40.32 46.13
36.32 46.13
44.32 46.13
41.32 46.13
41.32 46.13
39.32 46.13
33.32 46.13
36.32 46.13
36.32 46.13
34.32 46.13
37.32 46.13
36.32 46.13
34.32 46.13
29.32 46.13
33.32 46.13
36.32 46.13
37.32 46.13
36.32 46.13
36.32 46.13
32.32 46.13
34.32 46.13
35.32 46.13
36.32 46.13
35.32 46.13
37.32 46.13
35.32 46.13
31.32 46.13
32.32 46.13
31.32 46.13
27.32 46.13
35.32 46.13
33.32 46.13
29.32 46.13
33.32 46.13
28.32 46.13
28.32 46.13
30.32 46.13
30.32 46.13
26.32 46.13
31.32 46.13
27.32 46.13
33.32 46.13
33.32 46.13
37.32 46.13
33.32 46.13
32.32 46.13
29.32 46.13
33.32 46.13
29.32 46.13
29.32 46.13
31.32 46.13
29.32 46.13
29.32 46.13
29.32 46.13
29.32 46.13
24.32 46.13
27.32 46.13
27.32 46.13
27.32 46.13
24.32 46.13
25.32 46.13
27.32 46.13
27.32 46.13
27.32 46.13
29.32 46.13
31.32 46.13
33.32 46.13
26.32 46.13
24.32 46.13
23.32 46.13
23.32 46.13
26.32 46.13
21.32 46.13
19.32 46.13
27.32 46.13
20.32 46.13
24.32 46.13
22.32 46.13
26.32 48.17
27.32 48.17
19.32 48.17
25.32 48.17
23.32 48.17
21.32 48.17
23.32 48.17
20.32 48.17
21.32 48.17
23.32 48.17
19.32 48.17
19.32 48.17
21.32 48.17
19.32 48.17
24.32 48.17
17.32 48.17
19.32 48.17
18.32 48.17
16.32 48.17
16.32 48.17
9.32 48.17
14.32 48.17
16.32 48.17
14.32 48.17
16.32 48.17
20.32 48.17
14.32 48.17
15.32 48.17
17.32 48.17
8.32 48.17
16.32 48.17
15.32 48.17
12.32 48.17
12.32 48.17
13.32 48.17
11.32 48.17
7.32 48.17
13.32 48.17
14.32 48.17
10.32 48.17
14.32 48.17
10.32 48.17
14.32 48.17
8.32 48.17
9.32 48.17
12.32 48.17
6.32 48.17
7.32 48.17
7.32 48.17
9.32 48.17
11.32 53.45
9.32 53.45
9.32 53.45
8.32 53.45
8.32 53.45
8.32 53.45
8.32 53.45
8.32 53.45
9.32 53.45
5.32 53.45
8.32 53.45
7.32 53.45
9.32 53.45
9.32 53.45
11.32 53.45
16.32 53.45
9.32 53.45
10.32 53.45
11.32 53.45
12.32 53.45
11.32 53.45
6.32 53.45
15.32 53.45
16.32 53.45
14.32 53.45
15.32 53.45
8.32 53.45
8.32 53.45
10.32 53.45
12.32 53.45
13.32 53.45
13.32 53.45
14.32 53.45
14.32 53.45
10.32 53.45
16.32 53.45
8.32 53.45
17.32 53.45
13.32 53.45
15.32 53.45
17.32 53.45
14.32 53.45
18.32 53.45
16.32 53.45
13.32 53.45
18.32 53.45
12.32 53.45
20.32 53.45
16.32 53.45
14.32 53.45
25.32 53.45
15.32 53.45
22.32 53.45
20.32 53.45
13.32 53.45
15.32 53.45
15.32 53.45
19.32 53.45
20.32 53.45
20.32 53.45
20.32 53.45
20.32 53.45
23.32 53.45
26.32 53.45
28.32 53.45
23.32 53.45
21.32 53.45
30.32 53.45
28.32 53.45
22.32 53.45
27.32 53.45
32.32 53.45
25.32 53.45
22.32 53.45
30.32 53.45
27.32 53.45
31.32 53.45
26.32 53.45
30.32 53.45
31.32 53.45
29.32 53.45
27.32 53.45
27.32 53.45
32.32 53.45
30.32 53.45
31.32 53.45
31.32 53.45
26.32 53.45
28.32 53.45
25.32 53.45
31.32 53.45
37.32 53.45
30.32 53.45
37.32 53.45
35.32 53.45
34.32 53.45
33.32 53.45
33.32 53.45
38.32 53.45
36.32 53.45
41.32 46.73
34.32 46.73
35.32 46.73
41.32 46.73
36.32 46.73
35.32 46.73
38.32 46.73
38.32 46.73
38.32 46.73
39.32 46.73
38.32 46.73
39.32 46.73
36.32 46.73
46.32 46.73
43.32 46.73
37.32 46.73
35.32 46.73
34.32 46.73
36.32 46.73
37.32 46.73
41.32 46.73
41.32 46.73
39.32 46.73
38.32 46.73
39.32 46.73
41.32 46.73
34.32 46.73
38.32 46.73
35.32 46.73
40.32 46.73
42.32 46.73
35.32 46.73
35.32 46.73
39.32 46.73
39.32 46.73
33.32 46.73
37.32 46.73
39.32 46.73
36.32 46.73
34.32 46.73
34.32 46.73
31.32 46.73
32.32 46.73
36.32 46.73
32.32 46.73
32.32 46.73
39.32 46.73
33.32 46.73
31.32 46.73
38.32 46.73
32.32 47.20
38.32 47.20
33.32 47.20
35.32 47.20
31.32 47.20
34.32 47.20
34.32 47.20
33.32 47.20
32.32 47.20
32.32 47.20
35.32 47.20
37.32 47.20
33.32 47.20
31.32 47.20
33.32 47.20
30.32 47.20
32.32 47.20
31.32 47.20
30.32 47.20
36.32 47.20
30.32 47.20
31.32 47.20
31.32 47.20
29.32 47.20
28.32 47.20
31.32 47.20
31.32 47.20
35.32 47.20
29.32 47.20
28.32 47.20
29.32 47.20
28.32 47.20
29.32 47.20
35.32 47.20
31.32 47.20
25.32 47.20
29.32 47.20
28.32 47.20
26.32 47.20
32.32 47.20
24.32 47.20
33.32 47.20
33.32 47.20
28.32 47.20
28.32 47.20
31.32 47.20
28.32 47.20
29.32 47.20
27.32 47.20
31.32 47.20
30.32 47.20
32.32 47.20
26.32 47.20
25.32 47.20
28.32 47.20
31.32 47.20
26.32 47.20
26.32 47.20
29.32 47.20
29.32 47.20
29.32 47.20
27.32 47.20
28.32 47.20
27.32 47.20
33.32 47.20
21.32 47.20
30.32 47.20
28.32 47.20
28.32 47.20
25.32 47.20
21.32 47.20
25.32 47.20
28.32 47.20
27.32 47.20
26.32 47.20
25.32 47.20
24.32 47.20
25.32 47.20
25.32 47.20
21.32 47.20
20.32 47.20
27.32 47.20
24.32 47.20
23.32 47.20
22.32 47.20
25.32 47.20
22.32 47.20
21.32 47.20
28.32 47.20
22.32 47.20
27.32 47.20
23.32 47.20
21.32 47.20
26.32 47.20
25.32 47.20
23.32 47.20
22.32 47.20
18.32 47.20
16.32 47.20
19.32 47.20
24.32 47.20
21.32 47.20
20.32 47.20
19.32 47.20
20.32 47.20
22.32 47.20
21.32 47.20
20.32 47.20
20.32 47.20
17.32 47.20
16.32 47.20
22.32 47.20
15.32 47.20
24.32 47.20
22.32 47.20
23.32 47.20
18.32 47.20
18.32 47.20
22.32 47.20
18.32 47.20
15.32 47.20
21.32 47.20
16.32 47.20
16.32 47.20
13.32 47.20
20.32 47.20
16.32 47.20
11.32 47.20
14.32 47.20
17.32 47.20
11.32 47.20
14.32 47.20
9.32 47.20
13.32 47.20
14.32 47.20
10.32 47.20
12.32 47.20
10.32 47.20
8.32 47.20
4.32 47.20
12.32 47.20
6.32 47.20
6.32 47.20
11.32 47.20
7.32 47.20
6.32 47.20
5.32 47.20
5.32 47.20
2.32 47.20
10.32 47.20
8.32 53.77
5.32 53.77
6.32 53.77
0.00 53.77
4.32 53.77
5.32 53.77
5.32 53.77
7.32 53.77
8.32 53.77
5.32 53.77
6.32 53.77
2.32 53.77
7.32 53.77
6.32 53.77
7.32 53.77
8.32 53.77
10.32 53.77
6.32 53.77
9.32 53.77
9.32 53.77
9.32 53.77
7.32 53.77
8.32 53.77
12.32 53.77
16.32 53.77
6.32 53.77
11.32 53.77
10.32 53.77
12.32 53.77
9.32 53.77
10.32 53.77
13.32 53.77
9.32 53.77
12.32 53.77
6.32 53.77
13.32 53.77
8.32 53.77
10.32 53.77
16.32 53.77
10.32 53.77
15.32 53.77
16.32 53.77
11.32 53.77
14.32 53.77
16.32 53.77
13.32 53.77
16.32 53.77
9.32 53.77
14.32 53.77
10.32 53.77
13.32 53.77
14.32 53.77
19.32 53.77
12.32 53.77
18.32 53.77
21.32 53.77
14.32 53.77
18.32 53.77
22.32 53.77
14.32 53.77
19.32 53.77
11.32 53.77
21.32 53.77
22.32 53.77
24.32 53.77
25.32 53.77
21.32 53.77
26.32 53.77
25.32 53.77
23.32 53.77
20.32 53.77
27.32 53.77
26.32 53.77
28.32 53.77
21.32 53.77
29.32 53.77
30.32 53.77
27.32 53.77
28.32 53.77
29.32 53.77
27.32 53.77
39.32 53.77
31.32 53.77
27.32 53.77
34.32 53.77
28.32 53.77
30.32 53.77
30.32 53.77
35.32 53.77
36.32 53.77
32.32 53.77
34.32 53.77
39.32 53.77
38.32 53.77
34.32 53.77
35.32 53.77
38.32 53.77
36.32 53.77
40.32 53.77
39.32 53.77
37.32 53.77
38.32 53.77
42.32 53.77
42.32 53.77
38.32 53.77
38.32 53.77
38.32 53.77
40.32 53.77
46.32 53.77
38.32 53.77
46.32 53.77
46.32 53.77
43.32 53.77
42.32 53.77
41.32 53.77
42.32 53.77
43.32 53.77
42.32 53.77
44.32 53.77
53.32 53.77
43.32 53.77
41.32 53.77
48.32 53.77
48.32 53.77
46.32 53.77
48.32 53.77
44.32 53.77
43.32 53.77
53.32 53.77
46.32 53.77
45.32 53.77
49.32 53.77
53.32 53.77
49.32 53.77
49.32 53.77
50.32 53.77
45.32 53.77
52.32 53.77
0.00 53.77
44.32 53.77
55.32 53.77
50.32 53.77
50.32 53.77
50.32 53.77
47.32 53.77
55.32 53.77
53.32 53.77
51.32 53.77
50.32 53.77
52.32 53.77
52.32 54.81
49.32 54.81
55.32 54.81
53.32 54.81
57.32 54.81
52.32 54.81
56.32 54.81
60.32 54.81
56.32 54.81
56.32 54.81
59.32 54.81
56.32 54.81
55.32 54.81
62.32 54.81
59.32 54.81
57.32 54.81
60.32 54.81
55.32 54.81
58.32 54.81
64.32 54.81
63.32 54.81
64.32 54.81
60.32 54.81
58.32 54.81
63.32 54.81
59.32 54.81
66.32 54.81
66.32 54.81
60.32 54.81
68.32 54.81
63.32 54.81
64.32 54.81
68.32 54.81
66.32 54.81
68.32 54.81
71.32 54.81
66.32 54.81
70.32 54.81
69.32 54.81
72.32 54.81
72.32 54.81
69.32 54.81
72.32 54.81
72.32 54.81
72.32 54.81
71.32 54.81
68.32 54.81
71.32 54.81
73.32 54.81
69.32 54.81
74.32 54.81
72.32 54.81
74.32 54.81
72.32 54.81
75.32 54.81
72.32 54.81
71.32 54.81
75.32 54.81
75.32 54.81
74.32 54.81
70.32 54.81
80.32 54.81
75.32 54.81
75.32 54.81
78.32 54.81
80.32 54.81
79.32 54.81
80.32 54.81
81.32 54.81
78.32 54.81
80.32 54.81
78.32 54.81
78.32 54.81
81.32 54.81
79.32 54.81
82.32 54.81
82.32 54.81
85.32 54.81
75.32 54.81
77.32 54.81
80.32 54.81
79.32 54.81
83.32 54.81
84.32 54.81
82.32 54.81
78.32 54.81
89.32 54.81
84.32 54.81
83.32 54.81
87.32 54.81
82.32 54.81
83.32 54.81
88.32 54.81
82.32 54.81
88.32 54.81
84.32 54.81
88.32 54.81
88.32 54.81
83.32 54.81
90.32 54.81
90.32 54.81
85.32 54.81
91.32 54.81
91.32 54.81
86.32 54.81
94.32 54.81
93.32 54.81
85.32 54.81
88.32 54.81
87.32 54.81
90.32 54.81
86.32 54.81
94.32 54.81
91.32 54.81
95.32 54.81
95.32 54.81
93.32 54.81
93.32 54.81
87.32 54.81
98.32 54.81
96.32 54.81
96.32 54.81
89.32 54.81
96.32 54.81
100.32 54.81
95.32 54.81
96.32 54.81
100.32 54.81
99.32 54.81
97.32 54.81
96.32 54.81
103.32 54.81
95.32 54.81
97.32 54.81
106.32 54.81
100.32 54.81
102.32 54.81
104.32 54.81
102.32 54.81
107.32 54.81
102.32 54.81
103.32 54.81
106.32 54.81
104.32 54.81
108.32 54.81
104.32 54.81
109.32 54.81
103.32 54.81
103.32 54.81
106.32 54.81
108.32 54.81
106.32 54.81
103.32 54.81
108.32 54.81
105.32 54.81
106.32 54.81
107.32 54.81
110.32 54.81
107.32 54.81
110.32 54.81
106.32 54.81
103.32 54.81
107.32 54.81
116.32 54.81
110.32 54.81
110.32 54.81
111.32 54.81
112.32 54.81
107.32 54.81
112.32 54.81
113.32 54.81
110.32 54.81
109.32 54.81
106.32 54.81
119.32 54.81
105.32 54.81
110.32 54.81
107.32 54.81
117.32 54.81
107.32 54.81
112.32 54.81
116.32 54.81
115.32 54.81
112.32 54.81
114.32 54.81
111.32 54.81
108.32 54.81
114.32 54.81
116.32 54.81
117.32 54.81
108.32 54.81
112.32 54.81
121.32 54.81
112.32 54.81
111.32 54.81
114.32 54.81
115.32 54.81
116.32 54.81
115.32 54.81
118.32 54.81
109.32 53.06
111.32 53.06
115.32 53.06
110.32 53.06
112.32 53.06
116.32 53.06
110.32 53.06
119.32 53.06
109.32 53.06
112.32 53.06
113.32 53.06
120.32 53.06
114.32 53.06
112.32 53.06
113.32 53.06
120.32 53.06
111.32 53.06
114.32 53.06
117.32 53.06
110.32 53.06
111.32 53.06
114.32 53.06
115.32 53.06
108.32 53.06
115.32 53.06
113.32 53.06
112.32 53.06
108.32 53.06
114.32 53.06
112.32 53.06
119.32 53.06
114.32 53.06
117.32 53.06
114.32 53.06
108.32 53.06
113.32 53.06
111.32 53.06
113.32 53.06
110.32 53.06
108.32 53.06
115.32 53.06
114.32 53.06
114.32 53.06
115.32 53.06
109.32 53.06
118.32 53.06
116.32 53.06
107.32 53.06
115.32 53.06
119.32 53.06
113.32 48.95
123.32 48.95
111.32 48.95
116.32 48.95
114.32 48.95
114.32 48.95
111.32 48.95
111.32 48.95
108.32 48.95
115.32 48.95
112.32 48.95
115.32 48.95
119.32 48.95
111.32 48.95
112.32 48.95
112.32 48.95
116.32 48.95
114.32 48.95
109.32 48.95
108.32 48.95
111.32 48.95
112.32 48.95
113.32 48.95
110.32 48.95
116.32 48.95
113.32 48.95
114.32 48.95
108.32 48.95
111.32 48.95
113.32 48.95
114.32 48.95
113.32 48.95
114.32 48.95
108.32 48.95
111.32 48.95
117.32 48.95
107.32 48.95
109.32 48.95
111.32 48.95
114.32 48.95
119.32 48.95
116.32 48.95
116.32 48.95
109.32 48.95
114.32 48.95
113.32 48.95
115.32 48.95
112.32 48.95
110.32 48.95
119.32 48.95
111.32 51.95
114.32 51.95
117.32 51.95
118.32 51.95
113.32 51.95
105.32 51.95
111.32 51.95
112.32 51.95
113.32 51.95
115.32 51.95
110.32 51.95
113.32 51.95
119.32 51.95
116.32 51.95
113.32 51.95
110.32 51.95
111.32 51.95
115.32 51.95
112.32 51.95
117.32 51.95
116.32 51.95
105.32 51.95
116.32 51.95
118.32 51.95
115.32 51.95
110.32 51.95
117.32 51.95
118.32 51.95
110.32 51.95
115.32 51.95
113.32 51.95
117.32 51.95
113.32 51.95
111.32 51.95
109.32 51.95
117.32 51.95
118.32 51.95
113.32 51.95
113.32 51.95
114.32 51.95
114.32 51.95
112.32 51.95
113.32 51.95
112.32 51.95
120.32 51.95
118.32 51.95
110.32 51.95
113.32 51.95
112.32 51.95
104.32 51.95
112.32 51.95
118.32 51.95
114.32 51.95
109.32 51.95
115.32 51.95
115.32 51.95
115.32 51.95
110.32 51.95
114.32 51.95
113.32 51.95
110.32 51.95
110.32 51.95
112.32 51.95
115.32 51.95
112.32 51.95
117.32 51.95
115.32 51.95
118.32 51.95
113.32 51.95
114.32 51.95
114.32 51.95
112.32 51.95
108.32 51.95
118.32 51.95
109.32 51.95
120.32 51.95
108.32 51.95
111.32 51.95
115.32 51.95
112.32 51.95
111.32 51.95
112.32 51.95
112.32 51.95
113.32 51.95
108.32 51.95
115.32 51.95
110.32 51.95
111.32 51.95
115.32 51.95
112.32 51.95
118.32 51.95
113.32 51.95
117.32 51.95
115.32 51.95
108.32 51.95
112.32 51.95
114.32 51.95
112.32 51.95
116.32 51.95
111.32 51.95
114.32 51.95
112.32 51.95
113.32 51.95
109.32 51.95
114.32 51.95
116.32 51.95
115.32 51.95
112.32 51.95
113.32 51.95
120.32 51.95
109.32 51.95
113.32 51.95
111.32 51.95
111.32 51.95
111.32 51.95
112.32 51.95
115.32 51.95
116.32 51.95
109.32 51.95
106.32 51.95
114.32 51.95
114.32 51.95
108.32 51.95
109.32 51.95
117.32 51.95
119.32 51.95
111.32 51.95
109.32 51.95
112.32 51.95
113.32 51.95
115.32 51.95
111.32 51.95
112.32 51.95
111.32 51.95
112.32 51.95
109.32 51.95
111.32 51.95
110.32 51.95
110.32 51.95
111.32 51.95
115.32 51.95
113.32 51.95
109.32 51.95
111.32 51.95
116.32 51.95
114.32 51.95
109.32 51.95
114.32 51.95
118.32 51.95
116.32 51.95
114.32 51.95
113.32 51.95
111.32 51.95
116.32 51.95
109.32 51.95
116.32 51.95
115.32 51.95
113.32 51.95
111.32 51.95
120.32 51.95
115.32 51.95
114.32 51.95
112.32 51.95
111.32 51.95
115.32 51.95
111.32 51.95
113.32 51.95
113.32 51.95
111.32 51.95
106.32 51.95
118.32 51.95
111.32 51.95
114.32 51.95
110.32 51.95
114.32 51.95
116.32 51.95
111.32 51.95
111.32 51.95
116.32 51.95
113.32 51.95
113.32 51.95
109.32 51.95
116.32 51.95
115.32 51.95
114.32 51.95
114.32 51.95
114.32 51.95
115.32 51.95
119.32 51.95
111.32 51.95
109.32 51.95
120.32 51.95
111.32 51.95
109.32 51.95
116.32 51.95
114.32 51.95
111.32 51.95
110.32 51.95
110.32 51.95
112.32 51.95
109.32 51.95
108.32 51.95
114.32 51.95
115.32 51.95
116.32 51.95
114.32 51.95
116.32 51.95
117.32 51.95
108.32 51.95
108.32 51.95
114.32 51.95
108.32 51.95
114.32 51.95
109.32 51.95
112.32 51.95
111.32 51.95
109.32 51.95
108.32 51.95
114.32 51.95
115.32 51.95
110.32 51.95
107.32 51.95
114.32 51.95
113.32 51.95
116.32 51.95
108.32 51.95
114.32 51.95
117.32 51.95
111.32 51.95
111.32 51.95
112.32 51.95
111.32 51.95
118.32 51.95
113.32 51.95
115.32 51.95
117.32 51.95
117.32 51.95
113.32 51.95
110.32 51.95
115.32 51.95
110.32 51.95
113.32 51.95
115.32 51.95
113.32 51.95
112.32 51.95
112.32 51.95
114.32 51.95
114.32 51.95
109.32 51.95
112.32 51.95
114.32 49.41
111.32 49.41
115.32 49.41
113.32 49.41
118.32 49.41
112.32 49.41
110.32 49.41
118.32 49.41
122.32 49.41
112.32 49.41
110.32 49.41
111.32 49.41
109.32 49.41
111.32 49.41
111.32 49.41
110.32 49.41
112.32 49.41
110.32 49.41
110.32 49.41
116.32 49.41
110.32 49.41
111.32 49.41
107.32 49.41
113.32 49.41
111.32 49.41
112.32 49.41
104.32 49.41
112.32 49.41
118.32 49.41
110.32 49.41
109.32 49.41
112.32 49.41
114.32 49.41
107.32 49.41
108.32 49.41
114.32 49.41
113.32 49.41
108.32 49.41
107.32 49.41
109.32 49.41
112.32 49.41
109.32 49.41
107.32 49.41
110.32 49.41
105.32 49.41
111.32 49.41
105.32 49.41
110.32 49.41
113.32 49.41
108.32 49.41
106.32 49.41
108.32 49.41
108.32 49.41
109.32 49.41
106.32 49.41
113.32 49.41
108.32 49.41
109.32 49.41
113.32 49.41
107.32 49.41
112.32 49.41
108.32 49.41
107.32 49.41
108.32 49.41
106.32 49.41
110.32 49.41
111.32 49.41
105.32 49.41
111.32 49.41
111.32 49.41
112.32 49.41
106.32 49.41
103.32 49.41
110.32 49.41
105.32 49.41
104.32 49.41
106.32 49.41
108.32 49.41
106.32 49.41
108.32 49.41
112.32 49.41
107.32 49.41
101.32 49.41
105.32 49.41
106.32 49.41
106.32 49.41
108.32 49.41
106.32 49.41
105.32 49.41
105.32 49.41
104.32 49.41
109.32 49.41
101.32 49.41
105.32 49.41
103.32 49.41
104.32 49.41
102.32 49.41
110.32 49.41
110.32 49.41
102.32 49.41
101.32 49.43
105.32 49.43
103.32 49.43
104.32 49.43
105.32 49.43
107.32 49.43
111.32 49.43
102.32 49.43
113.32 49.43
106.32 49.43
105.32 49.43
102.32 49.43
104.32 49.43
102.32 49.43
107.32 49.43
102.32 49.43
101.32 49.43
105.32 49.43
105.32 49.43
100.32 49.43
104.32 49.43
100.32 49.43
102.32 49.43
108.32 49.43
104.32 49.43
104.32 49.43
101.32 49.43
101.32 49.43
102.32 49.43
102.32 49.43
99.32 49.43
103.32 49.43
97.32 49.43
101.32 49.43
103.32 49.43
107.32 49.43
101.32 49.43
99.32 49.43
103.32 49.43
101.32 49.43
101.32 49.43
99.32 49.43
106.32 49.43
100.32 49.43
100.32 49.43
103.32 49.43
100.32 49.43
92.32 49.43
103.32 49.43
99.32 49.43
97.32 46.91
99.32 46.91
97.32 46.91
96.32 46.91
96.32 46.91
105.32 46.91
103.32 46.91
101.32 46.91
104.32 46.91
101.32 46.91
96.32 46.91
99.32 46.91
101.32 46.91
104.32 46.91
95.32 46.91
96.32 46.91
100.32 46.91
97.32 46.91
98.32 46.91
100.32 46.91
96.32 46.91
100.32 46.91
98.32 46.91
98.32 46.91
94.32 46.91
92.32 46.91
92.32 46.91
95.32 46.91
92.32 46.91
96.32 46.91
93.32 46.91
90.32 46.91
93.32 46.91
89.32 46.91
94.32 46.91
93.32 46.91
91.32 46.91
95.32 46.91
90.32 46.91
90.32 46.91
95.32 46.91
92.32 46.91
92.32 46.91
91.32 46.91
92.32 46.91
94.32 46.91
88.32 46.91
87.32 46.91
86.32 46.91
84.32 46.91
88.32 52.18
88.32 52.18
84.32 52.18
82.32 52.18
83.32 52.18
85.32 52.18
87.32 52.18
83.32 52.18
85.32 52.18
82.32 52.18
89.32 52.18
82.32 52.18
81.32 52.18
83.32 52.18
89.32 52.18
78.32 52.18
80.32 52.18
88.32 52.18
88.32 52.18
88.32 52.18
87.32 52.18
86.32 52.18
82.32 52.18
77.32 52.18
80.32 52.18
86.32 52.18
84.32 52.18
84.32 52.18
84.32 52.18
83.32 52.18
84.32 52.18
81.32 52.18
85.32 52.18
81.32 52.18
81.32 52.18
79.32 52.18
85.32 52.18
81.32 52.18
90.32 52.18
80.32 52.18
81.32 52.18
83.32 52.18
86.32 52.18
85.32 52.18
83.32 52.18
83.32 52.18
79.32 52.18
83.32 52.18
83.32 52.18
84.32 52.18
81.32 51.33
86.32 51.33
78.32 51.33
84.32 51.33
81.32 51.33
85.32 51.33
83.32 51.33
85.32 51.33
82.32 51.33
80.32 51.33
84.32 51.33
83.32 51.33
85.32 51.33
82.32 51.33
84.32 51.33
82.32 51.33
86.32 51.33
89.32 51.33
86.32 51.33
84.32 51.33
88.32 51.33
82.32 51.33
84.32 51.33
84.32 51.33
84.32 51.33
85.32 51.33
86.32 51.33
83.32 51.33
85.32 51.33
89.32 51.33
87.32 51.33
80.32 51.33
84.32 51.33
86.32 51.33
84.32 51.33
83.32 51.33
83.32 51.33
87.32 51.33
93.32 51.33
84.32 51.33
86.32 51.33
92.32 51.33
87.32 51.33
85.32 51.33
87.32 51.33
89.32 51.33
89.32 51.33
85.32 51.33
87.32 51.33
85.32 51.33
90.32 53.31
90.32 53.31
87.32 53.31
87.32 53.31
90.32 53.31
85.32 53.31
83.32 53.31
84.32 53.31
89.32 53.31
88.32 53.31
89.32 53.31
84.32 53.31
91.32 53.31
93.32 53.31
89.32 53.31
83.32 53.31
94.32 53.31
83.32 53.31
85.32 53.31
94.32 53.31
88.32 53.31
91.32 53.31
85.32 53.31
92.32 53.31
91.32 53.31
91.32 53.31
88.32 53.31
90.32 53.31
91.32 53.31
94.32 53.31
90.32 53.31
92.32 53.31
87.32 53.31
91.32 53.31
95.32 53.31
93.32 53.31
90.32 53.31
96.32 53.31
97.32 53.31
94.32 53.31
96.32 53.31
94.32 53.31
91.32 53.31
92.32 53.31
93.32 53.31
94.32 53.31
95.32 53.31
96.32 53.31
95.32 53.31
94.32 53.31
96.32 53.31
91.32 53.31
101.32 53.31
95.32 53.31
100.32 53.31
101.32 53.31
101.32 53.31
99.32 53.31
98.32 53.31
97.32 53.31
96.32 53.31
100.32 53.31
99.32 53.31
96.32 53.31
96.32 53.31
98.32 53.31
99.32 53.31
104.32 53.31
101.32 53.31
101.32 53.31
97.32 53.31
102.32 53.31
105.32 53.31
100.32 53.31
102.32 53.31
103.32 53.31
108.32 53.31
100.32 53.31
105.32 53.31
102.32 53.31
96.32 53.31
103.32 53.31
104.32 53.31
99.32 53.31
98.32 53.31
101.32 53.31
101.32 53.31
98.32 53.31
103.32 53.31
107.32 53.31
103.32 53.31
99.32 53.31
106.32 53.31
107.32 53.31
105.32 53.31
101.32 53.31
103.32 53.31
107.32 53.31
105.32 53.31
106.32 53.31
101.32 53.31
104.32 53.31
108.32 53.31
103.32 53.31
109.32 53.31
109.32 53.31
106.32 53.31
107.32 53.31
112.32 53.31
108.32 53.31
109.32 53.31
108.32 53.31
107.32 53.31
110.32 53.31
104.32 53.31
106.32 53.31
108.32 53.31
110.32 53.31
108.32 53.31
112.32 53.31
113.32 53.31
107.32 53.31
111.32 53.31
112.32 53.31
104.32 53.31
110.32 53.31
110.32 53.31
114.32 53.31
113.32 53.31
108.32 53.31
114.32 53.31
107.32 53.31
110.32 53.31
111.32 53.31
114.32 53.31
110.32 53.31
112.32 53.31
116.32 53.31
109.32 53.31
106.32 53.31
111.32 53.31
112.32 53.31
116.32 53.31
111.32 53.31
113.32 53.31
108.32 53.31
109.32 53.31
115.32 53.31
110.32 53.31
111.32 53.31
118.32 50.49
114.32 50.49
108.32 50.49
112.32 50.49
111.32 50.49
111.32 50.49
108.32 50.49
111.32 50.49
109.32 50.49
107.32 50.49
113.32 50.49
111.32 50.49
120.32 50.49
111.32 50.49
112.32 50.49
110.32 50.49
113.32 50.49
108.32 50.49
112.32 50.49
116.32 50.49
111.32 50.49
111.32 50.49
109.32 50.49
113.32 50.49
112.32 50.49
109.32 50.49
118.32 50.49
111.32 50.49
112.32 50.49
106.32 50.49
109.32 50.49
115.32 50.49
108.32 50.49
110.32 50.49
109.32 50.49
109.32 50.49
109.32 50.49
108.32 50.49
109.32 50.49
112.32 50.49
113.32 50.49
109.32 50.49
107.32 50.49
107.32 50.49
107.32 50.49
105.32 50.49
106.32 50.49
110.32 50.49
111.32 50.49
106.32 50.49
111.32 50.49
109.32 50.49
109.32 50.49
112.32 50.49
106.32 50.49
107.32 50.49
112.32 50.49
110.32 50.49
113.32 50.49
114.32 50.49
106.32 50.49
107.32 50.49
108.32 50.49
103.32 50.49
109.32 50.49
108.32 50.49
111.32 50.49
104.32 50.49
107.32 50.49
107.32 50.49
105.32 50.49
111.32 50.49
110.32 50.49
110.32 50.49
109.32 50.49
109.32 50.49
109.32 50.49
108.32 50.49
113.32 50.49
109.32 50.49
104.32 50.49
113.32 50.49
110.32 50.49
105.32 50.49
106.32 50.49
105.32 50.49
109.32 50.49
104.32 50.49
109.32 50.49
112.32 50.49
109.32 50.49
108.32 50.49
109.32 50.49
105.32 50.49
110.32 50.49
109.32 50.49
105.32 50.49
104.32 50.49
108.32 50.49
108.32 50.49
105.32 52.65
105.32 52.65
104.32 52.65
107.32 52.65
104.32 52.65
106.32 52.65
104.32 52.65
107.32 52.65
107.32 52.65
108.32 52.65
107.32 52.65
109.32 52.65
106.32 52.65
110.32 52.65
103.32 52.65
106.32 52.65
106.32 52.65
108.32 52.65
108.32 52.65
104.32 52.65
105.32 52.65
107.32 52.65
111.32 52.65
109.32 52.65
106.32 52.65
108.32 52.65
104.32 52.65
104.32 52.65
109.32 52.65
109.32 52.65
107.32 52.65
105.32 52.65
110.32 52.65
105.32 52.65
109.32 52.65
110.32 52.65
105.32 52.65
105.32 52.65
111.32 52.65
110.32 52.65
104.32 52.65
111.32 52.65
111.32 52.65
109.32 52.65
107.32 52.65
104.32 52.65
112.32 52.65
108.32 52.65
107.32 52.65
105.32 52.65
111.32 52.65
111.32 52.65
107.32 52.65
110.32 52.65
110.32 52.65
111.32 52.65
105.32 52.65
107.32 52.65
110.32 52.65
109.32 52.65
109.32 52.65
110.32 52.65
110.32 52.65
102.32 52.65
109.32 52.65
112.32 52.65
108.32 52.65
109.32 52.65
108.32 52.65
114.32 52.65
109.32 52.65
109.32 52.65
112.32 52.65
111.32 52.65
106.32 52.65
108.32 52.65
115.32 52.65
109.32 52.65
111.32 52.65
110.32 52.65
114.32 52.65
114.32 52.65
104.32 52.65
109.32 52.65
109.32 52.65
107.32 52.65
112.32 52.65
117.32 52.65
112.32 52.65
108.32 52.65
108.32 52.65
108.32 52.65
112.32 52.65
108.32 52.65
108.32 52.65
110.32 52.65
116.32 52.65
106.32 52.65
115.32 52.65
113.32 52.65
109.32 46.82
112.32 46.82
113.32 46.82
111.32 46.82
110.32 46.82
112.32 46.82
107.32 46.82
109.32 46.82
110.32 46.82
117.32 46.82
107.32 46.82
114.32 46.82
109.32 46.82
111.32 46.82
109.32 46.82
109.32 46.82
113.32 46.82
107.32 46.82
109.32 46.82
108.32 46.82
105.32 46.82
111.32 46.82
115.32 46.82
107.32 46.82
111.32 46.82
109.32 46.82
109.32 46.82
107.32 46.82
106.32 46.82
107.32 46.82
113.32 46.82
103.32 46.82
106.32 46.82
109.32 46.82
106.32 46.82
108.32 46.82
106.32 46.82
106.32 46.82
105.32 46.82
106.32 46.82
107.32 46.82
107.32 46.82
106.32 46.82
108.32 46.82
102.32 46.82
101.32 46.82
102.32 46.82
104.32 46.82
106.32 46.82
102.32 46.82
104.32 45.33
105.32 45.33
97.32 45.33
102.32 45.33
104.32 45.33
100.32 45.33
97.32 45.33
98.32 45.33
98.32 45.33
97.32 45.33
96.32 45.33
96.32 45.33
91.32 45.33
96.32 45.33
91.32 45.33
90.32 45.33
90.32 45.33
93.32 45.33
90.32 45.33
94.32 45.33
93.32 45.33
93.32 45.33
93.32 45.33
91.32 45.33
90.32 45.33
93.32 45.33
90.32 45.33
89.32 45.33
87.32 45.33
86.32 45.33
88.32 45.33
91.32 45.33
79.32 45.33
83.32 45.33
82.32 45.33
78.32 45.33
80.32 45.33
82.32 45.33
84.32 45.33
82.32 45.33
79.32 45.33
80.32 45.33
81.32 45.33
74.32 45.33
73.32 45.33
77.32 45.33
73.32 45.33
75.32 45.33
72.32 45.33
77.32 45.33
74.32 51.62
75.32 51.62
74.32 51.62
70.32 51.62
69.32 51.62
70.32 51.62
70.32 51.62
69.32 51.62
70.32 51.62
68.32 51.62
63.32 51.62
72.32 51.62
67.32 51.62
69.32 51.62
73.32 51.62
64.32 51.62
63.32 51.62
68.32 51.62
66.32 51.62
70.32 51.62
62.32 51.62
65.32 51.62
66.32 51.62
63.32 51.62
61.32 51.62
64.32 51.62
65.32 51.62
66.32 51.62
65.32 51.62
62.32 51.62
67.32 51.62
64.32 51.62
69.32 51.62
69.32 51.62
63.32 51.62
65.32 51.62
68.32 51.62
72.32 51.62
66.32 51.62
68.32 51.62
67.32 51.62
66.32 51.62
68.32 51.62
67.32 51.62
70.32 51.62
68.32 51.62
71.32 51.62
65.32 51.62
68.32 51.62
67.32 51.62
65.32 51.62
66.32 51.62
68.32 51.62
71.32 51.62
65.32 51.62
67.32 51.62
73.32 51.62
70.32 51.62
65.32 51.62
67.32 51.62
67.32 51.62
67.32 51.62
71.32 51.62
67.32 51.62
66.32 51.62
66.32 51.62
67.32 51.62
66.32 51.62
67.32 51.62
70.32 51.62
67.32 51.62
68.32 51.62
69.32 51.62
69.32 51.62
71.32 51.62
67.32 51.62
68.32 51.62
68.32 51.62
69.32 51.62
73.32 51.62
68.32 51.62
70.32 51.62
70.32 51.62
69.32 51.62
69.32 51.62
71.32 51.62
75.32 51.62
72.32 51.62
69.32 51.62
75.32 51.62
69.32 51.62
74.32 51.62
72.32 51.62
76.32 51.62
67.32 51.62
71.32 51.62
73.32 51.62
74.32 51.62
75.32 51.62
69.32 51.62
74.32 51.62
70.32 51.62
68.32 51.62
76.32 51.62
73.32 51.62
71.32 51.62
73.32 51.62
77.32 51.62
73.32 51.62
76.32 51.62
72.32 51.62
74.32 51.62
74.32 51.62
74.32 51.62
73.32 51.62
73.32 51.62
70.32 51.62
72.32 51.62
70.32 51.62
75.32 51.62
76.32 51.62
70.32 51.62
76.32 51.62
74.32 51.62
73.32 51.62
72.32 51.62
71.32 51.62
75.32 51.62
72.32 51.62
76.32 51.62
80.32 51.62
76.32 51.62
80.32 51.62
83.32 51.62
80.32 51.62
78.32 51.62
76.32 51.62
75.32 51.62
78.32 51.62
76.32 51.62
74.32 51.62
79.32 51.62
82.32 51.62
78.32 51.62
77.32 51.62
81.32 51.62
74.32 51.62
79.32 51.62
78.32 51.62
80.32 51.62