119.30 39.09
116.30 39.09
120.30 39.09
114.30 39.09
118.30 39.09
120.30 39.09
114.30 39.09
114.30 39.09
116.30 39.09
117.30 39.09
114.30 39.09
117.30 39.09
116.30 39.09
120.30 39.09
114.30 39.09
115.30 39.09
112.30 39.09
118.30 39.09
113.30 39.09
121.30 39.09
117.30 39.09
115.30 39.09
116.30 39.09
119.30 39.09
117.30 39.09
117.30 39.09
123.30 39.09
124.30 39.09
128.30 39.09
133.30 39.09
137.30 39.09
134.30 39.09
143.30 39.09
142.30 39.09
139.30 39.09
147.30 39.09
146.30 39.09
147.30 39.09
150.30 39.09
145.30 39.09
147.30 39.09
152.30 39.09
149.30 39.09
155.30 39.09
156.30 39.09
152.30 39.09
150.30 39.09
152.30 39.09
160.30 39.09
156.30 39.09
155.30 39.09
154.30 39.09
156.30 39.09
157.30 39.09
163.30 39.09
166.30 39.09
168.30 39.09
168.30 39.09
163.30 39.09
177.30 39.09
176.30 39.09
178.30 39.09
181.30 39.09
187.30 39.09
186.30 39.09
188.30 39.09
194.30 39.09
196.30 39.09
195.30 39.09
199.30 39.09
197.30 39.09
202.30 39.09
198.30 39.09
196.30 39.09
204.30 39.09
194.30 39.09
201.30 39.09
202.30 39.09
201.30 39.09
202.30 39.09
202.30 39.09
203.30 39.09
205.30 39.09
208.30 39.09
207.30 39.09
205.30 39.09
209.30 39.09
212.30 39.09
214.30 39.09
215.30 39.09
213.30 39.09
219.30 39.09
219.30 39.09
220.30 39.09
228.30 39.09
228.30 39.09
229.30 39.09
232.30 39.09
231.30 39.09
230.30 39.09
232.30 39.09
232.30 39.09
230.30 39.09
234.30 39.09
235.30 39.09
230.30 39.09
235.30 39.09
231.30 39.09
232.30 39.09
228.30 39.09
234.30 39.09
232.30 39.09
234.30 39.09
234.30 39.09
233.30 39.09
234.30 39.09
234.30 39.09
228.30 39.09
231.30 39.09
233.30 39.09
234.30 39.09
238.30 39.09
238.30 39.09
236.30 39.09
234.30 39.09
235.30 39.09
231.30 39.09
238.30 39.09
242.30 39.09
240.30 39.09
238.30 39.09
239.30 39.09
241.30 39.09
242.30 39.09
242.30 39.09
236.30 39.09
243.30 39.09
240.30 39.09
239.30 39.09
240.30 39.09
238.30 39.09
239.30 39.09
236.30 39.09
239.30 39.09
236.30 39.09
236.30 39.09
238.30 39.09
240.30 39.09
236.30 39.09
236.30 39.09
240.30 39.09
237.30 39.09
242.30 39.09
244.30 39.09
241.30 39.09
246.30 39.09
247.30 39.09
247.30 39.09
247.30 39.09
249.30 39.09
244.30 39.09
242.30 39.09
245.30 39.09
244.30 39.09
243.30 39.09
234.30 39.09
239.30 39.09
240.30 39.09
237.30 39.09
238.30 39.09
239.30 39.09
236.30 39.09
230.30 39.09
234.30 39.09
234.30 39.09
234.30 39.09
228.30 39.09
230.30 39.09
229.30 39.09
227.30 39.09
229.30 39.09
225.30 39.09
225.30 39.09
224.30 39.09
232.30 39.09
226.30 39.09
223.30 39.09
228.30 39.09
231.30 39.09
229.30 39.09
231.30 39.09
230.30 39.09
229.30 39.09
233.30 39.09
230.30 39.09
233.30 39.09
231.30 39.09
237.30 39.09
233.30 39.09
235.30 39.09
237.30 39.09
232.30 39.09
234.30 39.09
238.30 39.09
232.30 39.09
237.30 39.09
234.30 39.09
230.30 39.09
230.30 39.09
237.30 39.09
233.30 39.09
235.30 39.09
237.30 39.09
234.30 39.09
241.30 39.09
234.30 39.09
238.30 39.09
238.30 39.09
242.30 39.09
240.30 39.09
240.30 39.09
243.30 39.09
240.30 39.09
245.30 39.09
245.30 39.09
241.30 39.09
244.30 39.09
245.30 39.09
247.30 39.09
242.30 39.09
241.30 39.09
241.30 39.09
247.30 39.09
244.30 39.09
247.30 39.09
243.30 39.09
243.30 39.09
243.30 39.09
246.30 39.09
242.30 39.09
244.30 39.09
241.30 39.09
239.30 39.09
240.30 39.09
242.30 39.09
241.30 39.09
239.30 39.09
241.30 39.09
237.30 39.09
241.30 39.09
243.30 39.09
243.30 39.09
241.30 39.09
242.30 39.09
242.30 39.09
248.30 39.09
246.30 39.09
248.30 39.09
248.30 39.09
247.30 39.09
251.30 39.09
242.30 39.09
244.30 39.09
247.30 39.09
240.30 39.09
240.30 39.09
241.30 39.09
236.30 39.09
240.30 39.09
237.30 39.09
240.30 39.09
238.30 39.09
237.30 39.09
238.30 39.09
232.30 39.09
237.30 39.09
236.30 39.09
235.30 39.09
236.30 39.09
239.30 39.09
238.30 39.09
238.30 39.09
239.30 39.09
241.30 39.09
240.30 39.09
244.30 39.09
239.30 39.09
246.30 39.09
246.30 39.09
244.30 39.09
241.30 39.09
243.30 39.09
240.30 39.09
242.30 39.09
242.30 39.09
239.30 39.09
240.30 39.09
238.30 39.09
241.30 39.09
240.30 39.09
244.30 39.09
241.30 39.09
241.30 39.09
242.30 39.09
236.30 39.09
243.30 39.09
243.30 39.09
243.30 39.09
241.30 39.09
241.30 39.09
245.30 39.09
243.30 39.09
245.30 39.09
243.30 39.09
246.30 39.09
243.30 39.09
249.30 39.09
241.30 39.09
242.30 39.09
242.30 39.09
246.30 39.09
242.30 39.09
245.30 39.09
241.30 39.09
241.30 39.09
244.30 39.09
241.30 39.09
240.30 39.09
241.30 39.09
237.30 39.09
242.30 39.09
238.30 39.09
239.30 39.09
239.30 39.09
237.30 39.09
233.30 39.09
237.30 39.09
240.30 39.09
239.30 39.09
234.30 39.09
235.30 39.09
236.30 39.09
241.30 39.09
244.30 39.09
244.30 39.09
243.30 39.09
241.30 39.09
245.30 39.09
241.30 39.09
242.30 39.09
247.30 39.77
241.30 39.77
242.30 39.77
243.30 39.77
240.30 39.77
247.30 39.77
242.30 39.77
245.30 39.77
242.30 39.77
241.30 39.77
239.30 39.77
242.30 39.77
238.30 39.77
240.30 39.77
242.30 39.77
243.30 39.77
241.30 39.77
244.30 39.77
245.30 39.77
244.30 39.77
248.30 39.77
249.30 39.77
241.30 39.77
250.30 39.77
252.30 39.77
250.30 39.77
249.30 39.77
252.30 39.77
251.30 39.77
248.30 39.77
249.30 39.77
246.30 39.77
256.30 39.77
249.30 39.77
246.30 39.77
250.30 39.77
247.30 39.77
250.30 39.77
249.30 39.77
243.30 39.77
245.30 39.77
246.30 39.77
247.30 39.77
247.30 39.77
240.30 39.77
242.30 39.77
241.30 39.77
240.30 39.77
242.30 39.77
240.30 39.77
242.30 39.36
237.30 39.36
238.30 39.36
240.30 39.36
243.30 39.36
241.30 39.36
241.30 39.36
238.30 39.36
242.30 39.36
240.30 39.36
240.30 39.36
250.30 39.36
246.30 39.36
241.30 39.36
244.30 39.36
244.30 39.36
246.30 39.36
247.30 39.36
244.30 39.36
241.30 39.36
241.30 39.36
244.30 39.36
239.30 39.36
240.30 39.36
240.30 39.36
241.30 39.36
243.30 39.36
242.30 39.36
240.30 39.36
240.30 39.36
244.30 39.36
246.30 39.36
244.30 39.36
243.30 39.36
241.30 39.36
243.30 39.36
246.30 39.36
251.30 39.36
246.30 39.36
247.30 39.36
254.30 39.36
252.30 39.36
254.30 39.36
247.30 39.36
247.30 39.36
248.30 39.36
244.30 39.36
249.30 39.36
245.30 39.36
248.30 39.36
246.30 39.72
241.30 39.72
243.30 39.72
240.30 39.72
238.30 39.72
242.30 39.72
238.30 39.72
244.30 39.72
240.30 39.72
249.30 39.72
243.30 39.72
252.30 39.72
246.30 39.72
245.30 39.72
249.30 39.72
245.30 39.72
256.30 39.72
251.30 39.72
254.30 39.72
256.30 39.72
256.30 39.72
256.30 39.72
255.30 39.72
252.30 39.72
253.30 39.72
252.30 39.72
249.30 39.72
244.30 39.72
244.30 39.72
243.30 39.72
243.30 39.72
245.30 39.72
240.30 39.72
242.30 39.72
246.30 39.72
244.30 39.72
245.30 39.72
238.30 39.72
244.30 39.72
243.30 39.72
240.30 39.72
244.30 39.72
243.30 39.72
241.30 39.72
244.30 39.72
242.30 39.72
243.30 39.72
247.30 39.72
247.30 39.72
244.30 39.72
249.30 39.50
252.30 39.50
247.30 39.50
254.30 39.50
253.30 39.50
250.30 39.50
251.30 39.50
248.30 39.50
252.30 39.50
251.30 39.50
247.30 39.50
246.30 39.50
244.30 39.50
244.30 39.50
245.30 39.50
244.30 39.50
244.30 39.50
244.30 39.50
244.30 39.50
244.30 39.50
248.30 39.50
243.30 39.50
252.30 39.50
248.30 39.50
248.30 39.50
246.30 39.50
249.30 39.50
244.30 39.50
246.30 39.50
251.30 39.50
251.30 39.50
251.30 39.50
251.30 39.50
246.30 39.50
242.30 39.50
253.30 39.50
247.30 39.50
243.30 39.50
248.30 39.50
244.30 39.50
240.30 39.50
241.30 39.50
245.30 39.50
242.30 39.50
238.30 39.50
239.30 39.50
240.30 39.50
241.30 39.50
239.30 39.50
240.30 39.50
241.30 38.18
241.30 38.18
242.30 38.18
245.30 38.18
242.30 38.18
246.30 38.18
240.30 38.18
244.30 38.18
244.30 38.18
245.30 38.18
242.30 38.18
243.30 38.18
242.30 38.18
240.30 38.18
243.30 38.18
234.30 38.18
240.30 38.18
241.30 38.18
247.30 38.18
243.30 38.18
239.30 38.18
236.30 38.18
236.30 38.18
241.30 38.18
239.30 38.18
234.30 38.18
239.30 38.18
235.30 38.18
233.30 38.18
238.30 38.18
235.30 38.18
235.30 38.18
231.30 38.18
237.30 38.18
237.30 38.18
237.30 38.18
241.30 38.18
235.30 38.18
236.30 38.18
238.30 38.18
234.30 38.18
234.30 38.18
234.30 38.18
233.30 38.18
237.30 38.18
237.30 38.18
235.30 38.18
234.30 38.18
240.30 38.18
241.30 38.18
243.30 39.67
237.30 39.67
244.30 39.67
237.30 39.67
237.30 39.67
242.30 39.67
238.30 39.67
237.30 39.67
235.30 39.67
240.30 39.67
243.30 39.67
240.30 39.67
240.30 39.67
242.30 39.67
247.30 39.67
243.30 39.67
245.30 39.67
248.30 39.67
247.30 39.67
248.30 39.67
249.30 39.67
253.30 39.67
249.30 39.67
253.30 39.67
251.30 39.67
252.30 39.67
250.30 39.67
247.30 39.67
248.30 39.67
243.30 39.67
242.30 39.67
244.30 39.67
243.30 39.67
246.30 39.67
243.30 39.67
240.30 39.67
242.30 39.67
241.30 39.67
244.30 39.67
243.30 39.67
248.30 39.67
244.30 39.67
244.30 39.67
247.30 39.67
242.30 39.67
242.30 39.67
243.30 39.67
246.30 39.67
246.30 39.67
244.30 39.67
242.30 39.89
238.30 39.89
242.30 39.89
243.30 39.89
246.30 39.89
246.30 39.89
244.30 39.89
246.30 39.89
249.30 39.89
245.30 39.89
248.30 39.89
248.30 39.89
243.30 39.89
245.30 39.89
248.30 39.89
243.30 39.89
249.30 39.89
253.30 39.89
245.30 39.89
244.30 39.89
244.30 39.89
245.30 39.89
244.30 39.89
237.30 39.89
247.30 39.89
243.30 39.89
247.30 39.89
241.30 39.89
246.30 39.89
246.30 39.89
244.30 39.89
249.30 39.89
246.30 39.89
251.30 39.89
248.30 39.89
246.30 39.89
249.30 39.89
249.30 39.89
247.30 39.89
249.30 39.89
245.30 39.89
245.30 39.89
249.30 39.89
242.30 39.89
245.30 39.89
243.30 39.89
242.30 39.89
238.30 39.89
245.30 39.89
243.30 39.89
240.30 39.89
244.30 39.89
243.30 39.89
241.30 39.89
242.30 39.89
242.30 39.89
246.30 39.89
248.30 39.89
249.30 39.89
246.30 39.89
249.30 39.89
249.30 39.89
250.30 39.89
251.30 39.89
254.30 39.89
252.30 39.89
247.30 39.89
247.30 39.89
247.30 39.89
248.30 39.89
249.30 39.89
252.30 39.89
249.30 39.89
246.30 39.89
248.30 39.89
241.30 39.89
238.30 39.89
245.30 39.89
243.30 39.89
236.30 39.89
246.30 39.89
245.30 39.89
239.30 39.89
241.30 39.89
238.30 39.89
240.30 39.89
240.30 39.89
239.30 39.89
237.30 39.89
244.30 39.89
240.30 39.89
248.30 39.89
244.30 39.89
242.30 39.89
242.30 39.89
237.30 39.89
236.30 39.89
241.30 39.89
243.30 39.89
238.30 39.89
241.30 39.13
237.30 39.13
243.30 39.13
239.30 39.13
238.30 39.13
240.30 39.13
240.30 39.13
237.30 39.13
242.30 39.13
244.30 39.13
246.30 39.13
245.30 39.13
248.30 39.13
245.30 39.13
246.30 39.13
244.30 39.13
248.30 39.13
249.30 39.13
251.30 39.13
253.30 39.13
251.30 39.13
259.30 39.13
256.30 39.13
252.30 39.13
261.30 39.13
261.30 39.13
255.30 39.13
255.30 39.13
253.30 39.13
258.30 39.13
253.30 39.13
250.30 39.13
252.30 39.13
251.30 39.13
250.30 39.13
246.30 39.13
243.30 39.13
244.30 39.13
242.30 39.13
239.30 39.13
238.30 39.13
234.30 39.13
240.30 39.13
236.30 39.13
235.30 39.13
235.30 39.13
240.30 39.13
237.30 39.13
236.30 39.13
236.30 39.13
236.30 39.13
234.30 39.13
235.30 39.13
236.30 39.13
236.30 39.13
236.30 39.13
244.30 39.13
237.30 39.13
237.30 39.13
236.30 39.13
236.30 39.13
243.30 39.13
239.30 39.13
240.30 39.13
235.30 39.13
243.30 39.13
241.30 39.13
237.30 39.13
241.30 39.13
242.30 39.13
249.30 39.13
239.30 39.13
240.30 39.13
245.30 39.13
242.30 39.13
244.30 39.13
241.30 39.13
241.30 39.13
240.30 39.13
240.30 39.13
241.30 39.13
243.30 39.13
243.30 39.13
245.30 39.13
246.30 39.13
243.30 39.13
251.30 39.13
246.30 39.13
245.30 39.13
248.30 39.13
247.30 39.13
248.30 39.13
250.30 39.13
247.30 39.13
250.30 39.13
244.30 39.13
246.30 39.13
239.30 39.13
240.30 39.13
245.30 39.13
235.30 38.51
240.30 38.51
235.30 38.51
237.30 38.51
240.30 38.51
237.30 38.51
237.30 38.51
237.30 38.51
236.30 38.51
235.30 38.51
234.30 38.51
235.30 38.51
233.30 38.51
238.30 38.51
236.30 38.51
229.30 38.51
237.30 38.51
237.30 38.51
235.30 38.51
244.30 38.51
242.30 38.51
246.30 38.51
242.30 38.51
240.30 38.51
238.30 38.51
244.30 38.51
244.30 38.51
242.30 38.51
244.30 38.51
251.30 38.51
245.30 38.51
243.30 38.51
242.30 38.51
241.30 38.51
243.30 38.51
244.30 38.51
244.30 38.51
241.30 38.51
244.30 38.51
240.30 38.51
242.30 38.51
239.30 38.51
241.30 38.51
240.30 38.51
230.30 38.51
239.30 38.51
238.30 38.51
238.30 38.51
242.30 38.51
245.30 38.51
244.30 38.51
247.30 38.51
243.30 38.51
248.30 38.51
243.30 38.51
242.30 38.51
245.30 38.51
239.30 38.51
242.30 38.51
242.30 38.51
241.30 38.51
243.30 38.51
239.30 38.51
234.30 38.51
237.30 38.51
240.30 38.51
233.30 38.51
234.30 38.51
229.30 38.51
235.30 38.51
234.30 38.51
237.30 38.51
234.30 38.51
230.30 38.51
230.30 38.51
231.30 38.51
227.30 38.51
229.30 38.51
229.30 38.51
227.30 38.51
226.30 38.51
223.30 38.51
227.30 38.51
224.30 38.51
227.30 38.51
230.30 38.51
230.30 38.51
225.30 38.51
230.30 38.51
229.30 38.51
226.30 38.51
229.30 38.51
230.30 38.51
230.30 38.51
226.30 38.51
233.30 38.51
232.30 38.51
230.30 38.51
229.30 38.51
231.30 38.51
233.30 39.90
232.30 39.90
234.30 39.90
233.30 39.90
231.30 39.90
231.30 39.90
227.30 39.90
227.30 39.90
229.30 39.90
225.30 39.90
231.30 39.90
236.30 39.90
233.30 39.90
238.30 39.90
232.30 39.90
238.30 39.90
239.30 39.90
239.30 39.90
245.30 39.90
249.30 39.90
243.30 39.90
250.30 39.90
247.30 39.90
245.30 39.90
248.30 39.90
250.30 39.90
245.30 39.90
245.30 39.90
245.30 39.90
244.30 39.90
245.30 39.90
248.30 39.90
245.30 39.90
243.30 39.90
243.30 39.90
243.30 39.90
249.30 39.90
242.30 39.90
240.30 39.90
238.30 39.90
242.30 39.90
247.30 39.90
243.30 39.90
243.30 39.90
243.30 39.90
246.30 39.90
247.30 39.90
245.30 39.90
241.30 39.90
242.30 39.90
246.30 39.90
239.30 39.90
247.30 39.90
237.30 39.90
241.30 39.90
243.30 39.90
246.30 39.90
242.30 39.90
245.30 39.90
244.30 39.90
244.30 39.90
243.30 39.90
244.30 39.90
249.30 39.90
248.30 39.90
246.30 39.90
245.30 39.90
248.30 39.90
250.30 39.90
250.30 39.90
246.30 39.90
245.30 39.90
245.30 39.90
250.30 39.90
247.30 39.90
244.30 39.90
241.30 39.90
245.30 39.90
243.30 39.90
254.30 39.90
248.30 39.90
255.30 39.90
250.30 39.90
259.30 39.90
256.30 39.90
249.30 39.90
255.30 39.90
261.30 39.90
254.30 39.90
258.30 39.90
250.30 39.90
251.30 39.90
249.30 39.90
250.30 39.90
248.30 39.90
249.30 39.90
252.30 39.90
248.30 39.90
249.30 39.90
244.30 39.90
243.30 39.90
244.30 39.90
241.30 39.90
243.30 39.90
237.30 39.90
241.30 39.90
239.30 39.90
241.30 39.90
244.30 39.90
240.30 39.90
240.30 39.90
239.30 39.90
242.30 39.90
242.30 39.90
241.30 39.90
242.30 39.90
243.30 39.90
237.30 39.90
237.30 39.90
242.30 39.90
242.30 39.90
241.30 39.90
240.30 39.90
246.30 39.90
242.30 39.90
244.30 39.90
245.30 39.90
249.30 39.90
246.30 39.90
244.30 39.90
240.30 39.90
251.30 39.90
241.30 39.90
246.30 39.90
247.30 39.90
241.30 39.90
245.30 39.90
241.30 39.90
244.30 39.90
247.30 39.90
246.30 39.90
247.30 39.90
246.30 39.90
248.30 39.90
250.30 39.90
254.30 39.90
252.30 39.90
253.30 39.90
258.30 39.90
259.30 39.90
257.30 39.80
254.30 39.80
259.30 39.80
257.30 39.80
256.30 39.80
253.30 39.80
252.30 39.80
253.30 39.80
252.30 39.80
256.30 39.80
253.30 39.80
247.30 39.80
252.30 39.80
242.30 39.80
247.30 39.80
247.30 39.80
243.30 39.80
244.30 39.80
245.30 39.80
252.30 39.80
244.30 39.80
243.30 39.80
243.30 39.80
235.30 39.80
242.30 39.80
248.30 39.80
244.30 39.80
245.30 39.80
243.30 39.80
245.30 39.80
251.30 39.80
249.30 39.80
248.30 39.80
246.30 39.80
245.30 39.80
246.30 39.80
253.30 39.80
257.30 39.80
252.30 39.80
250.30 39.80
252.30 39.80
250.30 39.80
253.30 39.80
246.30 39.80
248.30 39.80
249.30 39.80
247.30 39.80
246.30 39.80
249.30 39.80
246.30 39.80
251.30 38.72
245.30 38.72
248.30 38.72
244.30 38.72
241.30 38.72
248.30 38.72
242.30 38.72
246.30 38.72
245.30 38.72
246.30 38.72
245.30 38.72
245.30 38.72
244.30 38.72
247.30 38.72
244.30 38.72
245.30 38.72
242.30 38.72
248.30 38.72
248.30 38.72
245.30 38.72
246.30 38.72
241.30 38.72
246.30 38.72
247.30 38.72
241.30 38.72
242.30 38.72
241.30 38.72
247.30 38.72
243.30 38.72
242.30 38.72
243.30 38.72
248.30 38.72
246.30 38.72
242.30 38.72
248.30 38.72
243.30 38.72
242.30 38.72
242.30 38.72
240.30 38.72
240.30 38.72
241.30 38.72
239.30 38.72
244.30 38.72
241.30 38.72
239.30 38.72
246.30 38.72
240.30 38.72
241.30 38.72
244.30 38.72
244.30 38.72
239.30 38.72
246.30 38.72
244.30 38.72
247.30 38.72
244.30 38.72
245.30 38.72
243.30 38.72
239.30 38.72
244.30 38.72
243.30 38.72
242.30 38.72
242.30 38.72
241.30 38.72
246.30 38.72
242.30 38.72
248.30 38.72
239.30 38.72
246.30 38.72
241.30 38.72
237.30 38.72
240.30 38.72
240.30 38.72
244.30 38.72
239.30 38.72
242.30 38.72
244.30 38.72
241.30 38.72
243.30 38.72
241.30 38.72
244.30 38.72
244.30 38.72
246.30 38.72
242.30 38.72
244.30 38.72
243.30 38.72
246.30 38.72
245.30 38.72
243.30 38.72
247.30 38.72
239.30 38.72
243.30 38.72
244.30 38.72
243.30 38.72
242.30 38.72
239.30 38.72
238.30 38.72
238.30 38.72
237.30 38.72
237.30 38.72
240.30 38.72
239.30 38.72
240.30 38.72
242.30 38.72
236.30 38.72
242.30 38.72
243.30 38.72
245.30 38.72
245.30 38.72
246.30 38.72
245.30 38.72
249.30 38.72
244.30 38.72
247.30 38.72
248.30 38.72
249.30 38.72
247.30 38.72
241.30 38.72
241.30 38.72
242.30 38.72
242.30 38.72
241.30 38.72
241.30 38.72
240.30 38.72
239.30 38.72
236.30 38.72
238.30 38.72
234.30 38.72
233.30 38.72
234.30 38.72
234.30 38.72
237.30 38.72
237.30 38.72
230.30 38.72
229.30 38.72
231.30 38.72
227.30 38.72
230.30 38.72
223.30 38.72
232.30 38.72
220.30 38.72
228.30 38.72
228.30 38.72
225.30 38.72
233.30 38.72
224.30 38.72
223.30 38.72
229.30 38.72
226.30 38.72
226.30 38.72
233.30 38.72
230.30 38.74
228.30 38.74
227.30 38.74
225.30 38.74
232.30 38.74
232.30 38.74
230.30 38.74
229.30 38.74
232.30 38.74
230.30 38.74
228.30 38.74
229.30 38.74
226.30 38.74
229.30 38.74
231.30 38.74
233.30 38.74
237.30 38.74
233.30 38.74
234.30 38.74
231.30 38.74
230.30 38.74
230.30 38.74
237.30 38.74
237.30 38.74
239.30 38.74
239.30 38.74
238.30 38.74
235.30 38.74
239.30 38.74
241.30 38.74
237.30 38.74
234.30 38.74
243.30 38.74
241.30 38.74
236.30 38.74
235.30 38.74
236.30 38.74
241.30 38.74
234.30 38.74
240.30 38.74
237.30 38.74
238.30 38.74
239.30 38.74
244.30 38.74
244.30 38.74
243.30 38.74
242.30 38.74
247.30 38.74
245.30 38.74
241.30 38.74
241.30 38.59
246.30 38.59
243.30 38.59
242.30 38.59
245.30 38.59
247.30 38.59
245.30 38.59
244.30 38.59
241.30 38.59
243.30 38.59
246.30 38.59
243.30 38.59
242.30 38.59
245.30 38.59
245.30 38.59
242.30 38.59
243.30 38.59
243.30 38.59
243.30 38.59
237.30 38.59
238.30 38.59
243.30 38.59
235.30 38.59
242.30 38.59
237.30 38.59
232.30 38.59
234.30 38.59
231.30 38.59
230.30 38.59
226.30 38.59
233.30 38.59
237.30 38.59
231.30 38.59
230.30 38.59
231.30 38.59
232.30 38.59
227.30 38.59
228.30 38.59
225.30 38.59
231.30 38.59
227.30 38.59
231.30 38.59
230.30 38.59
234.30 38.59
227.30 38.59
232.30 38.59
232.30 38.59
229.30 38.59
228.30 38.59
228.30 38.59
227.30 39.57
230.30 39.57
226.30 39.57
231.30 39.57
225.30 39.57
226.30 39.57
226.30 39.57
228.30 39.57
225.30 39.57
229.30 39.57
233.30 39.57
232.30 39.57
229.30 39.57
234.30 39.57
231.30 39.57
234.30 39.57
232.30 39.57
235.30 39.57
228.30 39.57
228.30 39.57
234.30 39.57
238.30 39.57
236.30 39.57
237.30 39.57
235.30 39.57
230.30 39.57
229.30 39.57
237.30 39.57
239.30 39.57
237.30 39.57
234.30 39.57
238.30 39.57
239.30 39.57
242.30 39.57
238.30 39.57
238.30 39.57
237.30 39.57
240.30 39.57
237.30 39.57
239.30 39.57
241.30 39.57
243.30 39.57
242.30 39.57
242.30 39.57
248.30 39.57
241.30 39.57
241.30 39.57
250.30 39.57
247.30 39.57
250.30 39.57
247.30 39.57
252.30 39.57
249.30 39.57
245.30 39.57
241.30 39.57
246.30 39.57
238.30 39.57
242.30 39.57
243.30 39.57
249.30 39.57
244.30 39.57
245.30 39.57
241.30 39.57
242.30 39.57
242.30 39.57
238.30 39.57
247.30 39.57
246.30 39.57
245.30 39.57
242.30 39.57
244.30 39.57
243.30 39.57
246.30 39.57
241.30 39.57
248.30 39.57
247.30 39.57
245.30 39.57
255.30 39.57
254.30 39.57
250.30 39.57
255.30 39.57
255.30 39.57
259.30 39.57
256.30 39.57
261.30 39.57
256.30 39.57
260.30 39.57
257.30 39.57
256.30 39.57
255.30 39.57
257.30 39.57
251.30 39.57
252.30 39.57
257.30 39.57
248.30 39.57
252.30 39.57
248.30 39.57
241.30 39.57
244.30 39.57
239.30 39.57
243.30 38.19
237.30 38.19
238.30 38.19
238.30 38.19
233.30 38.19
234.30 38.19
229.30 38.19
230.30 38.19
233.30 38.19
234.30 38.19
228.30 38.19
226.30 38.19
225.30 38.19
228.30 38.19
228.30 38.19
226.30 38.19
226.30 38.19
223.30 38.19
219.30 38.19
225.30 38.19
224.30 38.19
224.30 38.19
222.30 38.19
221.30 38.19
229.30 38.19
230.30 38.19
223.30 38.19
223.30 38.19
220.30 38.19
230.30 38.19
224.30 38.19
226.30 38.19
226.30 38.19
226.30 38.19
220.30 38.19
227.30 38.19
226.30 38.19
222.30 38.19
223.30 38.19
230.30 38.19
225.30 38.19
231.30 38.19
231.30 38.19
231.30 38.19
230.30 38.19
235.30 38.19
230.30 38.19
234.30 38.19
237.30 38.19
240.30 38.19
235.30 38.61
240.30 38.61
236.30 38.61
238.30 38.61
241.30 38.61
242.30 38.61
239.30 38.61
240.30 38.61
247.30 38.61
238.30 38.61
242.30 38.61
244.30 38.61
241.30 38.61
242.30 38.61
241.30 38.61
244.30 38.61
246.30 38.61
245.30 38.61
240.30 38.61
240.30 38.61
238.30 38.61
241.30 38.61
240.30 38.61
244.30 38.61
246.30 38.61
241.30 38.61
243.30 38.61
239.30 38.61
240.30 38.61
236.30 38.61
239.30 38.61
243.30 38.61
242.30 38.61
244.30 38.61
240.30 38.61
243.30 38.61
240.30 38.61
246.30 38.61
244.30 38.61
244.30 38.61
245.30 38.61
240.30 38.61
244.30 38.61
242.30 38.61
244.30 38.61
241.30 38.61
243.30 38.61
243.30 38.61
246.30 38.61
242.30 38.61
234.30 38.27
239.30 38.27
241.30 38.27
234.30 38.27
239.30 38.27
240.30 38.27
239.30 38.27
246.30 38.27
243.30 38.27
240.30 38.27
244.30 38.27
240.30 38.27
244.30 38.27
243.30 38.27
246.30 38.27
244.30 38.27
243.30 38.27
241.30 38.27
243.30 38.27
240.30 38.27
243.30 38.27
243.30 38.27
241.30 38.27
245.30 38.27
243.30 38.27
237.30 38.27
237.30 38.27
238.30 38.27
240.30 38.27
241.30 38.27
240.30 38.27
239.30 38.27
237.30 38.27
237.30 38.27
237.30 38.27
238.30 38.27
238.30 38.27
237.30 38.27
234.30 38.27
234.30 38.27
233.30 38.27
234.30 38.27
233.30 38.27
231.30 38.27
229.30 38.27
235.30 38.27
231.30 38.27
231.30 38.27
235.30 38.27
223.30 38.27
234.30 38.27
233.30 38.27
230.30 38.27
231.30 38.27
235.30 38.27
232.30 38.27
230.30 38.27
232.30 38.27
234.30 38.27
229.30 38.27
234.30 38.27
237.30 38.27
238.30 38.27
235.30 38.27
232.30 38.27
229.30 38.27
232.30 38.27
233.30 38.27
230.30 38.27
233.30 38.27
234.30 38.27
234.30 38.27
233.30 38.27
233.30 38.27
233.30 38.27
232.30 38.27
236.30 38.27
241.30 38.27
235.30 38.27
237.30 38.27
241.30 38.27
237.30 38.27
239.30 38.27
239.30 38.27
241.30 38.27
237.30 38.27
237.30 38.27
234.30 38.27
238.30 38.27
241.30 38.27
235.30 38.27
236.30 38.27
233.30 38.27
233.30 38.27
232.30 38.27
231.30 38.27
233.30 38.27
234.30 38.27
232.30 38.27
232.30 38.27
229.30 39.45
229.30 39.45
228.30 39.45
229.30 39.45
226.30 39.45
227.30 39.45
229.30 39.45
218.30 39.45
224.30 39.45
220.30 39.45
225.30 39.45
220.30 39.45
227.30 39.45
225.30 39.45
228.30 39.45
222.30 39.45
225.30 39.45
226.30 39.45
227.30 39.45
226.30 39.45
230.30 39.45
228.30 39.45
228.30 39.45
234.30 39.45
224.30 39.45
232.30 39.45
230.30 39.45
233.30 39.45
230.30 39.45
227.30 39.45
232.30 39.45
230.30 39.45
230.30 39.45
231.30 39.45
231.30 39.45
231.30 39.45
237.30 39.45
235.30 39.45
239.30 39.45
233.30 39.45
236.30 39.45
240.30 39.45
235.30 39.45
234.30 39.45
238.30 39.45
244.30 39.45
237.30 39.45
242.30 39.45
244.30 39.45
245.30 39.45
244.30 39.45
245.30 39.45
236.30 39.45
236.30 39.45
237.30 39.45
240.30 39.45
242.30 39.45
243.30 39.45
246.30 39.45
244.30 39.45
243.30 39.45
246.30 39.45
243.30 39.45
246.30 39.45
249.30 39.45
248.30 39.45
254.30 39.45
252.30 39.45
252.30 39.45
256.30 39.45
258.30 39.45
252.30 39.45
257.30 39.45
258.30 39.45
260.30 39.45
255.30 39.45
253.30 39.45
257.30 39.45
254.30 39.45
251.30 39.45
247.30 39.45
246.30 39.45
244.30 39.45
243.30 39.45
242.30 39.45
241.30 39.45
245.30 39.45
243.30 39.45
242.30 39.45
241.30 39.45
241.30 39.45
242.30 39.45
245.30 39.45
248.30 39.45
243.30 39.45
244.30 39.45
247.30 39.45
247.30 39.45
242.30 39.45
248.30 39.45
241.30 39.45
246.30 39.45
248.30 39.45
241.30 39.45
245.30 39.45
243.30 39.45
245.30 39.45
246.30 39.45
243.30 39.45
248.30 39.45
243.30 39.45
245.30 39.45
239.30 39.45
243.30 39.45
243.30 39.45
243.30 39.45
243.30 39.45
241.30 39.45
240.30 39.45
243.30 39.45
243.30 39.45
244.30 39.45
236.30 39.45
237.30 39.45
235.30 39.45
242.30 39.45
238.30 39.45
241.30 39.45
241.30 39.45
237.30 39.45
240.30 39.45
244.30 39.45
245.30 39.45
248.30 39.45
245.30 39.45
245.30 39.45
249.30 39.45
247.30 39.45
250.30 39.45
251.30 39.45
248.30 39.45
248.30 39.45
249.30 39.45
251.30 39.45
250.30 39.45
249.30 39.45
251.30 39.45
241.30 39.45
240.30 39.45
244.30 39.45
248.30 38.90
241.30 38.90
246.30 38.90
240.30 38.90
245.30 38.90
239.30 38.90
246.30 38.90
245.30 38.90
249.30 38.90
252.30 38.90
249.30 38.90
253.30 38.90
254.30 38.90
252.30 38.90
254.30 38.90
256.30 38.90
251.30 38.90
249.30 38.90
251.30 38.90
253.30 38.90
251.30 38.90
248.30 38.90
245.30 38.90
247.30 38.90
245.30 38.90
248.30 38.90
244.30 38.90
250.30 38.90
246.30 38.90
244.30 38.90
245.30 38.90
246.30 38.90
246.30 38.90
243.30 38.90
247.30 38.90
249.30 38.90
242.30 38.90
245.30 38.90
249.30 38.90
242.30 38.90
241.30 38.90
240.30 38.90
239.30 38.90
243.30 38.90
243.30 38.90
241.30 38.90
241.30 38.90
239.30 38.90
238.30 38.90
241.30 38.90
237.30 38.90
245.30 38.90
239.30 38.90
240.30 38.90
246.30 38.90
241.30 38.90
244.30 38.90
246.30 38.90
245.30 38.90
244.30 38.90
248.30 38.90
251.30 38.90
244.30 38.90
243.30 38.90
240.30 38.90
246.30 38.90
247.30 38.90
244.30 38.90
242.30 38.90
244.30 38.90
244.30 38.90
246.30 38.90
242.30 38.90
243.30 38.90
248.30 38.90
249.30 38.90
248.30 38.90
251.30 38.90
248.30 38.90
254.30 38.90
251.30 38.90
252.30 38.90
251.30 38.90
244.30 38.90
248.30 38.90
249.30 38.90
240.30 38.90
247.30 38.90
240.30 38.90
237.30 38.90
246.30 38.90
244.30 38.90
242.30 38.90
239.30 38.90
242.30 38.90
245.30 38.90
247.30 38.90
246.30 38.90
245.30 38.90
247.30 38.90
250.30 38.36
246.30 38.36
252.30 38.36
246.30 38.36
252.30 38.36
242.30 38.36
248.30 38.36
244.30 38.36
249.30 38.36
248.30 38.36
246.30 38.36
247.30 38.36
246.30 38.36
246.30 38.36
245.30 38.36
249.30 38.36
248.30 38.36
247.30 38.36
240.30 38.36
248.30 38.36
246.30 38.36
243.30 38.36
246.30 38.36
239.30 38.36
245.30 38.36
243.30 38.36
245.30 38.36
249.30 38.36
245.30 38.36
242.30 38.36
244.30 38.36
245.30 38.36
242.30 38.36
243.30 38.36
239.30 38.36
240.30 38.36
240.30 38.36
244.30 38.36
242.30 38.36
239.30 38.36
245.30 38.36
245.30 38.36
244.30 38.36
245.30 38.36
241.30 38.36
244.30 38.36
251.30 38.36
244.30 38.36
247.30 38.36
246.30 38.36
248.30 39.43
244.30 39.43
237.30 39.43
244.30 39.43
236.30 39.43
238.30 39.43
238.30 39.43
237.30 39.43
241.30 39.43
239.30 39.43
241.30 39.43
244.30 39.43
239.30 39.43
241.30 39.43
248.30 39.43
245.30 39.43
244.30 39.43
249.30 39.43
249.30 39.43
247.30 39.43
248.30 39.43
248.30 39.43
248.30 39.43
250.30 39.43
242.30 39.43
243.30 39.43
237.30 39.43
241.30 39.43
239.30 39.43
244.30 39.43
246.30 39.43
243.30 39.43
242.30 39.43
240.30 39.43
241.30 39.43
245.30 39.43
237.30 39.43
245.30 39.43
245.30 39.43
247.30 39.43
246.30 39.43
243.30 39.43
246.30 39.43
240.30 39.43
237.30 39.43
235.30 39.43
239.30 39.43
241.30 39.43
241.30 39.43
241.30 39.43
243.30 39.43
246.30 39.43
240.30 39.43
246.30 39.43
246.30 39.43
251.30 39.43
249.30 39.43
251.30 39.43
242.30 39.43
251.30 39.43
253.30 39.43
250.30 39.43
251.30 39.43
253.30 39.43
247.30 39.43
254.30 39.43
252.30 39.43
249.30 39.43
247.30 39.43
247.30 39.43
247.30 39.43
243.30 39.43
243.30 39.43
246.30 39.43
244.30 39.43
249.30 39.43
252.30 39.43
244.30 39.43
244.30 39.43
245.30 39.43
250.30 39.43
247.30 39.43
244.30 39.43
252.30 39.43
250.30 39.43
247.30 39.43
248.30 39.43
252.30 39.43
247.30 39.43
246.30 39.43
242.30 39.43
246.30 39.43
240.30 39.43
244.30 39.43
244.30 39.43
243.30 39.43
248.30 39.43
243.30 39.43
246.30 39.43
244.30 39.43
247.30 39.43
244.30 39.43
246.30 39.43
251.30 39.43
251.30 39.43
249.30 39.43
250.30 39.43
249.30 39.43
248.30 39.43
248.30 39.43
246.30 39.43
246.30 39.43
242.30 39.43
245.30 39.43
243.30 39.43
249.30 39.43
247.30 39.43
246.30 39.43
240.30 39.43
243.30 39.43
241.30 39.43
242.30 39.43
245.30 39.43
245.30 39.43
246.30 39.43
248.30 39.43
245.30 39.43
245.30 39.43
244.30 39.43
248.30 39.43
244.30 39.43
245.30 39.43
248.30 39.43
245.30 39.43
242.30 39.43
241.30 39.43
242.30 39.43
243.30 39.43
246.30 39.43
246.30 39.43
248.30 39.43
244.30 39.43
250.30 39.43
248.30 39.43
250.30 39.43
253.30 39.43
249.30 39.43
250.30 39.43
255.30 39.43
254.30 39.43
252.30 39.43
252.30 39.43
247.30 39.43
250.30 39.43
249.30 39.43
247.30 39.43
250.30 39.43
250.30 39.43
244.30 39.43
247.30 39.43
248.30 39.43
245.30 39.43
245.30 39.43
245.30 39.43
248.30 39.43
254.30 39.43
248.30 39.43
252.30 39.43
255.30 39.43
254.30 39.43
252.30 39.43
250.30 39.43
251.30 39.43
249.30 39.43
254.30 39.43
248.30 39.43
245.30 39.43
245.30 39.43
245.30 39.43
240.30 39.43
243.30 39.43
241.30 39.43
240.30 39.43
241.30 39.43
239.30 39.43
244.30 39.43
240.30 39.43
242.30 39.43
243.30 39.43
241.30 39.43
244.30 39.43
244.30 39.43
246.30 39.43
247.30 39.43
242.30 39.43
242.30 39.43
247.30 39.43
247.30 39.43
239.30 39.43
247.30 39.43
245.30 39.01
245.30 39.01
243.30 39.01
249.30 39.01
252.30 39.01
252.30 39.01
253.30 39.01
250.30 39.01
252.30 39.01
255.30 39.01
248.30 39.01
251.30 39.01
253.30 39.01
257.30 39.01
251.30 39.01
256.30 39.01
258.30 39.01
256.30 39.01
253.30 39.01
250.30 39.01
252.30 39.01
249.30 39.01
250.30 39.01
245.30 39.01
243.30 39.01
253.30 39.01
247.30 39.01
241.30 39.01
249.30 39.01
248.30 39.01
245.30 39.01
242.30 39.01
249.30 39.01
247.30 39.01
250.30 39.01
250.30 39.01
250.30 39.01
245.30 39.01
246.30 39.01
249.30 39.01
249.30 39.01
241.30 39.01
244.30 39.01
241.30 39.01
240.30 39.01
240.30 39.01
240.30 39.01
240.30 39.01
240.30 39.01
241.30 39.01
242.30 38.56
237.30 38.56
240.30 38.56
239.30 38.56
236.30 38.56
239.30 38.56
247.30 38.56
243.30 38.56
242.30 38.56
246.30 38.56
239.30 38.56
237.30 38.56
235.30 38.56
238.30 38.56
234.30 38.56
236.30 38.56
237.30 38.56
232.30 38.56
233.30 38.56
232.30 38.56
236.30 38.56
236.30 38.56
239.30 38.56
242.30 38.56
236.30 38.56
236.30 38.56
239.30 38.56
238.30 38.56
236.30 38.56
236.30 38.56
239.30 38.56
244.30 38.56
240.30 38.56
244.30 38.56
244.30 38.56
245.30 38.56
245.30 38.56
245.30 38.56
239.30 38.56
241.30 38.56
245.30 38.56
243.30 38.56
241.30 38.56
239.30 38.56
242.30 38.56
247.30 38.56
245.30 38.56
245.30 38.56
248.30 38.56
245.30 38.56
250.30 38.56
250.30 38.56
240.30 38.56
250.30 38.56
244.30 38.56
256.30 38.56
247.30 38.56
248.30 38.56
248.30 38.56
247.30 38.56
242.30 38.56
249.30 38.56
240.30 38.56
238.30 38.56
244.30 38.56
244.30 38.56
240.30 38.56
246.30 38.56
245.30 38.56
245.30 38.56
245.30 38.56
242.30 38.56
237.30 38.56
239.30 38.56
244.30 38.56
245.30 38.56
244.30 38.56
243.30 38.56
239.30 38.56
242.30 38.56
244.30 38.56
236.30 38.56
237.30 38.56
239.30 38.56
239.30 38.56
237.30 38.56
238.30 38.56
238.30 38.56
236.30 38.56
240.30 38.56
244.30 38.56
237.30 38.56
241.30 38.56
242.30 38.56
244.30 38.56
244.30 38.56
240.30 38.56
241.30 38.56
240.30 38.56
241.30 38.56
239.30 39.14
241.30 39.14
237.30 39.14
238.30 39.14
237.30 39.14
238.30 39.14
237.30 39.14
237.30 39.14
237.30 39.14
239.30 39.14
234.30 39.14
239.30 39.14
238.30 39.14
240.30 39.14
236.30 39.14
239.30 39.14
238.30 39.14
239.30 39.14
239.30 39.14
243.30 39.14
239.30 39.14
237.30 39.14
241.30 39.14
241.30 39.14
240.30 39.14
240.30 39.14
241.30 39.14
241.30 39.14
243.30 39.14
243.30 39.14
244.30 39.14
243.30 39.14
243.30 39.14
242.30 39.14
248.30 39.14
245.30 39.14
250.30 39.14
254.30 39.14
252.30 39.14
250.30 39.14
254.30 39.14
253.30 39.14
254.30 39.14
251.30 39.14
250.30 39.14
251.30 39.14
252.30 39.14
246.30 39.14
248.30 39.14
240.30 39.14
247.30 39.00
245.30 39.00
239.30 39.00
244.30 39.00
241.30 39.00
245.30 39.00
249.30 39.00
244.30 39.00
242.30 39.00
250.30 39.00
253.30 39.00
250.30 39.00
245.30 39.00
247.30 39.00
249.30 39.00
247.30 39.00
248.30 39.00
239.30 39.00
245.30 39.00
252.30 39.00
248.30 39.00
246.30 39.00
245.30 39.00
240.30 39.00
239.30 39.00
242.30 39.00
237.30 39.00
243.30 39.00
245.30 39.00
245.30 39.00
242.30 39.00
243.30 39.00
249.30 39.00
244.30 39.00
245.30 39.00
241.30 39.00
241.30 39.00
244.30 39.00
240.30 39.00
243.30 39.00
248.30 39.00
241.30 39.00
246.30 39.00
240.30 39.00
240.30 39.00
243.30 39.00
242.30 39.00
242.30 39.00
239.30 39.00
242.30 39.00
239.30 39.27
240.30 39.27
244.30 39.27
245.30 39.27
246.30 39.27
244.30 39.27
243.30 39.27
249.30 39.27
248.30 39.27
249.30 39.27
248.30 39.27
248.30 39.27
251.30 39.27
247.30 39.27
248.30 39.27
249.30 39.27
238.30 39.27
246.30 39.27
243.30 39.27
240.30 39.27
245.30 39.27
246.30 39.27
246.30 39.27
241.30 39.27
248.30 39.27
248.30 39.27
242.30 39.27
250.30 39.27
249.30 39.27
252.30 39.27
250.30 39.27
252.30 39.27
259.30 39.27
250.30 39.27
254.30 39.27
249.30 39.27
253.30 39.27
252.30 39.27
243.30 39.27
248.30 39.27
245.30 39.27
244.30 39.27
244.30 39.27
242.30 39.27
244.30 39.27
241.30 39.27
243.30 39.27
242.30 39.27
243.30 39.27
246.30 39.27
244.30 38.41
241.30 38.41
244.30 38.41
244.30 38.41
247.30 38.41
246.30 38.41
245.30 38.41
249.30 38.41
246.30 38.41
247.30 38.41
243.30 38.41
246.30 38.41
245.30 38.41
244.30 38.41
245.30 38.41
245.30 38.41
243.30 38.41
242.30 38.41
248.30 38.41
248.30 38.41
251.30 38.41
250.30 38.41
247.30 38.41
247.30 38.41
244.30 38.41
249.30 38.41
242.30 38.41
241.30 38.41
244.30 38.41
243.30 38.41
243.30 38.41
245.30 38.41
242.30 38.41
241.30 38.41
243.30 38.41
244.30 38.41
241.30 38.41
242.30 38.41
240.30 38.41
242.30 38.41
233.30 38.41
239.30 38.41
239.30 38.41
245.30 38.41
241.30 38.41
241.30 38.41
247.30 38.41
244.30 38.41
246.30 38.41
244.30 38.41
240.30 38.41
243.30 38.41
238.30 38.41
246.30 38.41
240.30 38.41
242.30 38.41
240.30 38.41
239.30 38.41
239.30 38.41
237.30 38.41
235.30 38.41
238.30 38.41
235.30 38.41
238.30 38.41
240.30 38.41
236.30 38.41
239.30 38.41
239.30 38.41
243.30 38.41
242.30 38.41
241.30 38.41
245.30 38.41
245.30 38.41
246.30 38.41
249.30 38.41
246.30 38.41
248.30 38.41
249.30 38.41
248.30 38.41
247.30 38.41
246.30 38.41
252.30 38.41
245.30 38.41
242.30 38.41
243.30 38.41
249.30 38.41
242.30 38.41
244.30 38.41
246.30 38.41
248.30 38.41
243.30 38.41
246.30 38.41
253.30 38.41
250.30 38.41
250.30 38.41
253.30 38.41
251.30 38.41
252.30 38.41
256.30 38.41
248.30 38.41
250.30 38.21
251.30 38.21
250.30 38.21
252.30 38.21
247.30 38.21
245.30 38.21
242.30 38.21
246.30 38.21
246.30 38.21
249.30 38.21
247.30 38.21
241.30 38.21
243.30 38.21
241.30 38.21
243.30 38.21
245.30 38.21
235.30 38.21
248.30 38.21
244.30 38.21
239.30 38.21
245.30 38.21
239.30 38.21
244.30 38.21
242.30 38.21
239.30 38.21
238.30 38.21
240.30 38.21
243.30 38.21
239.30 38.21
238.30 38.21
237.30 38.21
244.30 38.21
238.30 38.21
238.30 38.21
243.30 38.21
243.30 38.21
247.30 38.21
245.30 38.21
250.30 38.21
243.30 38.21
246.30 38.21
243.30 38.21
244.30 38.21
241.30 38.21
244.30 38.21
243.30 38.21
240.30 38.21
242.30 38.21
243.30 38.21
244.30 38.21
240.30 39.34
240.30 39.34
241.30 39.34
236.30 39.34
243.30 39.34
242.30 39.34
243.30 39.34
242.30 39.34
243.30 39.34
241.30 39.34
244.30 39.34
246.30 39.34
242.30 39.34
243.30 39.34
247.30 39.34
248.30 39.34
242.30 39.34
243.30 39.34
247.30 39.34
241.30 39.34
245.30 39.34
240.30 39.34
242.30 39.34
242.30 39.34
242.30 39.34
234.30 39.34
244.30 39.34
242.30 39.34
242.30 39.34
240.30 39.34
241.30 39.34
246.30 39.34
245.30 39.34
240.30 39.34
248.30 39.34
245.30 39.34
255.30 39.34
246.30 39.34
252.30 39.34
251.30 39.34
249.30 39.34
249.30 39.34
251.30 39.34
245.30 39.34
243.30 39.34
250.30 39.34
247.30 39.34
243.30 39.34
241.30 39.34
241.30 39.34
240.30 39.34
242.30 39.34
242.30 39.34
242.30 39.34
244.30 39.34
246.30 39.34
239.30 39.34
245.30 39.34
243.30 39.34
240.30 39.34
243.30 39.34
240.30 39.34
241.30 39.34
242.30 39.34
243.30 39.34
240.30 39.34
242.30 39.34
236.30 39.34
236.30 39.34
241.30 39.34
239.30 39.34
238.30 39.34
238.30 39.34
240.30 39.34
245.30 39.34
242.30 39.34
244.30 39.34
244.30 39.34
244.30 39.34
247.30 39.34
248.30 39.34
245.30 39.34
248.30 39.34
243.30 39.34
242.30 39.34
248.30 39.34
245.30 39.34
246.30 39.34
246.30 39.34
242.30 39.34
246.30 39.34
242.30 39.34
249.30 39.34
247.30 39.34
242.30 39.34
247.30 39.34
246.30 39.34
245.30 39.34
240.30 39.34
244.30 39.34
246.30 38.23
244.30 38.23
249.30 38.23
245.30 38.23
245.30 38.23
248.30 38.23
253.30 38.23
248.30 38.23
246.30 38.23
250.30 38.23
246.30 38.23
250.30 38.23
244.30 38.23
244.30 38.23
239.30 38.23
242.30 38.23
248.30 38.23
241.30 38.23
242.30 38.23
239.30 38.23
236.30 38.23
240.30 38.23
239.30 38.23
239.30 38.23
239.30 38.23
238.30 38.23
239.30 38.23
244.30 38.23
241.30 38.23
245.30 38.23
246.30 38.23
246.30 38.23
246.30 38.23
239.30 38.23
245.30 38.23
244.30 38.23
245.30 38.23
247.30 38.23
246.30 38.23
247.30 38.23
241.30 38.23
242.30 38.23
243.30 38.23
245.30 38.23
244.30 38.23
240.30 38.23
240.30 38.23
241.30 38.23
239.30 38.23
240.30 38.23
243.30 38.23
239.30 38.23
241.30 38.23
239.30 38.23
237.30 38.23
239.30 38.23
237.30 38.23
233.30 38.23
231.30 38.23
232.30 38.23
236.30 38.23
234.30 38.23
234.30 38.23
233.30 38.23
231.30 38.23
234.30 38.23
229.30 38.23
230.30 38.23
228.30 38.23
229.30 38.23
231.30 38.23
234.30 38.23
231.30 38.23
230.30 38.23
229.30 38.23
228.30 38.23
232.30 38.23
229.30 38.23
233.30 38.23
230.30 38.23
228.30 38.23
234.30 38.23
227.30 38.23
230.30 38.23
229.30 38.23
229.30 38.23
228.30 38.23
232.30 38.23
233.30 38.23
235.30 38.23
237.30 38.23
233.30 38.23
232.30 38.23
232.30 38.23
235.30 38.23
236.30 38.23
235.30 38.23
237.30 38.23
239.30 38.23
236.30 38.23
236.30 38.63
237.30 38.63
240.30 38.63
240.30 38.63
241.30 38.63
236.30 38.63
239.30 38.63
239.30 38.63
235.30 38.63
235.30 38.63
236.30 38.63
236.30 38.63
243.30 38.63
241.30 38.63
241.30 38.63
245.30 38.63
240.30 38.63
251.30 38.63
249.30 38.63
250.30 38.63
249.30 38.63
247.30 38.63
248.30 38.63
252.30 38.63
248.30 38.63
246.30 38.63
242.30 38.63
248.30 38.63
239.30 38.63
244.30 38.63
241.30 38.63
244.30 38.63
241.30 38.63
237.30 38.63
243.30 38.63
235.30 38.63
238.30 38.63
240.30 38.63
236.30 38.63
234.30 38.63
232.30 38.63
237.30 38.63
234.30 38.63
232.30 38.63
234.30 38.63
236.30 38.63
233.30 38.63
238.30 38.63
230.30 38.63
228.30 38.63
234.30 39.69
229.30 39.69
233.30 39.69
234.30 39.69
232.30 39.69
231.30 39.69
235.30 39.69
229.30 39.69
235.30 39.69
234.30 39.69
237.30 39.69
236.30 39.69
237.30 39.69
238.30 39.69
239.30 39.69
242.30 39.69
238.30 39.69
236.30 39.69
241.30 39.69
244.30 39.69
240.30 39.69
241.30 39.69
243.30 39.69
237.30 39.69
237.30 39.69
238.30 39.69
242.30 39.69
240.30 39.69
245.30 39.69
243.30 39.69
245.30 39.69
247.30 39.69
242.30 39.69
247.30 39.69
245.30 39.69
249.30 39.69
255.30 39.69
252.30 39.69
252.30 39.69
252.30 39.69
253.30 39.69
252.30 39.69
254.30 39.69
248.30 39.69
249.30 39.69
249.30 39.69
247.30 39.69
245.30 39.69
239.30 39.69
241.30 39.69
247.30 39.69
246.30 39.69
245.30 39.69
240.30 39.69
246.30 39.69
243.30 39.69
247.30 39.69
241.30 39.69
243.30 39.69
244.30 39.69
248.30 39.69
244.30 39.69
245.30 39.69
243.30 39.69
237.30 39.69
244.30 39.69
242.30 39.69
245.30 39.69
243.30 39.69
243.30 39.69
242.30 39.69
241.30 39.69
243.30 39.69
240.30 39.69
238.30 39.69
239.30 39.69
241.30 39.69
239.30 39.69
246.30 39.69
239.30 39.69
242.30 39.69
246.30 39.69
242.30 39.69
243.30 39.69
239.30 39.69
246.30 39.69
240.30 39.69
243.30 39.69
241.30 39.69
242.30 39.69
244.30 39.69
246.30 39.69
247.30 39.69
245.30 39.69
248.30 39.69
247.30 39.69
247.30 39.69
257.30 39.69
252.30 39.69
254.30 39.69
251.30 38.34
252.30 38.34
253.30 38.34
248.30 38.34
256.30 38.34
257.30 38.34
251.30 38.34
246.30 38.34
249.30 38.34
246.30 38.34
249.30 38.34
250.30 38.34
241.30 38.34
244.30 38.34
244.30 38.34
237.30 38.34
245.30 38.34
243.30 38.34
243.30 38.34
237.30 38.34
241.30 38.34
235.30 38.34
233.30 38.34
237.30 38.34
235.30 38.34
240.30 38.34
237.30 38.34
235.30 38.34
231.30 38.34
235.30 38.34
237.30 38.34
231.30 38.34
240.30 38.34
236.30 38.34
240.30 38.34
238.30 38.34
244.30 38.34
242.30 38.34
246.30 38.34
238.30 38.34
245.30 38.34
238.30 38.34
243.30 38.34
246.30 38.34
244.30 38.34
242.30 38.34
242.30 38.34
246.30 38.34
247.30 38.34
246.30 38.34
243.30 38.44
240.30 38.44
241.30 38.44
241.30 38.44
241.30 38.44
240.30 38.44
244.30 38.44
238.30 38.44
245.30 38.44
244.30 38.44
245.30 38.44
244.30 38.44
246.30 38.44
246.30 38.44
249.30 38.44
250.30 38.44
248.30 38.44
250.30 38.44
245.30 38.44
248.30 38.44
251.30 38.44
246.30 38.44
248.30 38.44
247.30 38.44
245.30 38.44
248.30 38.44
241.30 38.44
241.30 38.44
248.30 38.44
243.30 38.44
244.30 38.44
245.30 38.44
242.30 38.44
247.30 38.44
239.30 38.44
241.30 38.44
241.30 38.44
243.30 38.44
240.30 38.44
239.30 38.44
237.30 38.44
241.30 38.44
238.30 38.44
235.30 38.44
240.30 38.44
239.30 38.44
234.30 38.44
238.30 38.44
231.30 38.44
238.30 38.44
238.30 38.44
235.30 38.44
237.30 38.44
235.30 38.44
234.30 38.44
237.30 38.44
243.30 38.44
243.30 38.44
243.30 38.44
241.30 38.44
241.30 38.44
235.30 38.44
238.30 38.44
241.30 38.44
241.30 38.44
238.30 38.44
244.30 38.44
240.30 38.44
239.30 38.44
244.30 38.44
244.30 38.44
239.30 38.44
247.30 38.44
245.30 38.44
247.30 38.44
249.30 38.44
250.30 38.44
255.30 38.44
252.30 38.44
255.30 38.44
253.30 38.44
259.30 38.44
258.30 38.44
252.30 38.44
253.30 38.44
261.30 38.44
250.30 38.44
253.30 38.44
248.30 38.44
248.30 38.44
246.30 38.44
247.30 38.44
245.30 38.44
242.30 38.44
239.30 38.44
244.30 38.44
248.30 38.44
246.30 38.44
243.30 38.44
241.30 38.44
239.30 38.44
241.30 38.44
239.30 38.44
239.30 38.44
237.30 38.44
243.30 38.44
241.30 38.44
237.30 38.44
236.30 38.44
233.30 38.44
234.30 38.44
234.30 38.44
232.30 38.44
233.30 38.44
236.30 38.44
235.30 38.44
235.30 38.44
230.30 38.44
228.30 38.44
233.30 38.44
232.30 38.44
233.30 38.44
228.30 38.44
229.30 38.44
236.30 38.44
232.30 38.44
235.30 38.44
237.30 38.44
231.30 38.44
232.30 38.44
233.30 38.44
230.30 38.44
231.30 38.44
228.30 38.44
224.30 38.44
229.30 38.44
231.30 38.44
235.30 38.44
231.30 38.44
232.30 38.44
233.30 38.44
239.30 38.44
244.30 38.44
238.30 38.44
241.30 38.44
248.30 38.44
246.30 38.44
247.30 38.44
251.30 38.44
246.30 38.44
247.30 39.75
250.30 39.75
250.30 39.75
249.30 39.75
244.30 39.75
248.30 39.75
240.30 39.75
249.30 39.75
241.30 39.75
234.30 39.75
240.30 39.75
247.30 39.75
241.30 39.75
240.30 39.75
242.30 39.75
242.30 39.75
242.30 39.75
242.30 39.75
241.30 39.75
238.30 39.75
234.30 39.75
242.30 39.75
241.30 39.75
241.30 39.75
236.30 39.75
238.30 39.75
240.30 39.75
237.30 39.75
242.30 39.75
237.30 39.75
245.30 39.75
237.30 39.75
243.30 39.75
243.30 39.75
245.30 39.75
241.30 39.75
243.30 39.75
248.30 39.75
246.30 39.75
243.30 39.75
246.30 39.75
245.30 39.75
252.30 39.75
250.30 39.75
252.30 39.75
249.30 39.75
239.30 39.75
242.30 39.75
241.30 39.75
245.30 39.75
245.30 39.75
245.30 39.75
241.30 39.75
249.30 39.75
244.30 39.75
245.30 39.75
243.30 39.75
244.30 39.75
250.30 39.75
246.30 39.75
252.30 39.75
249.30 39.75
247.30 39.75
252.30 39.75
247.30 39.75
244.30 39.75
245.30 39.75
245.30 39.75
242.30 39.75
244.30 39.75
249.30 39.75
248.30 39.75
248.30 39.75
240.30 39.75
241.30 39.75
243.30 39.75
243.30 39.75
245.30 39.75
241.30 39.75
241.30 39.75
243.30 39.75
249.30 39.75
252.30 39.75
251.30 39.75
252.30 39.75
247.30 39.75
251.30 39.75
257.30 39.75
251.30 39.75
251.30 39.75
248.30 39.75
253.30 39.75
248.30 39.75
249.30 39.75
249.30 39.75
246.30 39.75
243.30 39.75
245.30 39.75
240.30 39.75
236.30 39.75
243.30 39.75
248.30 39.75
243.30 39.75
248.30 39.75
238.30 39.75
247.30 39.75
242.30 39.75
245.30 39.75
242.30 39.75
241.30 39.75
238.30 39.75
246.30 39.75
246.30 39.75
248.30 39.75
244.30 39.75
239.30 39.75
246.30 39.75
240.30 39.75
246.30 39.75
244.30 39.75
245.30 39.75
243.30 39.75
249.30 39.75
245.30 39.75
247.30 39.75
249.30 39.75
250.30 39.75
251.30 39.75
252.30 39.75
252.30 39.75
251.30 39.75
252.30 39.75
245.30 39.75
250.30 39.75
248.30 39.75
247.30 39.75
243.30 39.75
247.30 39.75
245.30 39.75
248.30 39.75
237.30 39.75
244.30 39.75
245.30 39.75
251.30 39.75
246.30 39.75
244.30 39.75
245.30 39.75
248.30 39.75
244.30 39.75
249.30 39.75
248.30 39.96
253.30 39.96
252.30 39.96
253.30 39.96
251.30 39.96
248.30 39.96
252.30 39.96
246.30 39.96
251.30 39.96
252.30 39.96
249.30 39.96
249.30 39.96
251.30 39.96
242.30 39.96
245.30 39.96
245.30 39.96
246.30 39.96
245.30 39.96
249.30 39.96
245.30 39.96
243.30 39.96
252.30 39.96
244.30 39.96
253.30 39.96
250.30 39.96
252.30 39.96
251.30 39.96
251.30 39.96
247.30 39.96
254.30 39.96
254.30 39.96
245.30 39.96
250.30 39.96
255.30 39.96
244.30 39.96
247.30 39.96
248.30 39.96
250.30 39.96
244.30 39.96
245.30 39.96
252.30 39.96
252.30 39.96
252.30 39.96
253.30 39.96
251.30 39.96
253.30 39.96
248.30 39.96
248.30 39.96
253.30 39.96
255.30 39.96
253.30 39.96
250.30 39.96
253.30 39.96
251.30 39.96
250.30 39.96
244.30 39.96
246.30 39.96
245.30 39.96
245.30 39.96
245.30 39.96
242.30 39.96
247.30 39.96
244.30 39.96
242.30 39.96
245.30 39.96
245.30 39.96
246.30 39.96
245.30 39.96
248.30 39.96
249.30 39.96
244.30 39.96
247.30 39.96
250.30 39.96
249.30 39.96
249.30 39.96
254.30 39.96
248.30 39.96
249.30 39.96
254.30 39.96
248.30 39.96
251.30 39.96
249.30 39.96
244.30 39.96
247.30 39.96
246.30 39.96
250.30 39.96
247.30 39.96
246.30 39.96
247.30 39.96
247.30 39.96
251.30 39.96
255.30 39.96
247.30 39.96
254.30 39.96
256.30 39.96
252.30 39.96
254.30 39.96
255.30 39.96
252.30 39.96
253.30 39.96
250.30 39.96
246.30 39.96
248.30 39.96
247.30 39.96
246.30 39.96
243.30 39.96
248.30 39.96
244.30 39.96
249.30 39.96
246.30 39.96
248.30 39.96
250.30 39.96
250.30 39.96
253.30 39.96
252.30 39.96
251.30 39.96
252.30 39.96
257.30 39.96
254.30 39.96
252.30 39.96
252.30 39.96
250.30 39.96
251.30 39.96
246.30 39.96
245.30 39.96
249.30 39.96
246.30 39.96
250.30 39.96
247.30 39.96
245.30 39.96
251.30 39.96
248.30 39.96
253.30 39.96
252.30 39.96
256.30 39.96
253.30 39.96
253.30 39.96
252.30 39.96
258.30 39.96
247.30 39.96
251.30 39.96
249.30 39.96
254.30 39.96
252.30 39.96
249.30 39.96
246.30 39.96
247.30 39.96
251.30 39.96
240.30 39.96
243.30 39.96
243.30 39.96
242.30 39.96
241.30 39.96
244.30 39.96
244.30 39.96
250.30 39.96
249.30 39.96
252.30 39.96
253.30 39.96
255.30 39.96
247.30 39.96
248.30 39.96
253.30 39.96
254.30 39.96
252.30 39.96
250.30 39.96
250.30 39.96
245.30 39.96
254.30 39.96
250.30 39.96
246.30 39.96
244.30 39.96
248.30 39.96
245.30 39.96
250.30 39.96
254.30 39.96
242.30 39.96
244.30 39.96
249.30 39.96
250.30 39.96
248.30 39.96
253.30 39.96
257.30 39.96
251.30 39.96
253.30 39.96
251.30 39.96
252.30 39.96
253.30 39.96
252.30 39.96
249.30 39.96
247.30 39.96
250.30 39.96
246.30 39.96
246.30 39.96
242.30 39.96
247.30 39.96
244.30 39.96
254.30 39.96
242.30 39.96
250.30 39.96
248.30 39.61
249.30 39.61
249.30 39.61
242.30 39.61
250.30 39.61
249.30 39.61
250.30 39.61
254.30 39.61
252.30 39.61
250.30 39.61
250.30 39.61
247.30 39.61
247.30 39.61
245.30 39.61
252.30 39.61
245.30 39.61
246.30 39.61
247.30 39.61
242.30 39.61
247.30 39.61
253.30 39.61
246.30 39.61
248.30 39.61
253.30 39.61
248.30 39.61
249.30 39.61
248.30 39.61
247.30 39.61
249.30 39.61
246.30 39.61
245.30 39.61
244.30 39.61
242.30 39.61
244.30 39.61
243.30 39.61
241.30 39.61
245.30 39.61
242.30 39.61
239.30 39.61
245.30 39.61
243.30 39.61
244.30 39.61
238.30 39.61
242.30 39.61
244.30 39.61
245.30 39.61
247.30 39.61
248.30 39.61
244.30 39.61
248.30 39.61
247.30 38.79
250.30 38.79
247.30 38.79
247.30 38.79
253.30 38.79
245.30 38.79
248.30 38.79
245.30 38.79
247.30 38.79
248.30 38.79
246.30 38.79
247.30 38.79
249.30 38.79
246.30 38.79
251.30 38.79
250.30 38.79
253.30 38.79
249.30 38.79
255.30 38.79
259.30 38.79
255.30 38.79
252.30 38.79
256.30 38.79
255.30 38.79
255.30 38.79
259.30 38.79
258.30 38.79
253.30 38.79
252.30 38.79
251.30 38.79
247.30 38.79
245.30 38.79
245.30 38.79
248.30 38.79
247.30 38.79
241.30 38.79
241.30 38.79
245.30 38.79
245.30 38.79
239.30 38.79
246.30 38.79
245.30 38.79
246.30 38.79
247.30 38.79
246.30 38.79
244.30 38.79
246.30 38.79
243.30 38.79
243.30 38.79
242.30 38.79
247.30 39.39
241.30 39.39
244.30 39.39
239.30 39.39
244.30 39.39
240.30 39.39
243.30 39.39
235.30 39.39
241.30 39.39
239.30 39.39
242.30 39.39
248.30 39.39
242.30 39.39
240.30 39.39
248.30 39.39
245.30 39.39
243.30 39.39
246.30 39.39
249.30 39.39
248.30 39.39
246.30 39.39
244.30 39.39
251.30 39.39
251.30 39.39
249.30 39.39
246.30 39.39
249.30 39.39
247.30 39.39
250.30 39.39
254.30 39.39
254.30 39.39
249.30 39.39
249.30 39.39
254.30 39.39
255.30 39.39
252.30 39.39
250.30 39.39
250.30 39.39
248.30 39.39
254.30 39.39
254.30 39.39
249.30 39.39
249.30 39.39
248.30 39.39
253.30 39.39
249.30 39.39
247.30 39.39
248.30 39.39
250.30 39.39
247.30 39.39
245.30 39.39
250.30 39.39
249.30 39.39
250.30 39.39
253.30 39.39
249.30 39.39
246.30 39.39
247.30 39.39
248.30 39.39
247.30 39.39
249.30 39.39
246.30 39.39
246.30 39.39
249.30 39.39
248.30 39.39
243.30 39.39
248.30 39.39
240.30 39.39
241.30 39.39
244.30 39.39
248.30 39.39
242.30 39.39
243.30 39.39
253.30 39.39
244.30 39.39
247.30 39.39
249.30 39.39
249.30 39.39
253.30 39.39
246.30 39.39
252.30 39.39
252.30 39.39
252.30 39.39
249.30 39.39
249.30 39.39
252.30 39.39
249.30 39.39
243.30 39.39
245.30 39.39
247.30 39.39
241.30 39.39
242.30 39.39
239.30 39.39
238.30 39.39
244.30 39.39
243.30 39.39
243.30 39.39
241.30 39.39
243.30 39.39
240.30 39.39
244.30 39.39
247.30 39.39
245.30 39.39
244.30 39.39
244.30 39.39
242.30 39.39
246.30 39.39
248.30 39.39
244.30 39.39
244.30 39.39
247.30 39.39
241.30 39.39
244.30 39.39
243.30 39.39
244.30 39.39
246.30 39.39
241.30 39.39
249.30 39.39
246.30 39.39
252.30 39.39
252.30 39.39
245.30 39.39
249.30 39.39
253.30 39.39
251.30 39.39
249.30 39.39
248.30 39.39
249.30 39.39
240.30 39.39
248.30 39.39
243.30 39.39
242.30 39.39
245.30 39.39
250.30 39.39
246.30 39.39
246.30 39.39
240.30 39.39
246.30 39.39
249.30 39.39
249.30 39.39
249.30 39.39
245.30 39.39
251.30 39.39
244.30 39.39
247.30 39.39
250.30 39.39
243.30 39.39
245.30 39.39
248.30 39.39
247.30 39.39
243.30 39.39
245.30 39.39
241.30 39.39
240.30 39.39
242.30 39.39
239.30 39.39
243.30 39.39
245.30 39.39
243.30 39.39
244.30 39.39
243.30 39.39
248.30 39.39
248.30 39.39
241.30 39.39
244.30 39.39
250.30 39.39
244.30 39.39
245.30 39.39
247.30 39.39
250.30 39.39
246.30 39.39
247.30 39.39
244.30 39.39
247.30 39.39
242.30 39.39
240.30 39.39
243.30 39.39
248.30 39.39
244.30 39.39
243.30 39.39
242.30 39.39
243.30 39.39
249.30 39.39
248.30 39.39
250.30 39.39
251.30 39.39
248.30 39.39
252.30 39.39
252.30 39.39
248.30 39.39
244.30 39.39
245.30 39.39
237.30 39.39
241.30 39.39
243.30 39.39
243.30 39.39
239.30 39.39
237.30 39.39
239.30 39.39
240.30 39.39
242.30 39.39
241.30 39.39
238.30 39.39
237.30 39.39
244.30 39.39
243.30 39.39
240.30 39.39
237.30 39.39
242.30 39.39
245.30 39.39
241.30 39.39
246.30 39.39
248.30 39.39
246.30 39.39
248.30 39.39
246.30 39.39
245.30 39.39
245.30 39.39
246.30 39.39
245.30 39.39
248.30 39.39
255.30 39.39
248.30 39.39
252.30 39.39
256.30 39.39
259.30 39.39
258.30 39.39
260.30 39.39
259.30 39.39
254.30 39.39
260.30 39.39
258.30 39.39
261.30 39.39
258.30 39.39
258.30 39.39
254.30 39.39
251.30 39.39
255.30 39.39
252.30 39.39
247.30 39.39
241.30 39.39
244.30 39.39
245.30 39.39
240.30 39.39
237.30 39.39
244.30 39.39
240.30 39.39
241.30 39.39
245.30 39.39
243.30 39.39
245.30 38.88
247.30 38.88
249.30 38.88
246.30 38.88
238.30 38.88
244.30 38.88
247.30 38.88
240.30 38.88
245.30 38.88
243.30 38.88
241.30 38.88
238.30 38.88
238.30 38.88
240.30 38.88
237.30 38.88
237.30 38.88
237.30 38.88
242.30 38.88
239.30 38.88
247.30 38.88
251.30 38.88
245.30 38.88
244.30 38.88
239.30 38.88
245.30 38.88
246.30 38.88
251.30 38.88
248.30 38.88
251.30 38.88
247.30 38.88
248.30 38.88
242.30 38.88
244.30 38.88
241.30 38.88
247.30 38.88
246.30 38.88
245.30 38.88
247.30 38.88
245.30 38.88
240.30 38.88
240.30 38.88
243.30 38.88
242.30 38.88
251.30 38.88
254.30 38.88
246.30 38.88
247.30 38.88
246.30 38.88
249.30 38.88
241.30 38.88
243.30 38.88
243.30 38.88
241.30 38.88
240.30 38.88
239.30 38.88
241.30 38.88
243.30 38.88
247.30 38.88
237.30 38.88
248.30 38.88
245.30 38.88
251.30 38.88
242.30 38.88
248.30 38.88
252.30 38.88
252.30 38.88
250.30 38.88
253.30 38.88
252.30 38.88
253.30 38.88
255.30 38.88
256.30 38.88
250.30 38.88
246.30 38.88
249.30 38.88
248.30 38.88
249.30 38.88
243.30 38.88
248.30 38.88
243.30 38.88
246.30 38.88
246.30 38.88
243.30 38.88
246.30 38.88
242.30 38.88
246.30 38.88
244.30 38.88
242.30 38.88
244.30 38.88
246.30 38.88
249.30 38.88
245.30 38.88
245.30 38.88
244.30 38.88
238.30 38.88
244.30 38.88
246.30 38.88
242.30 38.88
239.30 38.88
244.30 38.88
239.30 38.88
240.30 38.88
246.30 38.88
245.30 38.88
242.30 38.88
245.30 38.88
250.30 38.88
250.30 38.88
244.30 38.88
246.30 38.88
245.30 38.88
250.30 38.88
245.30 38.88
252.30 38.88
244.30 38.88
241.30 38.88
245.30 38.88
248.30 38.88
247.30 38.88
241.30 38.88
247.30 38.88
246.30 38.88
244.30 38.88
244.30 38.88
247.30 38.88
247.30 38.88
251.30 38.88
245.30 38.88
251.30 38.88
245.30 38.88
249.30 38.88
252.30 38.88
248.30 38.88
245.30 38.88
247.30 38.88
246.30 38.88
248.30 38.88
241.30 38.88
243.30 38.88
245.30 38.88
244.30 38.88
247.30 38.88
241.30 38.88
241.30 38.88
244.30 38.88
245.30 38.88
245.30 38.88
247.30 38.88
246.30 38.88
243.30 38.88
243.30 38.38
239.30 38.38
239.30 38.38
246.30 38.38
242.30 38.38
250.30 38.38
246.30 38.38
246.30 38.38
247.30 38.38
247.30 38.38
245.30 38.38
252.30 38.38
247.30 38.38
248.30 38.38
242.30 38.38
249.30 38.38
243.30 38.38
248.30 38.38
243.30 38.38
243.30 38.38
245.30 38.38
245.30 38.38
247.30 38.38
245.30 38.38
241.30 38.38
241.30 38.38
239.30 38.38
244.30 38.38
244.30 38.38
244.30 38.38
239.30 38.38
234.30 38.38
244.30 38.38
237.30 38.38
238.30 38.38
237.30 38.38
237.30 38.38
234.30 38.38
240.30 38.38
241.30 38.38
239.30 38.38
238.30 38.38
245.30 38.38
245.30 38.38
245.30 38.38
244.30 38.38
241.30 38.38
242.30 38.38
240.30 38.38
248.30 38.38
243.30 39.43
244.30 39.43
243.30 39.43
240.30 39.43
246.30 39.43
241.30 39.43
246.30 39.43
241.30 39.43
245.30 39.43
239.30 39.43
241.30 39.43
239.30 39.43
241.30 39.43
241.30 39.43
243.30 39.43
248.30 39.43
242.30 39.43
246.30 39.43
246.30 39.43
249.30 39.43
250.30 39.43
249.30 39.43
243.30 39.43
250.30 39.43
245.30 39.43
245.30 39.43
242.30 39.43
243.30 39.43
240.30 39.43
246.30 39.43
242.30 39.43
241.30 39.43
240.30 39.43
238.30 39.43
243.30 39.43
242.30 39.43
237.30 39.43
237.30 39.43
240.30 39.43
245.30 39.43
240.30 39.43
246.30 39.43
239.30 39.43
248.30 39.43
241.30 39.43
241.30 39.43
241.30 39.43
242.30 39.43
244.30 39.43
241.30 39.43
243.30 39.27
244.30 39.27
245.30 39.27
238.30 39.27
247.30 39.27
248.30 39.27
245.30 39.27
242.30 39.27
248.30 39.27
246.30 39.27
249.30 39.27
244.30 39.27
247.30 39.27
241.30 39.27
247.30 39.27
245.30 39.27
241.30 39.27
245.30 39.27
246.30 39.27
244.30 39.27
243.30 39.27
235.30 39.27
239.30 39.27
242.30 39.27
239.30 39.27
239.30 39.27
244.30 39.27
241.30 39.27
241.30 39.27
246.30 39.27
241.30 39.27
242.30 39.27
241.30 39.27
248.30 39.27
244.30 39.27
245.30 39.27
242.30 39.27
241.30 39.27
244.30 39.27
237.30 39.27
241.30 39.27
244.30 39.27
241.30 39.27
243.30 39.27
241.30 39.27
246.30 39.27
243.30 39.27
237.30 39.27
248.30 39.27
248.30 39.27
242.30 39.66
250.30 39.66
249.30 39.66
247.30 39.66
249.30 39.66
253.30 39.66
250.30 39.66
254.30 39.66
253.30 39.66
255.30 39.66
250.30 39.66
252.30 39.66
253.30 39.66
250.30 39.66
247.30 39.66
249.30 39.66
251.30 39.66
243.30 39.66
250.30 39.66
250.30 39.66
244.30 39.66
245.30 39.66
243.30 39.66
241.30 39.66
243.30 39.66
243.30 39.66
244.30 39.66
246.30 39.66
252.30 39.66
247.30 39.66
241.30 39.66
243.30 39.66
250.30 39.66
251.30 39.66
251.30 39.66
247.30 39.66
247.30 39.66
244.30 39.66
246.30 39.66
252.30 39.66
247.30 39.66
245.30 39.66
248.30 39.66
241.30 39.66
243.30 39.66
244.30 39.66
246.30 39.66
244.30 39.66
246.30 39.66
240.30 39.66
248.30 39.66
242.30 39.66
246.30 39.66
246.30 39.66
239.30 39.66
245.30 39.66
244.30 39.66
246.30 39.66
243.30 39.66
245.30 39.66
239.30 39.66
243.30 39.66
240.30 39.66
239.30 39.66
241.30 39.66
245.30 39.66
245.30 39.66
245.30 39.66
243.30 39.66
245.30 39.66
245.30 39.66
244.30 39.66
251.30 39.66
248.30 39.66
252.30 39.66
250.30 39.66
247.30 39.66
248.30 39.66
246.30 39.66
248.30 39.66
244.30 39.66
244.30 39.66
241.30 39.66
242.30 39.66
248.30 39.66
245.30 39.66
244.30 39.66
245.30 39.66
247.30 39.66
244.30 39.66
248.30 39.66
253.30 39.66
252.30 39.66
248.30 39.66
252.30 39.66
256.30 39.66
253.30 39.66
255.30 39.66
260.30 39.66
257.30 39.66
257.30 39.66
256.30 39.66
258.30 39.66
257.30 39.66
255.30 39.66
253.30 39.66
256.30 39.66
252.30 39.66
248.30 39.66
245.30 39.66
246.30 39.66
244.30 39.66
241.30 39.66
245.30 39.66
247.30 39.66
241.30 39.66
240.30 39.66
243.30 39.66
239.30 39.66
244.30 39.66
240.30 39.66
239.30 39.66
235.30 39.66
237.30 39.66
243.30 39.66
239.30 39.66
242.30 39.66
236.30 39.66
239.30 39.66
238.30 39.66
244.30 39.66
237.30 39.66
237.30 39.66
237.30 39.66
242.30 39.66
238.30 39.66
243.30 39.66
242.30 39.66
243.30 39.66
247.30 39.66
242.30 39.66
243.30 39.66
248.30 39.66
247.30 39.66
240.30 39.66
243.30 39.66
246.30 39.66
242.30 39.66
246.30 39.66
243.30 39.66
243.30 39.10
248.30 39.10
250.30 39.10
249.30 39.10
242.30 39.10
242.30 39.10
248.30 39.10
248.30 39.10
248.30 39.10
245.30 39.10
243.30 39.10
244.30 39.10
246.30 39.10
248.30 39.10
246.30 39.10
244.30 39.10
244.30 39.10
245.30 39.10
250.30 39.10
243.30 39.10
246.30 39.10
247.30 39.10
252.30 39.10
246.30 39.10
246.30 39.10
245.30 39.10
245.30 39.10
248.30 39.10
242.30 39.10
247.30 39.10
247.30 39.10
248.30 39.10
248.30 39.10
253.30 39.10
253.30 39.10
260.30 39.10
262.30 39.10
265.30 39.10
263.30 39.10
262.30 39.10
259.30 39.10
263.30 39.10
258.30 39.10
257.30 39.10
259.30 39.10
257.30 39.10
254.30 39.10
250.30 39.10
246.30 39.10
253.30 39.10
250.30 39.10
245.30 39.10
244.30 39.10
245.30 39.10
247.30 39.10
240.30 39.10
246.30 39.10
245.30 39.10
247.30 39.10
239.30 39.10
241.30 39.10
245.30 39.10
241.30 39.10
246.30 39.10
245.30 39.10
244.30 39.10
240.30 39.10
240.30 39.10
242.30 39.10
238.30 39.10
246.30 39.10
245.30 39.10
249.30 39.10
242.30 39.10
245.30 39.10
242.30 39.10
248.30 39.10
246.30 39.10
246.30 39.10
248.30 39.10
248.30 39.10
250.30 39.10
248.30 39.10
248.30 39.10
251.30 39.10
248.30 39.10
246.30 39.10
247.30 39.10
246.30 39.10
246.30 39.10
246.30 39.10
247.30 39.10
248.30 39.10
245.30 39.10
245.30 39.10
249.30 39.10
249.30 39.10
247.30 39.10
248.30 39.10
247.30 39.10
246.30 39.53
253.30 39.53
249.30 39.53
248.30 39.53
251.30 39.53
248.30 39.53
247.30 39.53
247.30 39.53
253.30 39.53
256.30 39.53
247.30 39.53
251.30 39.53
245.30 39.53
250.30 39.53
248.30 39.53
248.30 39.53
245.30 39.53
244.30 39.53
245.30 39.53
240.30 39.53
247.30 39.53
248.30 39.53
249.30 39.53
248.30 39.53
247.30 39.53
253.30 39.53
248.30 39.53
250.30 39.53
251.30 39.53
248.30 39.53
246.30 39.53
248.30 39.53
249.30 39.53
253.30 39.53
254.30 39.53
255.30 39.53
248.30 39.53
252.30 39.53
241.30 39.53
239.30 39.53
238.30 39.53
240.30 39.53
245.30 39.53
241.30 39.53
244.30 39.53
241.30 39.53
248.30 39.53
241.30 39.53
236.30 39.53
240.30 39.53
239.30 39.53
236.30 39.53
242.30 39.53
241.30 39.53
239.30 39.53
241.30 39.53
241.30 39.53
244.30 39.53
239.30 39.53
247.30 39.53
240.30 39.53
242.30 39.53
245.30 39.53
244.30 39.53
245.30 39.53
245.30 39.53
245.30 39.53
248.30 39.53
243.30 39.53
245.30 39.53
244.30 39.53
247.30 39.53
241.30 39.53
240.30 39.53
244.30 39.53
245.30 39.53
245.30 39.53
244.30 39.53
241.30 39.53
248.30 39.53
243.30 39.53
242.30 39.53
245.30 39.53
239.30 39.53
242.30 39.53
243.30 39.53
246.30 39.53
244.30 39.53
250.30 39.53
249.30 39.53
256.30 39.53
253.30 39.53
261.30 39.53
257.30 39.53
263.30 39.53
257.30 39.53
257.30 39.53
259.30 39.53
257.30 39.53
260.30 39.53
256.30 38.36
257.30 38.36
253.30 38.36
259.30 38.36
251.30 38.36
248.30 38.36
252.30 38.36
256.30 38.36
245.30 38.36
250.30 38.36
246.30 38.36
246.30 38.36
243.30 38.36
243.30 38.36
246.30 38.36
247.30 38.36
242.30 38.36
246.30 38.36
244.30 38.36
243.30 38.36
240.30 38.36
242.30 38.36
240.30 38.36
240.30 38.36
243.30 38.36
237.30 38.36
241.30 38.36
241.30 38.36
240.30 38.36
248.30 38.36
241.30 38.36
245.30 38.36
243.30 38.36
248.30 38.36
247.30 38.36
247.30 38.36
247.30 38.36
242.30 38.36
245.30 38.36
244.30 38.36
244.30 38.36
243.30 38.36
244.30 38.36
240.30 38.36
238.30 38.36
241.30 38.36
241.30 38.36
243.30 38.36
246.30 38.36
239.30 38.36
243.30 38.06
245.30 38.06
246.30 38.06
250.30 38.06
250.30 38.06
257.30 38.06
256.30 38.06
258.30 38.06
261.30 38.06
254.30 38.06
257.30 38.06
259.30 38.06
255.30 38.06
251.30 38.06
252.30 38.06
253.30 38.06
249.30 38.06
248.30 38.06
246.30 38.06
244.30 38.06
242.30 38.06
244.30 38.06
241.30 38.06
241.30 38.06
243.30 38.06
243.30 38.06
242.30 38.06
240.30 38.06
242.30 38.06
247.30 38.06
249.30 38.06
248.30 38.06
247.30 38.06
244.30 38.06
241.30 38.06
243.30 38.06
246.30 38.06
243.30 38.06
244.30 38.06
240.30 38.06
241.30 38.06
245.30 38.06
241.30 38.06
247.30 38.06
246.30 38.06
248.30 38.06
246.30 38.06
248.30 38.06
247.30 38.06
247.30 38.06
247.30 39.32
245.30 39.32
244.30 39.32
243.30 39.32
243.30 39.32
242.30 39.32
246.30 39.32
241.30 39.32
245.30 39.32
240.30 39.32
239.30 39.32
238.30 39.32
245.30 39.32
241.30 39.32
238.30 39.32
246.30 39.32
245.30 39.32
247.30 39.32
241.30 39.32
244.30 39.32
247.30 39.32
241.30 39.32
245.30 39.32
246.30 39.32
242.30 39.32
242.30 39.32
244.30 39.32
242.30 39.32
240.30 39.32
251.30 39.32
242.30 39.32
246.30 39.32
246.30 39.32
247.30 39.32
245.30 39.32
244.30 39.32
238.30 39.32
242.30 39.32
242.30 39.32
240.30 39.32
238.30 39.32
242.30 39.32
244.30 39.32
244.30 39.32
244.30 39.32
242.30 39.32
239.30 39.32
244.30 39.32
242.30 39.32
237.30 39.32
237.30 39.32
237.30 39.32
238.30 39.32
238.30 39.32
246.30 39.32
240.30 39.32
244.30 39.32
239.30 39.32
243.30 39.32
243.30 39.32
244.30 39.32
242.30 39.32
246.30 39.32
245.30 39.32
248.30 39.32
253.30 39.32
251.30 39.32
248.30 39.32
243.30 39.32
248.30 39.32
243.30 39.32
240.30 39.32
245.30 39.32
247.30 39.32
248.30 39.32
246.30 39.32
246.30 39.32
244.30 39.32
247.30 39.32
245.30 39.32
245.30 39.32
245.30 39.32
244.30 39.32
242.30 39.32
250.30 39.32
244.30 39.32
243.30 39.32
243.30 39.32
242.30 39.32
244.30 39.32
245.30 39.32
242.30 39.32
245.30 39.32
246.30 39.32
245.30 39.32
244.30 39.32
247.30 39.32
242.30 39.32
247.30 39.32
243.30 39.32
245.30 39.32
247.30 39.32
244.30 39.32
241.30 39.32
243.30 39.32
236.30 39.32
241.30 39.32
238.30 39.32
243.30 39.32
240.30 39.32
244.30 39.32
244.30 39.32
243.30 39.32
242.30 39.32
241.30 39.32
244.30 39.32
244.30 39.32
244.30 39.32
248.30 39.32
249.30 39.32
245.30 39.32
253.30 39.32
251.30 39.32
248.30 39.32
256.30 39.32
252.30 39.32
251.30 39.32
251.30 39.32
254.30 39.32
246.30 39.32
246.30 39.32
247.30 39.32
249.30 39.32
243.30 39.32
244.30 39.32
241.30 39.32
250.30 39.32
245.30 39.32
250.30 39.32
245.30 39.32
241.30 39.32
246.30 39.32
247.30 39.32
247.30 39.32
246.30 39.32
246.30 39.32
246.30 39.32
246.30 39.32
246.30 39.32
245.30 39.32
Re