159.91 46.68
153.91 46.68
148.91 46.68
145.91 46.68
150.91 46.68
153.91 46.68
144.91 46.68
147.91 46.68
148.91 46.68
150.91 46.68
151.91 46.68
143.91 46.68
142.91 46.68
145.91 46.68
147.91 46.68
142.91 46.68
138.91 46.68
139.91 46.68
145.91 46.68
143.91 46.68
136.91 46.68
132.91 46.68
135.91 46.68
133.91 46.68
135.91 46.68
136.91 46.68
132.91 46.68
122.91 46.68
139.91 46.68
129.91 46.68
128.91 46.68
127.91 46.68
128.91 46.68
129.91 46.68
121.91 46.68
121.91 46.68
115.91 46.68
117.91 46.68
115.91 46.68
113.91 46.68
121.91 46.68
113.91 46.68
119.91 46.68
116.91 46.68
119.91 46.68
112.91 46.68
114.91 46.68
115.91 46.68
113.91 46.68
111.91 46.68
113.91 46.68
115.91 46.68
111.91 46.68
112.91 46.68
115.91 46.68
110.91 46.68
112.91 46.68
110.91 46.68
109.91 46.68
108.91 46.68
110.91 46.68
111.91 46.68
120.91 46.68
108.91 46.68
112.91 46.68
113.91 46.68
118.91 46.68
113.91 46.68
115.91 46.68
109.91 46.68
114.91 46.68
118.91 46.68
116.91 46.68
111.91 46.68
111.91 46.68
109.91 46.68
112.91 46.68
108.91 46.68
104.91 46.68
106.91 46.68
109.91 46.68
109.91 46.68
107.91 46.68
113.91 46.68
105.91 46.68
107.91 46.68
110.91 46.68
109.91 46.68
110.91 46.68
103.91 46.68
103.91 46.68
105.91 46.68
105.91 46.68
106.91 46.68
102.91 46.68
105.91 46.68
100.91 46.68
99.91 46.68
102.91 46.68
101.91 46.68
103.91 58.68
101.91 58.68
101.91 58.68
96.91 58.68
100.91 58.68
102.91 58.68
97.91 58.68
97.91 58.68
96.91 58.68
98.91 58.68
95.91 58.68
96.91 58.68
101.91 58.68
97.91 58.68
101.91 58.68
92.91 58.68
101.91 58.68
98.91 58.68
99.91 58.68
95.91 58.68
105.91 58.68
101.91 58.68
102.91 58.68
100.91 58.68
99.91 58.68
98.91 58.68
104.91 58.68
101.91 58.68
101.91 58.68
105.91 58.68
102.91 46.68
104.91 46.68
101.91 46.68
105.91 46.68
105.91 46.68
105.91 46.68
107.91 46.68
104.91 46.68
104.91 46.68
107.91 46.68
104.91 46.68
102.91 46.68
108.91 46.68
104.91 46.68
105.91 46.68
106.91 46.68
105.91 46.68
107.91 46.68
108.91 46.68
107.91 46.68
104.91 46.68
103.91 46.68
108.91 46.68
110.91 46.68
106.91 46.68
106.91 46.68
110.91 46.68
106.91 46.68
103.91 46.68
101.91 46.68
107.91 58.68
101.91 58.68
103.91 58.68
101.91 58.68
106.91 58.68
110.91 58.68
100.91 58.68
108.91 58.68
107.91 58.68
102.91 58.68
105.91 58.68
105.91 58.68
106.91 58.68
104.91 58.68
103.91 58.68
106.91 58.68
108.91 58.68
111.91 58.68
108.91 58.68
110.91 58.68
108.91 58.68
109.91 58.68
106.91 58.68
108.91 58.68
108.91 58.68
112.91 58.68
111.91 58.68
113.91 58.68
109.91 58.68
110.91 58.68
116.91 46.68
105.91 46.68
113.91 46.68
116.91 46.68
110.91 46.68
111.91 46.68
112.91 46.68
117.91 46.68
104.91 46.68
114.91 46.68
116.91 58.68
119.91 58.68
109.91 58.68
114.91 58.68
118.91 58.68
117.91 58.68
112.91 58.68
111.91 58.68
115.91 58.68
114.91 58.68
113.91 58.68
112.91 58.68
114.91 58.68
118.91 58.68
116.91 58.68
111.91 58.68
113.91 58.68
117.91 58.68
117.91 58.68
113.91 58.68
113.91 46.68
112.91 46.68
113.91 46.68
108.91 46.68
111.91 46.68
114.91 46.68
113.91 46.68
111.91 46.68
106.91 46.68
112.91 46.68
110.91 46.68
108.91 46.68
112.91 46.68
110.91 46.68
113.91 46.68
118.91 46.68
114.91 46.68
107.91 46.68
107.91 46.68
115.91 46.68
113.91 46.68
118.91 46.68
117.91 46.68
110.91 46.68
110.91 46.68
106.91 46.68
110.91 46.68
115.91 46.68
118.91 46.68
111.91 46.68
111.91 58.68
114.91 58.68
114.91 58.68
110.91 58.68
109.91 58.68
109.91 58.68
112.91 58.68
119.91 58.68
106.91 58.68
116.91 58.68
109.91 46.68
111.91 46.68
111.91 46.68
115.91 46.68
111.91 46.68
110.91 46.68
104.91 46.68
112.91 46.68
110.91 46.68
107.91 46.68
116.91 46.68
108.91 46.68
115.91 46.68
113.91 46.68
114.91 46.68
113.91 46.68
115.91 46.68
112.91 46.68
111.91 46.68
113.91 46.68
108.91 58.68
108.91 58.68
109.91 58.68
115.91 58.68
116.91 58.68
120.91 58.68
115.91 58.68
112.91 58.68
113.91 58.68
106.91 58.68
108.91 58.68
117.91 58.68
119.91 58.68
115.91 58.68
109.91 58.68
111.91 58.68
115.91 58.68
112.91 58.68
104.91 58.68
109.91 58.68
111.91 46.68
113.91 46.68
113.91 46.68
110.91 46.68
112.91 46.68
114.91 46.68
114.91 46.68
111.91 46.68
113.91 46.68
115.91 46.68
119.91 58.68
115.91 58.68
110.91 58.68
110.91 58.68
118.91 58.68
106.91 58.68
109.91 58.68
113.91 58.68
120.91 58.68
109.91 58.68
108.91 46.68
113.91 46.68
114.91 46.68
108.91 46.68
111.91 46.68
110.91 46.68
112.91 46.68
110.91 46.68
105.91 46.68
115.91 46.68
110.91 58.68
113.91 58.68
110.91 58.68
108.91 58.68
113.91 58.68
111.91 58.68
116.91 58.68
110.91 58.68
106.91 58.68
112.91 58.68
116.91 46.68
111.91 46.68
115.91 46.68
111.91 46.68
115.91 46.68
111.91 46.68
111.91 46.68
111.91 46.68
111.91 46.68
117.91 46.68
109.91 46.68
116.91 46.68
114.91 46.68
114.91 46.68
111.91 46.68
119.91 46.68
111.91 46.68
111.91 46.68
112.91 46.68
111.91 46.68
117.91 46.68
114.91 46.68
114.91 46.68
111.91 46.68
114.91 46.68
118.91 46.68
121.91 46.68
112.91 46.68
111.91 46.68
112.91 46.68
114.91 58.68
116.91 58.68
111.91 58.68
110.91 58.68
111.91 58.68
114.91 58.68
116.91 58.68
112.91 58.68
118.91 58.68
106.91 58.68
117.91 46.68
111.91 46.68
110.91 46.68
111.91 46.68
116.91 46.68
115.91 46.68
111.91 46.68
110.91 46.68
111.91 46.68
113.91 46.68
113.91 46.68
111.91 46.68
108.91 46.68
118.91 46.68
113.91 46.68
112.91 46.68
112.91 46.68
117.91 46.68
116.91 46.68
113.91 46.68
115.91 46.68
110.91 46.68
115.91 46.68
113.91 46.68
113.91 46.68
111.91 46.68
114.91 46.68
114.91 46.68
109.91 46.68
110.91 46.68
115.91 46.68
113.91 46.68
108.91 46.68
110.91 46.68
108.91 46.68
105.91 46.68
109.91 46.68
109.91 46.68
112.91 46.68
107.91 46.68
109.91 58.68
108.91 58.68
109.91 58.68
99.91 58.68
111.91 58.68
109.91 58.68
105.91 58.68
109.91 58.68
106.91 58.68
104.91 58.68
104.91 46.68
105.91 46.68
106.91 46.68
108.91 46.68
105.91 46.68
104.91 46.68
106.91 46.68
105.91 46.68
101.91 46.68
104.91 46.68
106.91 58.68
104.91 58.68
104.91 58.68
105.91 58.68
103.91 58.68
104.91 58.68
108.91 58.68
104.91 58.68
104.91 58.68
101.91 58.68
106.91 46.68
106.91 46.68
110.91 46.68
105.91 46.68
108.91 46.68
105.91 46.68
108.91 46.68
106.91 46.68
108.91 46.68
105.91 46.68
106.91 58.68
103.91 58.68
108.91 58.68
109.91 58.68
105.91 58.68
104.91 58.68
104.91 58.68
108.91 58.68
100.91 58.68
109.91 58.68
114.91 58.68
109.91 58.68
107.91 58.68
108.91 58.68
113.91 58.68
111.91 58.68
109.91 58.68
106.91 58.68
113.91 58.68
115.91 58.68
114.91 58.68
111.91 58.68
113.91 58.68
113.91 58.68
112.91 58.68
109.91 58.68
113.91 58.68
115.91 58.68
105.91 58.68
117.91 58.68
114.91 46.68
117.91 46.68
110.91 46.68
109.91 46.68
114.91 46.68
112.91 46.68
112.91 46.68
110.91 46.68
109.91 46.68
118.91 46.68
117.91 46.68
111.91 46.68
111.91 46.68
114.91 46.68
111.91 46.68
115.91 46.68
111.91 46.68
114.91 46.68
109.91 46.68
115.91 46.68
119.91 46.68
107.91 46.68
109.91 46.68
107.91 46.68
111.91 46.68
109.91 46.68
117.91 46.68
116.91 46.68
108.91 46.68
104.91 46.68
113.91 46.68
117.91 46.68
112.91 46.68
111.91 46.68
112.91 46.68
114.91 46.68
113.91 46.68
110.91 46.68
110.91 46.68
117.91 46.68
114.91 58.68
110.91 58.68
113.91 58.68
117.91 58.68
115.91 58.68
111.91 58.68
109.91 58.68
117.91 58.68
112.91 58.68
109.91 58.68
105.91 46.68
116.91 46.68
115.91 46.68
113.91 46.68
108.91 46.68
119.91 46.68
111.91 46.68
118.91 46.68
110.91 46.68
115.91 46.68
114.91 58.68
110.91 58.68
111.91 58.68
109.91 58.68
114.91 58.68
112.91 58.68
111.91 58.68
114.91 58.68
114.91 58.68
110.91 58.68
112.91 58.68
112.91 58.68
111.91 58.68
121.91 58.68
116.91 58.68
106.91 58.68
110.91 58.68
109.91 58.68
115.91 58.68
112.91 58.68
107.91 46.68
116.91 46.68
114.91 46.68
109.91 46.68
115.91 46.68
115.91 46.68
109.91 46.68
113.91 46.68
116.91 46.68
112.91 46.68
111.91 58.68
119.91 58.68
114.91 58.68
111.91 58.68
115.91 58.68
113.91 58.68
116.91 58.68
112.91 58.68
107.91 58.68
112.91 58.68
115.91 46.68
110.91 46.68
111.91 46.68
111.91 46.68
113.91 46.68
110.91 46.68
113.91 46.68
112.91 46.68
113.91 46.68
112.91 46.68
110.91 58.68
120.91 58.68
111.91 58.68
113.91 58.68
112.91 58.68
112.91 58.68
110.91 58.68
111.91 58.68
116.91 58.68
109.91 58.68
113.91 46.68
114.91 46.68
113.91 46.68
109.91 46.68
114.91 46.68
115.91 46.68
113.91 46.68
113.91 46.68
116.91 46.68
111.91 46.68
122.91 58.68
109.91 58.68
112.91 58.68
112.91 58.68
114.91 58.68
108.91 58.68
103.91 58.68
112.91 58.68
114.91 58.68
113.91 58.68
105.91 58.68
112.91 58.68
112.91 58.68
118.91 58.68
111.91 58.68
116.91 58.68
108.91 58.68
111.91 58.68
113.91 58.68
116.91 58.68
117.91 58.68
110.91 58.68
117.91 58.68
114.91 58.68
111.91 58.68
109.91 58.68
106.91 58.68
111.91 58.68
124.91 58.68
114.91 58.68
108.91 58.68
111.91 58.68
121.91 58.68
121.91 58.68
116.91 58.68
117.91 58.68
121.91 58.68
118.91 58.68
117.91 58.68
130.91 58.68
127.91 58.68
126.91 58.68
116.91 58.68
131.91 58.68
125.91 58.68
125.91 58.68
125.91 58.68
134.91 58.68
138.91 58.68
133.91 58.68
145.91 46.68
138.91 46.68
141.91 46.68
137.91 46.68
152.91 46.68
147.91 46.68
142.91 46.68
140.91 46.68
156.91 46.68
146.91 46.68
152.91 58.68
143.91 58.68
152.91 58.68
153.91 58.68
146.91 58.68
151.91 58.68
148.91 58.68
156.91 58.68
153.91 58.68
157.91 58.68
148.91 46.68
152.91 46.68
161.91 46.68
161.91 46.68
160.91 46.68
153.91 46.68
165.91 46.68
161.91 46.68
163.91 46.68
163.91 46.68
160.91 46.68
162.91 46.68
162.91 46.68
167.91 46.68
158.91 46.68
158.91 46.68
162.91 46.68
170.91 46.68
160.91 46.68
161.91 46.68
162.91 46.68
159.91 46.68
158.91 46.68
152.91 46.68
154.91 46.68
156.91 46.68
155.91 46.68
148.91 46.68
148.91 46.68
144.91 46.68
146.91 46.68
146.91 46.68
148.91 46.68
144.91 46.68
135.91 46.68
146.91 46.68
131.91 46.68
131.91 46.68
129.91 46.68
127.91 46.68
130.91 46.68
136.91 46.68
128.91 46.68
119.91 46.68
127.91 46.68
124.91 46.68
127.91 46.68
119.91 46.68
126.91 46.68
118.91 46.68
120.91 46.68
117.91 46.68
114.91 46.68
113.91 46.68
115.91 46.68
116.91 46.68
111.91 46.68
113.91 46.68
115.91 46.68
114.91 46.68
113.91 46.68
111.91 46.68
113.91 46.68
113.91 46.68
115.91 46.68
108.91 46.68
109.91 46.68
113.91 46.68
115.91 46.68
115.91 46.68
115.91 46.68
115.91 46.68
112.91 46.68
111.91 46.68
112.91 46.68
110.91 46.68
116.91 46.68
110.91 46.68
108.91 46.68
111.91 46.68
112.91 58.68
113.91 58.68
112.91 58.68
109.91 58.68
115.91 58.68
111.91 58.68
114.91 58.68
111.91 58.68
108.91 58.68
112.91 58.68
114.91 46.68
105.91 46.68
112.91 46.68
105.91 46.68
113.91 46.68
116.91 46.68
108.91 46.68
114.91 46.68
112.91 46.68
106.91 46.68
109.91 58.68
108.91 58.68
108.91 58.68
110.91 58.68
108.91 58.68
108.91 58.68
105.91 58.68
109.91 58.68
108.91 58.68
107.91 58.68
111.91 46.68
113.91 46.68
111.91 46.68
113.91 46.68
106.91 46.68
112.91 46.68
113.91 46.68
110.91 46.68
112.91 46.68
110.91 46.68
111.91 58.68
110.91 58.68
107.91 58.68
110.91 58.68
111.91 58.68
107.91 58.68
111.91 58.68
115.91 58.68
104.91 58.68
109.91 58.68
111.91 46.68
113.91 46.68
114.91 46.68
111.91 46.68
111.91 46.68
111.91 46.68
115.91 46.68
110.91 46.68
111.91 46.68
110.91 46.68
116.91 58.68
111.91 58.68
108.91 58.68
111.91 58.68
110.91 58.68
109.91 58.68
106.91 58.68
115.91 58.68
112.91 58.68
113.91 58.68
117.91 46.68
110.91 46.68
114.91 46.68
107.91 46.68
115.91 46.68
111.91 46.68
113.91 46.68
115.91 46.68
113.91 46.68
112.91 46.68
113.91 58.68
116.91 58.68
111.91 58.68
114.91 58.68
114.91 58.68
107.91 58.68
113.91 58.68
114.91 58.68
111.91 58.68
110.91 58.68
109.91 46.68
119.91 46.68
112.91 46.68
111.91 46.68
112.91 46.68
109.91 46.68
115.91 46.68
111.91 46.68
118.91 46.68
113.91 46.68
112.91 46.68
107.91 46.68
107.91 46.68
116.91 46.68
111.91 46.68
116.91 46.68
111.91 46.68
112.91 46.68
111.91 46.68
116.91 46.68
112.91 46.68
110.91 46.68
113.91 46.68
115.91 46.68
108.91 46.68
106.91 46.68
105.91 46.68
111.91 46.68
114.91 46.68
113.91 46.68
112.91 46.68
113.91 46.68
111.91 46.68
108.91 46.68
107.91 46.68
112.91 46.68
109.91 46.68
106.91 46.68
109.91 46.68
108.91 46.68
109.91 58.68
104.91 58.68
108.91 58.68
102.91 58.68
106.91 58.68
105.91 58.68
108.91 58.68
109.91 58.68
103.91 58.68
107.91 58.68
106.91 46.68
108.91 46.68
108.91 46.68
104.91 46.68
109.91 46.68
109.91 46.68
107.91 46.68
107.91 46.68
111.91 46.68
111.91 46.68
110.91 58.68
101.91 58.68
104.91 58.68
110.91 58.68
103.91 58.68
107.91 58.68
109.91 58.68
106.91 58.68
101.91 58.68
104.91 58.68
108.91 58.68
107.91 58.68
107.91 58.68
111.91 58.68
109.91 58.68
106.91 58.68
112.91 58.68
107.91 58.68
111.91 58.68
113.91 58.68
110.91 58.68
107.91 58.68
109.91 58.68
114.91 58.68
111.91 58.68
108.91 58.68
114.91 58.68
113.91 58.68
111.91 58.68
110.91 58.68
110.91 58.68
119.91 58.68
113.91 58.68
107.91 58.68
111.91 58.68
113.91 58.68
114.91 58.68
110.91 58.68
113.91 58.68
108.91 58.68
118.91 46.68
111.91 46.68
114.91 46.68
113.91 46.68
117.91 46.68
112.91 46.68
113.91 46.68
115.91 46.68
115.91 46.68
116.91 46.68
116.91 46.68
116.91 46.68
115.91 46.68
112.91 46.68
110.91 46.68
111.91 46.68
112.91 46.68
112.91 46.68
112.91 46.68
116.91 46.68
113.91 46.68
110.91 46.68
115.91 46.68
112.91 46.68
106.91 46.68
109.91 46.68
119.91 46.68
115.91 46.68
114.91 46.68
109.91 46.68
110.91 58.68
106.91 58.68
119.91 58.68
112.91 58.68
110.91 58.68
114.91 58.68
117.91 58.68
114.91 58.68
113.91 58.68
111.91 58.68
109.91 46.68
114.91 46.68
111.91 46.68
110.91 46.68
109.91 46.68
118.91 46.68
111.91 46.68
115.91 46.68
111.91 46.68
115.91 46.68
106.91 58.68
112.91 58.68
113.91 58.68
118.91 58.68
109.91 58.68
114.91 58.68
112.91 58.68
121.91 58.68
112.91 58.68
114.91 58.68
109.91 58.68
113.91 58.68
113.91 58.68
112.91 58.68
111.91 58.68
115.91 58.68
111.91 58.68
106.91 58.68
116.91 58.68
110.91 58.68
112.91 46.68
110.91 46.68
109.91 46.68
117.91 46.68
114.91 46.68
107.91 46.68
116.91 46.68
110.91 46.68
111.91 46.68
112.91 46.68
105.91 58.68
113.91 58.68
112.91 58.68
110.91 58.68
113.91 58.68
106.91 58.68
109.91 58.68
111.91 58.68
112.91 58.68
108.91 58.68
115.91 58.68
111.91 58.68
112.91 58.68
107.91 58.68
117.91 58.68
114.91 58.68
111.91 58.68
108.91 58.68
118.91 58.68
115.91 58.68
116.91 58.68
113.91 58.68
122.91 58.68
115.91 58.68
117.91 58.68
125.91 58.68
126.91 58.68
108.91 58.68
115.91 58.68
123.91 58.68
122.91 46.68
128.91 46.68
119.91 46.68
125.91 46.68
119.91 46.68
127.91 46.68
131.91 46.68
134.91 46.68
128.91 46.68
120.91 46.68
124.91 46.68
136.91 46.68
139.91 46.68
132.91 46.68
130.91 46.68
138.91 46.68
129.91 46.68
134.91 46.68
130.91 46.68
123.91 46.68
134.91 58.68
140.91 58.68
133.91 58.68
123.91 58.68
131.91 58.68
134.91 58.68
132.91 58.68
128.91 58.68
126.91 58.68
133.91 58.68
129.91 58.68
126.91 58.68
122.91 58.68
129.91 58.68
135.91 58.68
129.91 58.68
127.91 58.68
128.91 58.68
138.91 58.68
129.91 58.68
139.91 46.68
134.91 46.68
133.91 46.68
141.91 46.68
146.91 46.68
144.91 46.68
145.91 46.68
136.91 46.68
148.91 46.68
143.91 46.68
142.91 58.68
146.91 58.68
142.91 58.68
152.91 58.68
145.91 58.68
141.91 58.68
141.91 58.68
151.91 58.68
152.91 58.68
151.91 58.68
147.91 46.68
141.91 46.68
151.91 46.68
154.91 46.68
151.91 46.68
144.91 46.68
149.91 46.68
147.91 46.68
148.91 46.68
145.91 46.68
150.91 46.68
145.91 46.68
151.91 46.68
149.91 46.68
140.91 46.68
139.91 46.68
138.91 46.68
145.91 46.68
149.91 46.68
141.91 46.68
136.91 58.68
130.91 58.68
143.91 58.68
135.91 58.68
131.91 58.68
128.91 58.68
137.91 58.68
138.91 58.68
130.91 58.68
128.91 58.68
126.91 46.68
137.91 46.68
139.91 46.68
133.91 46.68
128.91 46.68
138.91 46.68
136.91 46.68
132.91 46.68
136.91 46.68
124.91 46.68
138.91 58.68
133.91 58.68
130.91 58.68
127.91 58.68
135.91 58.68
137.91 58.68
132.91 58.68
130.91 58.68
122.91 58.68
135.91 58.68
134.91 46.68
132.91 46.68
127.91 46.68
132.91 46.68
131.91 46.68
131.91 46.68
131.91 46.68
126.91 46.68
129.91 46.68
130.91 46.68
131.91 46.68
129.91 46.68
126.91 46.68
130.91 46.68
129.91 46.68
127.91 46.68
121.91 46.68
126.91 46.68
133.91 46.68
124.91 46.68
122.91 58.68
125.91 58.68
130.91 58.68
127.91 58.68
123.91 58.68
122.91 58.68
123.91 58.68
120.91 58.68
125.91 58.68
127.91 58.68
117.91 58.68
116.91 58.68
119.91 58.68
123.91 58.68
119.91 58.68
122.91 58.68
121.91 58.68
119.91 58.68
120.91 58.68
131.91 58.68
123.91 46.68
129.91 46.68
118.91 46.68
128.91 46.68
130.91 46.68
132.91 46.68
133.91 46.68
127.91 46.68
133.91 46.68
134.91 46.68
139.91 46.68
133.91 46.68
136.91 46.68
140.91 46.68
142.91 46.68
136.91 46.68
133.91 46.68
131.91 46.68
130.91 46.68
133.91 46.68
134.91 46.68
130.91 46.68
124.91 46.68
131.91 46.68
127.91 46.68
124.91 46.68
126.91 46.68
119.91 46.68
125.91 46.68
130.91 46.68
125.91 46.68
121.91 46.68
119.91 46.68
128.91 46.68
120.91 46.68
119.91 46.68
113.91 46.68
125.91 46.68
114.91 46.68
119.91 46.68
118.91 58.68
118.91 58.68
121.91 58.68
115.91 58.68
112.91 58.68
116.91 58.68
118.91 58.68
115.91 58.68
108.91 58.68
112.91 58.68
113.91 46.68
117.91 46.68
112.91 46.68
105.91 46.68
113.91 46.68
111.91 46.68
116.91 46.68
113.91 46.68
114.91 46.68
111.91 46.68
115.91 58.68
112.91 58.68
110.91 58.68
111.91 58.68
105.91 58.68
115.91 58.68
119.91 58.68
113.91 58.68
115.91 58.68
111.91 58.68
112.91 46.68
111.91 46.68
111.91 46.68
115.91 46.68
115.91 46.68
118.91 46.68
111.91 46.68
115.91 46.68
110.91 46.68
110.91 46.68
110.91 46.68
109.91 46.68
115.91 46.68
120.91 46.68
111.91 46.68
114.91 46.68
120.91 46.68
113.91 46.68
108.91 46.68
110.91 46.68
106.91 58.68
117.91 58.68
110.91 58.68
110.91 58.68
112.91 58.68
107.91 58.68
114.91 58.68
112.91 58.68
109.91 58.68
113.91 58.68
113.91 58.68
117.91 58.68
109.91 58.68
118.91 58.68
114.91 58.68
103.91 58.68
106.91 58.68
118.91 58.68
111.91 58.68
114.91 58.68
107.91 58.68
112.91 58.68
121.91 58.68
111.91 58.68
112.91 58.68
115.91 58.68
108.91 58.68
110.91 58.68
118.91 58.68
118.91 58.68
115.91 46.68
115.91 46.68
109.91 46.68
111.91 46.68
119.91 46.68
118.91 46.68
114.91 46.68
122.91 46.68
119.91 46.68
121.91 46.68
112.91 46.68
123.91 46.68
120.91 46.68
120.91 46.68
111.91 46.68
121.91 46.68
125.91 46.68
108.91 46.68
118.91 46.68
124.91 46.68
118.91 58.68
117.91 58.68
111.91 58.68
122.91 58.68
118.91 58.68
107.91 58.68
112.91 58.68
114.91 58.68
118.91 58.68
116.91 58.68
113.91 58.68
128.91 58.68
117.91 58.68
118.91 58.68
120.91 58.68
120.91 58.68
123.91 58.68
127.91 58.68
119.91 58.68
122.91 58.68
125.91 46.68
126.91 46.68
118.91 46.68
120.91 46.68
129.91 46.68
129.91 46.68
126.91 46.68
120.91 46.68
124.91 46.68
131.91 46.68
129.91 46.68
137.91 46.68
126.91 46.68
138.91 46.68
129.91 46.68
132.91 46.68
133.91 46.68
127.91 46.68
134.91 46.68
133.91 46.68
135.91 46.68
122.91 46.68
123.91 46.68
132.91 46.68
128.91 46.68
126.91 46.68
120.91 46.68
120.91 46.68
120.91 46.68
126.91 46.68
124.91 46.68
115.91 46.68
115.91 46.68
123.91 46.68
119.91 46.68
119.91 46.68
122.91 46.68
119.91 46.68
113.91 46.68
111.91 46.68
115.91 46.68
118.91 46.68
113.91 46.68
122.91 46.68
112.91 46.68
118.91 46.68
113.91 46.68
121.91 46.68
108.91 46.68
108.91 46.68
118.91 46.68
111.91 46.68
111.91 46.68
112.91 46.68
108.91 46.68
117.91 46.68
114.91 46.68
111.91 46.68
109.91 46.68
120.91 46.68
111.91 58.68
114.91 58.68
111.91 58.68
109.91 58.68
109.91 58.68
115.91 58.68
114.91 58.68
112.91 58.68
109.91 58.68
110.91 58.68
118.91 58.68
116.91 58.68
115.91 58.68
113.91 58.68
113.91 58.68
115.91 58.68
113.91 58.68
111.91 58.68
107.91 58.68
111.91 58.68
116.91 46.68
114.91 46.68
116.91 46.68
109.91 46.68
115.91 46.68
109.91 46.68
108.91 46.68
113.91 46.68
116.91 46.68
117.91 46.68
111.91 58.68
116.91 58.68
117.91 58.68
108.91 58.68
109.91 58.68
114.91 58.68
109.91 58.68
117.91 58.68
112.91 58.68
113.91 58.68
113.91 46.68
112.91 46.68
111.91 46.68
107.91 46.68
111.91 46.68
113.91 46.68
110.91 46.68
106.91 46.68
114.91 46.68
115.91 46.68
117.91 58.68
108.91 58.68
113.91 58.68
109.91 58.68
118.91 58.68
107.91 58.68
115.91 58.68
106.91 58.68
114.91 58.68
108.91 58.68
111.91 46.68
109.91 46.68
114.91 46.68
115.91 46.68
114.91 46.68
111.91 46.68
111.91 46.68
110.91 46.68
111.91 46.68
103.91 46.68
108.91 58.68
108.91 58.68
120.91 58.68
110.91 58.68
114.91 58.68
120.91 58.68
116.91 58.68
111.91 58.68
107.91 58.68
105.91 58.68
109.91 46.68
112.91 46.68
111.91 46.68
116.91 46.68
119.91 46.68
120.91 46.68
115.91 46.68
117.91 46.68
114.91 46.68
111.91 46.68
110.91 58.68
112.91 58.68
117.91 58.68
114.91 58.68
111.91 58.68
109.91 58.68
120.91 58.68
111.91 58.68
123.91 58.68
110.91 58.68
113.91 58.68
118.91 58.68
109.91 58.68
109.91 58.68
112.91 58.68
114.91 58.68
115.91 58.68
109.91 58.68
109.91 58.68
120.91 58.68
119.91 46.68
114.91 46.68
106.91 46.68
117.91 46.68
120.91 46.68
114.91 46.68
117.91 46.68
115.91 46.68
125.91 46.68
118.91 46.68
119.91 46.68
122.91 46.68
121.91 46.68
115.91 46.68
115.91 46.68
123.91 46.68
118.91 46.68
112.91 46.68
121.91 46.68
127.91 46.68
124.91 58.68
120.91 58.68
108.91 58.68
112.91 58.68
121.91 58.68
120.91 58.68
112.91 58.68
120.91 58.68
115.91 58.68
117.91 58.68
115.91 58.68
113.91 58.68
120.91 58.68
122.91 58.68
114.91 58.68
122.91 58.68
122.91 58.68
115.91 58.68
120.91 58.68
115.91 58.68
124.91 46.68
118.91 46.68
126.91 46.68
122.91 46.68
134.91 46.68
127.91 46.68
126.91 46.68
118.91 46.68
127.91 46.68
129.91 46.68
128.91 46.68
128.91 46.68
129.91 46.68
132.91 46.68
129.91 46.68
128.91 46.68
125.91 46.68
129.91 46.68
128.91 46.68
126.91 46.68
124.91 58.68
118.91 58.68
134.91 58.68
127.91 58.68
126.91 58.68
127.91 58.68
126.91 58.68
127.91 58.68
125.91 58.68
126.91 58.68
117.91 58.68
132.91 58.68
128.91 58.68
130.91 58.68
123.91 58.68
132.91 58.68
134.91 58.68
131.91 58.68
124.91 58.68
124.91 58.68
136.91 46.68
137.91 46.68
130.91 46.68
132.91 46.68
142.91 46.68
138.91 46.68
136.91 46.68
136.91 46.68
137.91 46.68
148.91 46.68
143.91 58.68
141.91 58.68
139.91 58.68
145.91 58.68
142.91 58.68
135.91 58.68
135.91 58.68
140.91 58.68
143.91 58.68
146.91 58.68
148.91 46.68
143.91 46.68
145.91 46.68
143.91 46.68
151.91 46.68
148.91 46.68
143.91 46.68
149.91 46.68
148.91 46.68
139.91 46.68
142.91 58.68
142.91 58.68
145.91 58.68
145.91 58.68
140.91 58.68
140.91 58.68
139.91 58.68
146.91 58.68
145.91 58.68
141.91 58.68
141.91 58.68
147.91 58.68
151.91 58.68
150.91 58.68
143.91 58.68
138.91 58.68
150.91 58.68
149.91 58.68
148.91 58.68
148.91 58.68
146.91 46.68
153.91 46.68
155.91 46.68
152.91 46.68
153.91 46.68
151.91 46.68
154.91 46.68
152.91 46.68
153.91 46.68
151.91 46.68
157.91 46.68
157.91 46.68
154.91 46.68
151.91 46.68
148.91 46.68
148.91 46.68
158.91 46.68
149.91 46.68
142.91 46.68
150.91 46.68
143.91 46.68
155.91 46.68
142.91 46.68
137.91 46.68
139.91 46.68
141.91 46.68
144.91 46.68
136.91 46.68
137.91 46.68
132.91 46.68
138.91 46.68
135.91 46.68
136.91 46.68
126.91 46.68
121.91 46.68
131.91 46.68
124.91 46.68
125.91 46.68
121.91 46.68
125.91 46.68
117.91 46.68
118.91 46.68
114.91 46.68
115.91 46.68
116.91 46.68
115.91 46.68
121.91 46.68
113.91 46.68
112.91 46.68
110.91 46.68
122.91 58.68
107.91 58.68
103.91 58.68
109.91 58.68
111.91 58.68
112.91 58.68
108.91 58.68
111.91 58.68
110.91 58.68
120.91 58.68
111.91 46.68
107.91 46.68
113.91 46.68
111.91 46.68
112.91 46.68
108.91 46.68
116.91 46.68
117.91 46.68
109.91 46.68
106.91 46.68
117.91 58.68
116.91 58.68
109.91 58.68
118.91 58.68
104.91 58.68
109.91 58.68
112.91 58.68
115.91 58.68
112.91 58.68
113.91 58.68
119.91 58.68
111.91 58.68
113.91 58.68
110.91 58.68
121.91 58.68
113.91 58.68
114.91 58.68
115.91 58.68
115.91 58.68
113.91 58.68
117.91 46.68
114.91 46.68
119.91 46.68
113.91 46.68
111.91 46.68
111.91 46.68
118.91 46.68
118.91 46.68
115.91 46.68
120.91 46.68
120.91 46.68
117.91 46.68
117.91 46.68
111.91 46.68
118.91 46.68
118.91 46.68
115.91 46.68
119.91 46.68
115.91 46.68
117.91 46.68
108.91 46.68
115.91 46.68
119.91 46.68
112.91 46.68
110.91 46.68
109.91 46.68
117.91 46.68
111.91 46.68
109.91 46.68
111.91 46.68
110.91 58.68
114.91 58.68
110.91 58.68
111.91 58.68
108.91 58.68
108.91 58.68
117.91 58.68
112.91 58.68
108.91 58.68
109.91 58.68
114.91 58.68
111.91 58.68
120.91 58.68
112.91 58.68
113.91 58.68
110.91 58.68
117.91 58.68
105.91 58.68
113.91 58.68
107.91 58.68
115.91 58.68
118.91 58.68
114.91 58.68
118.91 58.68
116.91 58.68
112.91 58.68
113.91 58.68
117.91 58.68
119.91 58.68
108.91 58.68
115.91 58.68
126.91 58.68
121.91 58.68
117.91 58.68
119.91 58.68
123.91 58.68
119.91 58.68
118.91 58.68
121.91 58.68
121.91 58.68
117.91 46.68
130.91 46.68
128.91 46.68
129.91 46.68
124.91 46.68
127.91 46.68
129.91 46.68
127.91 46.68
132.91 46.68
130.91 46.68
120.91 58.68
131.91 58.68
128.91 58.68
120.91 58.68
131.91 58.68
133.91 58.68
134.91 58.68
124.91 58.68
131.91 58.68
133.91 58.68
127.91 58.68
126.91 58.68
140.91 58.68
138.91 58.68
134.91 58.68
142.91 58.68
140.91 58.68
134.91 58.68
134.91 58.68
145.91 58.68
145.91 58.68
144.91 58.68
138.91 58.68
151.91 58.68
146.91 58.68
150.91 58.68
145.91 58.68
153.91 58.68
152.91 58.68
160.91 58.68
155.91 46.68
157.91 46.68
163.91 46.68
166.91 46.68
160.91 46.68
161.91 46.68
168.91 46.68
165.91 46.68
171.91 46.68
171.91 46.68
169.91 46.68
167.91 46.68
173.91 46.68
170.91 46.68
163.91 46.68
171.91 46.68
171.91 46.68
169.91 46.68
170.91 46.68
161.91 46.68
160.91 58.68
167.91 58.68
165.91 58.68
162.91 58.68
163.91 58.68
160.91 58.68
158.91 58.68
162.91 58.68
159.91 58.68
158.91 58.68
162.91 46.68
159.91 46.68
165.91 46.68
160.91 46.68
158.91 46.68
161.91 46.68
164.91 46.68
159.91 46.68
151.91 46.68
158.91 46.68
153.91 46.68
160.91 46.68
154.91 46.68
151.91 46.68
148.91 46.68
156.91 46.68
150.91 46.68
155.91 46.68
147.91 46.68
148.91 46.68
151.91 58.68
146.91 58.68
148.91 58.68
136.91 58.68
145.91 58.68
146.91 58.68
135.91 58.68
141.91 58.68
136.91 58.68
142.91 58.68
137.91 58.68
139.91 58.68
137.91 58.68
140.91 58.68
148.91 58.68
141.91 58.68
136.91 58.68
141.91 58.68
146.91 58.68
144.91 58.68
146.91 46.68
145.91 46.68
140.91 46.68
150.91 46.68
145.91 46.68
150.91 46.68
145.91 46.68
148.91 46.68
155.91 46.68
142.91 46.68
145.91 58.68
141.91 58.68
144.91 58.68
146.91 58.68
146.91 58.68
137.91 58.68
137.91 58.68
144.91 58.68
148.91 58.68
146.91 58.68
145.91 58.68
148.91 58.68
152.91 58.68
148.91 58.68
150.91 58.68
142.91 58.68
154.91 58.68
145.91 58.68
146.91 58.68
144.91 58.68
156.91 58.68
155.91 58.68
160.91 58.68
152.91 58.68
149.91 58.68
158.91 58.68
162.91 58.68
164.91 58.68
156.91 58.68
163.91 58.68
161.91 46.68
171.91 46.68
169.91 46.68
166.91 46.68
171.91 46.68
178.91 46.68
173.91 46.68
172.91 46.68
167.91 46.68
175.91 46.68
178.91 58.68
177.91 58.68
169.91 58.68
173.91 58.68
173.91 58.68
173.91 58.68
170.91 58.68
169.91 58.68
170.91 58.68
175.91 58.68
174.91 46.68
175.91 46.68
171.91 46.68
177.91 46.68
181.91 46.68
176.91 46.68
177.91 46.68
173.91 46.68
179.91 46.68
179.91 46.68
175.91 58.68
175.91 58.68
172.91 58.68
172.91 58.68
174.91 58.68
174.91 58.68
181.91 58.68
177.91 58.68
174.91 58.68
172.91 58.68
173.91 58.68
173.91 58.68
172.91 58.68
173.91 58.68
178.91 58.68
177.91 58.68
178.91 58.68
177.91 58.68
178.91 58.68
183.91 58.68
184.91 46.68
182.91 46.68
184.91 46.68
185.91 46.68
185.91 46.68
187.91 46.68
186.91 46.68
181.91 46.68
189.91 46.68
188.91 46.68
189.91 46.68
179.91 46.68
184.91 46.68
186.91 46.68
189.91 46.68
189.91 46.68
187.91 46.68
188.91 46.68
186.91 46.68
184.91 46.68
178.91 58.68
176.91 58.68
173.91 58.68
180.91 58.68
176.91 58.68
178.91 58.68
172.91 58.68
176.91 58.68
179.91 58.68
175.91 58.68
178.91 46.68
176.91 46.68
181.91 46.68
177.91 46.68
178.91 46.68
174.91 46.68
182.91 46.68
172.91 46.68
172.91 46.68
168.91 46.68
171.91 46.68
173.91 46.68
175.91 46.68
175.91 46.68
170.91 46.68
169.91 46.68
167.91 46.68
170.91 46.68
163.91 46.68
166.91 46.68
159.91 46.68
158.91 46.68
159.91 46.68
160.91 46.68
154.91 46.68
150.91 46.68
149.91 46.68
154.91 46.68
148.91 46.68
142.91 46.68
141.91 46.68
139.91 46.68
141.91 46.68
135.91 46.68
141.91 46.68
130.91 46.68
136.91 46.68
138.91 46.68
130.91 46.68
129.91 46.68
121.91 58.68
129.91 58.68
132.91 58.68
126.91 58.68
117.91 58.68
125.91 58.68
124.91 58.68
115.91 58.68
117.91 58.68
121.91 58.68
119.91 46.68
125.91 46.68
122.91 46.68
119.91 46.68
119.91 46.68
122.91 46.68
129.91 46.68
122.91 46.68
120.91 46.68
125.91 46.68
123.91 46.68
121.91 46.68
111.91 46.68
122.91 46.68
122.91 46.68
122.91 46.68
113.91 46.68
114.91 46.68
124.91 46.68
124.91 46.68
125.91 46.68
115.91 46.68
118.91 46.68
117.91 46.68
120.91 46.68
112.91 46.68
126.91 46.68
111.91 46.68
115.91 46.68
111.91 46.68
109.91 58.68
116.91 58.68
119.91 58.68
114.91 58.68
114.91 58.68
116.91 58.68
112.91 58.68
114.91 58.68
112.91 58.68
110.91 58.68
117.91 46.68
114.91 46.68
109.91 46.68
113.91 46.68
117.91 46.68
116.91 46.68
107.91 46.68
110.91 46.68
112.91 46.68
113.91 46.68
111.91 58.68
110.91 58.68
121.91 58.68
110.91 58.68
116.91 58.68
111.91 58.68
109.91 58.68
110.91 58.68
115.91 58.68
112.91 58.68
112.91 46.68
120.91 46.68
114.91 46.68
117.91 46.68
113.91 46.68
121.91 46.68
120.91 46.68
114.91 46.68
111.91 46.68
118.91 46.68
111.91 58.68
118.91 58.68
111.91 58.68
114.91 58.68
118.91 58.68
119.91 58.68
113.91 58.68
114.91 58.68
111.91 58.68
110.91 58.68
107.91 46.68
112.91 46.68
114.91 46.68
116.91 46.68
109.91 46.68
116.91 46.68
117.91 46.68
122.91 46.68
109.91 46.68
120.91 46.68
110.91 46.68
115.91 46.68
115.91 46.68
114.91 46.68
120.91 46.68
115.91 46.68
116.91 46.68
116.91 46.68
112.91 46.68
117.91 46.68
106.91 46.68
111.91 46.68
113.91 46.68
115.91 46.68
112.91 46.68
114.91 46.68
120.91 46.68
112.91 46.68
119.91 46.68
108.91 46.68
114.91 58.68
111.91 58.68
114.91 58.68
116.91 58.68
106.91 58.68
106.91 58.68
110.91 58.68
114.91 58.68
109.91 58.68
110.91 58.68
111.91 58.68
109.91 58.68
111.91 58.68
108.91 58.68
115.91 58.68
109.91 58.68
112.91 58.68
113.91 58.68
120.91 58.68
115.91 58.68
113.91 46.68
113.91 46.68
113.91 46.68
118.91 46.68
112.91 46.68
105.91 46.68
111.91 46.68
114.91 46.68
110.91 46.68
113.91 46.68
107.91 46.68
119.91 46.68
115.91 46.68
115.91 46.68
110.91 46.68
118.91 46.68
116.91 46.68
118.91 46.68
114.91 46.68
107.91 46.68
121.91 58.68
112.91 58.68
119.91 58.68
107.91 58.68
106.91 58.68
114.91 58.68
112.91 58.68
104.91 58.68
111.91 58.68
119.91 58.68
119.91 58.68
115.91 58.68
115.91 58.68
115.91 58.68
114.91 58.68
112.91 58.68
113.91 58.68
113.91 58.68
116.91 58.68
111.91 58.68
113.91 46.68
117.91 46.68
116.91 46.68
118.91 46.68
119.91 46.68
126.91 46.68
119.91 46.68
112.91 46.68
111.91 46.68
112.91 46.68
121.91 46.68
121.91 46.68
118.91 46.68
128.91 46.68
121.91 46.68
117.91 46.68
113.91 46.68
122.91 46.68
126.91 46.68
123.91 46.68
117.91 46.68
126.91 46.68
121.91 46.68
120.91 46.68
114.91 46.68
118.91 46.68
124.91 46.68
116.91 46.68
109.91 46.68
123.91 46.68
125.91 58.68
114.91 58.68
116.91 58.68
114.91 58.68
120.91 58.68
106.91 58.68
106.91 58.68
120.91 58.68
114.91 58.68
122.91 58.68
115.91 46.68
114.91 46.68
116.91 46.68
111.91 46.68
110.91 46.68
121.91 46.68
112.91 46.68
115.91 46.68
112.91 46.68
111.91 46.68
117.91 46.68
113.91 46.68
116.91 46.68
112.91 46.68
115.91 46.68
112.91 46.68
122.91 46.68
110.91 46.68
114.91 46.68
116.91 46.68
114.91 46.68
113.91 46.68
110.91 46.68
115.91 46.68
118.91 46.68
114.91 46.68
108.91 46.68
116.91 46.68
112.91 46.68
117.91 46.68
106.91 58.68
112.91 58.68
114.91 58.68
111.91 58.68
115.91 58.68
114.91 58.68
122.91 58.68
117.91 58.68
117.91 58.68
116.91 58.68
111.91 46.68
116.91 46.68
111.91 46.68
117.91 46.68
107.91 46.68
110.91 46.68
118.91 46.68
113.91 46.68
107.91 46.68
115.91 46.68
109.91 46.68
112.91 46.68
111.91 46.68
111.91 46.68
107.91 46.68
114.91 46.68
115.91 46.68
116.91 46.68
111.91 46.68
117.91 46.68
111.91 46.68
117.91 46.68
111.91 46.68
111.91 46.68
119.91 46.68
117.91 46.68
114.91 46.68
111.91 46.68
115.91 46.68
112.91 46.68
111.91 58.68
113.91 58.68
112.91 58.68
111.91 58.68
117.91 58.68
115.91 58.68
110.91 58.68
110.91 58.68
114.91 58.68
118.91 58.68
112.91 58.68
113.91 58.68
115.91 58.68
113.91 58.68
114.91 58.68
112.91 58.68
112.91 58.68
114.91 58.68
115.91 58.68
110.91 58.68
112.91 46.68
113.91 46.68
117.91 46.68
109.91 46.68
110.91 46.68
114.91 46.68
115.91 46.68
105.91 46.68
114.91 46.68
115.91 46.68
112.91 46.68
110.91 46.68
111.91 46.68
111.91 46.68
111.91 46.68
113.91 46.68
111.91 46.68
113.91 46.68
113.91 46.68
120.91 46.68
108.91 46.68
114.91 46.68
114.91 46.68
111.91 46.68
117.91 46.68
110.91 46.68
118.91 46.68
116.91 46.68
119.91 46.68
111.91 46.68
109.91 58.68
114.91 58.68
114.91 58.68
119.91 58.68
103.91 58.68
118.91 58.68
113.91 58.68
112.91 58.68
109.91 58.68
113.91 58.68
112.91 46.68
114.91 46.68
113.91 46.68
108.91 46.68
115.91 46.68
116.91 46.68
115.91 46.68
112.91 46.68
111.91 46.68
118.91 46.68
114.91 58.68
110.91 58.68
107.91 58.68
110.91 58.68
120.91 58.68
115.91 58.68
109.91 58.68
113.91 58.68
114.91 58.68
115.91 58.68
112.91 46.68
112.91 46.68
115.91 46.68
119.91 46.68
111.91 46.68
112.91 46.68
115.91 46.68
115.91 46.68
109.91 46.68
111.91 46.68
114.91 58.68
113.91 58.68
116.91 58.68
115.91 58.68
110.91 58.68
111.91 58.68
111.91 58.68
110.91 58.68
116.91 58.68
113.91 58.68
117.91 58.68
111.91 58.68
111.91 58.68
114.91 58.68
107.91 58.68
106.91 58.68
111.91 58.68
113.91 58.68
112.91 58.68
112.91 58.68
107.91 46.68
115.91 46.68
106.91 46.68
112.91 46.68
114.91 46.68
122.91 46.68
117.91 46.68
113.91 46.68
108.91 46.68
120.91 46.68
116.91 46.68
110.91 46.68
109.91 46.68
112.91 46.68
111.91 46.68
110.91 46.68
112.91 46.68
119.91 46.68
112.91 46.68
109.91 46.68
114.91 46.68
113.91 46.68
110.91 46.68
112.91 46.68
107.91 46.68
113.91 46.68
115.91 46.68
114.91 46.68
113.91 46.68
111.91 46.68
115.91 58.68
119.91 58.68
113.91 58.68
115.91 58.68
108.91 58.68
115.91 58.68
118.91 58.68
109.91 58.68
108.91 58.68
113.91 58.68
116.91 46.68
111.91 46.68
111.91 46.68
107.91 46.68
120.91 46.68
111.91 46.68
118.91 46.68
109.91 46.68
109.91 46.68
111.91 46.68
109.91 58.68
114.91 58.68
113.91 58.68
111.91 58.68
117.91 58.68
108.91 58.68
111.91 58.68
109.91 58.68
112.91 58.68
112.91 58.68
107.91 58.68
109.91 58.68
113.91 58.68
112.91 58.68
111.91 58.68
117.91 58.68
112.91 58.68
110.91 58.68
106.91 58.68
117.91 58.68
117.91 58.68
115.91 58.68
106.91 58.68
113.91 58.68
107.91 58.68
116.91 58.68
116.91 58.68
120.91 58.68
115.91 58.68
106.91 58.68
113.91 58.68
123.91 58.68
119.91 58.68
115.91 58.68
120.91 58.68
122.91 58.68
121.91 58.68
120.91 58.68
125.91 58.68
123.91 58.68
116.91 58.68
122.91 58.68
119.91 58.68
131.91 58.68
123.91 58.68
137.91 58.68
131.91 58.68
135.91 58.68
131.91 58.68
137.91 58.68
139.91 46.68
138.91 46.68
149.91 46.68
144.91 46.68
141.91 46.68
141.91 46.68
148.91 46.68
146.91 46.68
144.91 46.68
147.91 46.68
149.91 46.68
152.91 46.68
150.91 46.68
149.91 46.68
145.91 46.68
152.91 46.68
150.91 46.68
151.91 46.68
144.91 46.68
148.91 46.68
148.91 46.68
150.91 46.68
145.91 46.68
145.91 46.68
141.91 46.68
146.91 46.68
139.91 46.68
135.91 46.68
142.91 46.68
133.91 46.68
141.91 46.68
137.91 46.68
132.91 46.68
135.91 46.68
127.91 46.68
139.91 46.68
126.91 46.68
129.91 46.68
121.91 46.68
126.91 46.68
132.91 58.68
130.91 58.68
119.91 58.68
114.91 58.68
129.91 58.68
125.91 58.68
127.91 58.68
118.91 58.68
124.91 58.68
129.91 58.68
126.91 46.68
116.91 46.68
115.91 46.68
122.91 46.68
120.91 46.68
118.91 46.68
123.91 46.68
123.91 46.68
126.91 46.68
124.91 46.68
115.91 46.68
126.91 46.68
120.91 46.68
119.91 46.68
116.91 46.68
118.91 46.68
120.91 46.68
116.91 46.68
118.91 46.68
109.91 46.68
114.91 58.68
120.91 58.68
117.91 58.68
114.91 58.68
115.91 58.68
115.91 58.68
118.91 58.68
120.91 58.68
118.91 58.68
112.91 58.68
119.91 46.68
115.91 46.68
112.91 46.68
115.91 46.68
113.91 46.68
118.91 46.68
119.91 46.68
111.91 46.68
116.91 46.68
116.91 46.68
113.91 46.68
116.91 46.68
115.91 46.68
114.91 46.68
115.91 46.68
108.91 46.68
115.91 46.68
116.91 46.68
105.91 46.68
111.91 46.68
122.91 46.68
114.91 46.68
120.91 46.68
112.91 46.68
115.91 46.68
113.91 46.68
118.91 46.68
111.91 46.68
110.91 46.68
116.91 46.68
114.91 58.68
120.91 58.68
108.91 58.68
114.91 58.68
111.91 58.68
112.91 58.68
109.91 58.68
109.91 58.68
112.91 58.68
108.91 58.68
110.91 58.68
115.91 58.68
114.91 58.68
113.91 58.68
114.91 58.68
106.91 58.68
109.91 58.68
115.91 58.68
115.91 58.68
107.91 58.68
116.91 58.68
117.91 58.68
114.91 58.68
115.91 58.68
113.91 58.68
116.91 58.68
111.91 58.68
116.91 58.68
115.91 58.68
119.91 58.68
117.91 58.68
112.91 58.68
111.91 58.68
116.91 58.68
117.91 58.68
119.91 58.68
114.91 58.68
122.91 58.68
117.91 58.68
113.91 58.68
124.91 46.68
124.91 46.68
127.91 46.68
119.91 46.68
129.91 46.68
125.91 46.68
116.91 46.68
123.91 46.68
119.91 46.68
123.91 46.68
114.91 46.68
121.91 46.68
124.91 46.68
119.91 46.68
126.91 46.68
126.91 46.68
129.91 46.68
126.91 46.68
119.91 46.68
126.91 46.68
121.91 58.68
128.91 58.68
122.91 58.68
122.91 58.68
130.91 58.68
123.91 58.68
123.91 58.68
121.91 58.68
126.91 58.68
124.91 58.68
127.91 58.68
119.91 58.68
128.91 58.68
128.91 58.68
123.91 58.68
123.91 58.68
121.91 58.68
124.91 58.68
128.91 58.68
120.91 58.68
131.91 58.68
132.91 58.68
129.91 58.68
130.91 58.68
131.91 58.68
144.91 58.68
146.91 58.68
139.91 58.68
136.91 58.68
142.91 58.68
142.91 46.68
141.91 46.68
149.91 46.68
149.91 46.68
152.91 46.68
156.91 46.68
161.91 46.68
155.91 46.68
156.91 46.68
160.91 46.68
151.91 58.68
154.91 58.68
154.91 58.68
155.91 58.68
155.91 58.68
153.91 58.68
147.91 58.68
153.91 58.68
156.91 58.68
159.91 58.68
155.91 58.68
152.91 58.68
155.91 58.68
162.91 58.68
160.91 58.68
162.91 58.68
162.91 58.68
163.91 58.68
164.91 58.68
166.91 58.68
161.91 46.68
163.91 46.68
166.91 46.68
167.91 46.68
174.91 46.68
170.91 46.68
169.91 46.68
168.91 46.68
179.91 46.68
170.91 46.68
166.91 58.68
174.91 58.68
168.91 58.68
172.91 58.68
172.91 58.68
162.91 58.68
169.91 58.68
172.91 58.68
173.91 58.68
172.91 58.68
168.91 46.68
171.91 46.68
172.91 46.68
174.91 46.68
171.91 46.68
173.91 46.68
180.91 46.68
175.91 46.68
173.91 46.68
178.91 46.68
179.91 58.68
171.91 58.68
170.91 58.68
171.91 58.68
172.91 58.68
174.91 58.68
173.91 58.68
166.91 58.68
169.91 58.68
168.91 58.68
172.91 58.68
174.91 58.68
175.91 58.68
168.91 58.68
177.91 58.68
171.91 58.68
170.91 58.68
178.91 58.68
179.91 58.68
173.91 58.68
176.91 46.68
179.91 46.68
174.91 46.68
183.91 46.68
183.91 46.68
184.91 46.68
181.91 46.68
186.91 46.68
180.91 46.68
186.91 46.68
183.91 58.68
181.91 58.68
181.91 58.68
182.91 58.68
179.91 58.68
180.91 58.68
182.91 58.68
184.91 58.68
182.91 58.68
185.91 58.68
186.91 46.68
187.91 46.68
187.91 46.68
193.91 46.68
186.91 46.68
188.91 46.68
192.91 46.68
184.91 46.68
189.91 46.68
188.91 46.68
190.91 46.68
189.91 46.68
186.91 46.68
189.91 46.68
185.91 46.68
190.91 46.68
179.91 46.68
184.91 46.68
184.91 46.68
180.91 46.68
184.91 58.68
175.91 58.68
177.91 58.68
178.91 58.68
180.91 58.68
175.91 58.68
176.91 58.68
175.91 58.68
176.91 58.68
178.91 58.68
176.91 58.68
173.91 58.68
175.91 58.68
175.91 58.68
178.91 58.68
177.91 58.68
176.91 58.68
180.91 58.68
181.91 58.68
179.91 58.68
178.91 46.68
181.91 46.68
177.91 46.68
182.91 46.68
180.91 46.68
175.91 46.68
182.91 46.68
177.91 46.68
183.91 46.68
181.91 46.68
177.91 46.68
181.91 46.68
181.91 46.68
184.91 46.68
179.91 46.68
179.91 46.68
171.91 46.68
180.91 46.68
170.91 46.68
175.91 46.68
175.91 58.68
170.91 58.68
169.91 58.68
170.91 58.68
164.91 58.68
169.91 58.68
163.91 58.68
166.91 58.68
165.91 58.68
166.91 58.68
161.91 46.68
169.91 46.68
163.91 46.68
164.91 46.68
162.91 46.68
165.91 46.68
159.91 46.68
169.91 46.68
160.91 46.68
153.91 46.68
162.91 58.68
166.91 58.68
163.91 58.68
162.91 58.68
156.91 58.68
162.91 58.68
159.91 58.68
159.91 58.68
154.91 58.68
151.91 58.68
160.91 58.68
160.91 58.68
157.91 58.68
159.91 58.68
151.91 58.68
159.91 58.68
159.91 58.68
164.91 58.68
162.91 58.68
160.91 58.68
162.91 58.68
168.91 58.68
160.91 58.68
160.91 58.68
172.91 58.68
175.91 58.68
173.91 58.68
166.91 58.68
173.91 58.68
176.91 58.68
171.91 46.68
171.91 46.68
170.91 46.68
181.91 46.68
184.91 46.68
181.91 46.68
179.91 46.68
181.91 46.68
179.91 46.68
184.91 46.68
182.91 58.68
178.91 58.68
181.91 58.68
185.91 58.68
180.91 58.68
184.91 58.68
178.91 58.68
182.91 58.68
187.91 58.68
188.91 58.68
186.91 58.68
190.91 58.68
185.91 58.68
184.91 58.68
182.91 58.68
192.91 58.68
195.91 58.68
189.91 58.68
196.91 58.68
194.91 58.68
201.91 58.68
194.91 58.68
192.91 58.68
197.91 58.68
201.91 58.68
202.91 58.68
204.91 58.68
208.91 58.68
206.91 58.68
202.91 58.68
210.91 46.68
206.91 46.68
209.91 46.68
211.91 46.68
214.91 46.68
211.91 46.68
217.91 46.68
214.91 46.68
220.91 46.68
223.91 46.68
221.91 58.68
223.91 58.68
219.91 58.68
222.91 58.68
219.91 58.68
217.91 58.68
219.91 58.68
223.91 58.68
225.91 58.68
223.91 58.68
222.91 46.68
225.91 46.68
224.91 46.68
222.91 46.68
229.91 46.68
225.91 46.68
225.91 46.68
230.91 46.68
230.91 46.68
225.91 46.68
223.91 46.68
223.91 46.68
225.91 46.68
229.91 46.68
225.91 46.68
221.91 46.68
232.91 46.68
226.91 46.68
222.91 46.68
225.91 46.68
221.91 58.68
224.91 58.68
227.91 58.68
225.91 58.68
223.91 58.68
222.91 58.68
222.91 58.68
219.91 58.68
221.91 58.68
221.91 58.68
226.91 46.68
221.91 46.68
216.91 46.68
215.91 46.68
225.91 46.68
221.91 46.68
218.91 46.68
214.91 46.68
224.91 46.68
217.91 46.68
220.91 58.68
209.91 58.68
225.91 58.68
218.91 58.68
222.91 58.68
215.91 58.68
217.91 58.68
214.91 58.68
214.91 58.68
220.91 58.68
216.91 58.68
214.91 58.68
220.91 58.68
215.91 58.68
212.91 58.68
217.91 58.68
218.91 58.68
220.91 58.68
220.91 58.68
226.91 58.68
212.91 46.68
222.91 46.68
221.91 46.68
225.91 46.68
216.91 46.68
219.91 46.68
220.91 46.68
219.91 46.68
218.91 46.68
223.91 46.68
214.91 58.68
225.91 58.68
220.91 58.68
224.91 58.68
219.91 58.68
221.91 58.68
219.91 58.68
221.91 58.68
224.91 58.68
220.91 58.68
224.91 46.68
221.91 46.68
224.91 46.68
222.91 46.68
218.91 46.68
219.91 46.68
219.91 46.68
223.91 46.68
222.91 46.68
216.91 46.68
219.91 46.68
221.91 46.68
221.91 46.68
220.91 46.68
218.91 46.68
216.91 46.68
216.91 46.68
222.91 46.68
219.91 46.68
222.91 46.68
215.91 46.68
217.91 46.68
210.91 46.68
214.91 46.68
212.91 46.68
208.91 46.68
213.91 46.68
211.91 46.68
213.91 46.68
213.91 46.68
211.91 58.68
209.91 58.68
208.91 58.68
207.91 58.68
201.91 58.68
201.91 58.68
202.91 58.68
201.91 58.68
203.91 58.68
200.91 58.68
202.91 46.68
198.91 46.68
202.91 46.68
201.91 46.68
202.91 46.68
195.91 46.68
203.91 46.68
202.91 46.68
196.91 46.68
199.91 46.68
197.91 58.68
195.91 58.68
195.91 58.68
196.91 58.68
191.91 58.68
191.91 58.68
192.91 58.68
193.91 58.68
189.91 58.68
200.91 58.68
196.91 58.68
194.91 58.68
194.91 58.68
187.91 58.68
188.91 58.68
192.91 58.68
193.91 58.68
193.91 58.68
198.91 58.68
197.91 58.68
195.91 46.68
196.91 46.68
194.91 46.68
192.91 46.68
200.91 46.68
196.91 46.68
196.91 46.68
194.91 46.68
197.91 46.68
197.91 46.68
199.91 46.68
196.91 46.68
196.91 46.68
199.91 46.68
200.91 46.68
199.91 46.68
194.91 46.68
191.91 46.68
192.91 46.68
197.91 46.68
191.91 58.68
188.91 58.68
188.91 58.68
190.91 58.68
186.91 58.68
191.91 58.68
186.91 58.68
185.91 58.68
191.91 58.68
186.91 58.68
187.91 58.68
187.91 58.68
186.91 58.68
183.91 58.68
185.91 58.68
180.91 58.68
183.91 58.68
182.91 58.68
183.91 58.68
183.91 58.68
186.91 58.68
185.91 58.68
193.91 58.68
192.91 58.68
191.91 58.68
188.91 58.68
188.91 58.68
194.91 58.68
193.91 58.68
191.91 58.68
192.91 46.68
194.91 46.68
199.91 46.68
203.91 46.68
199.91 46.68
201.91 46.68
199.91 46.68
200.91 46.68
205.91 46.68
200.91 46.68
202.91 58.68
201.91 58.68
203.91 58.68
205.91 58.68
202.91 58.68
201.91 58.68
206.91 58.68
206.91 58.68
204.91 58.68
212.91 58.68
202.91 46.68
207.91 46.68
210.91 46.68
209.91 46.68
208.91 46.68
204.91 46.68
210.91 46.68
213.91 46.68
209.91 46.68
208.91 46.68
208.91 46.68
210.91 46.68
210.91 46.68
213.91 46.68
206.91 46.68
207.91 46.68
210.91 46.68
205.91 46.68
208.91 46.68
205.91 46.68
208.91 58.68
203.91 58.68
207.91 58.68
207.91 58.68
206.91 58.68
203.91 58.68
201.91 58.68
202.91 58.68
208.91 58.68
201.91 58.68
203.91 58.68
205.91 58.68
202.91 58.68
208.91 58.68
207.91 58.68
201.91 58.68
208.91 58.68
211.91 58.68
206.91 58.68
205.91 58.68
212.91 58.68
207.91 58.68
214.91 58.68
208.91 58.68
208.91 58.68
211.91 58.68
218.91 58.68
206.91 58.68
210.91 58.68
214.91 58.68
212.91 58.68
218.91 58.68
213.91 58.68
218.91 58.68
218.91 58.68
219.91 58.68
221.91 58.68
218.91 58.68
221.91 58.68
226.91 58.68
226.91 58.68
227.91 58.68
219.91 58.68
229.91 58.68
227.91 58.68
227.91 58.68
228.91 58.68
225.91 58.68
228.91 58.68
228.91 58.68
230.91 58.68
235.91 58.68
234.91 58.68
229.91 58.68
234.91 58.68
235.91 58.68
237.91 58.68
232.91 58.68
238.91 58.68
235.91 58.68
240.91 46.68
236.91 46.68
235.91 46.68
239.91 46.68
239.91 46.68
243.91 46.68
235.91 46.68
239.91 46.68
238.91 46.68
242.91 46.68
235.91 58.68
235.91 58.68
238.91 58.68
247.91 58.68
236.91 58.68
242.91 58.68
238.91 58.68
245.91 58.68
238.91 58.68
244.91 58.68
234.91 46.68
240.91 46.68
244.91 46.68
243.91 46.68
250.91 46.68
242.91 46.68
240.91 46.68
247.91 46.68
243.91 46.68
241.91 46.68
248.91 58.68
239.91 58.68
244.91 58.68
242.91 58.68
238.91 58.68
242.91 58.68
245.91 58.68
244.91 58.68
242.91 58.68
239.91 58.68
241.91 58.68
236.91 58.68
241.91 58.68
241.91 58.68
238.91 58.68
242.91 58.68
239.91 58.68
242.91 58.68
239.91 58.68
239.91 58.68
245.91 46.68
248.91 46.68
245.91 46.68
251.91 46.68
243.91 46.68
244.91 46.68
247.91 46.68
243.91 46.68
250.91 46.68
243.91 46.68
243.91 58.68
242.91 58.68
239.91 58.68
248.91 58.68
240.91 58.68
244.91 58.68
243.91 58.68
245.91 58.68
242.91 58.68
238.91 58.68
237.91 58.68
244.91 58.68
244.91 58.68
241.91 58.68
247.91 58.68
241.91 58.68
243.91 58.68
248.91 58.68
246.91 58.68
249.91 58.68
248.91 46.68
243.91 46.68
248.91 46.68
249.91 46.68
249.91 46.68
250.91 46.68
250.91 46.68
251.91 46.68
249.91 46.68
250.91 46.68
244.91 58.68
248.91 58.68
245.91 58.68
243.91 58.68
250.91 58.68
247.91 58.68
245.91 58.68
244.91 58.68
247.91 58.68
244.91 58.68
243.91 46.68
241.91 46.68
247.91 46.68
249.91 46.68
247.91 46.68
249.91 46.68
251.91 46.68
243.91 46.68
248.91 46.68
245.91 46.68
243.91 46.68
247.91 46.68
248.91 46.68
243.91 46.68
239.91 46.68
243.91 46.68
247.91 46.68
242.91 46.68
241.91 46.68
243.91 46.68
244.91 46.68
242.91 46.68
239.91 46.68
244.91 46.68
239.91 46.68
239.91 46.68
236.91 46.68
236.91 46.68
237.91 46.68
235.91 46.68
238.91 46.68
234.91 46.68
232.91 46.68
228.91 46.68
226.91 46.68
227.91 46.68
230.91 46.68
225.91 46.68
229.91 46.68
223.91 46.68
220.91 46.68
221.91 46.68
221.91 46.68
219.91 46.68
217.91 46.68
211.91 46.68
218.91 46.68
211.91 46.68
213.91 46.68
214.91 46.68
209.91 58.68
214.91 58.68
211.91 58.68
214.91 58.68
205.91 58.68
209.91 58.68
207.91 58.68
209.91 58.68
209.91 58.68
209.91 58.68
203.91 46.68
206.91 46.68
209.91 46.68
209.91 46.68
203.91 46.68
202.91 46.68
205.91 46.68
207.91 46.68
204.91 46.68
203.91 46.68
205.91 46.68
201.91 46.68
205.91 46.68
201.91 46.68
201.91 46.68
201.91 46.68
198.91 46.68
197.91 46.68
196.91 46.68
198.91 46.68
193.91 46.68
197.91 46.68
193.91 46.68
192.91 46.68
184.91 46.68
188.91 46.68
186.91 46.68
181.91 46.68
183.91 46.68
177.91 46.68
178.91 46.68
178.91 46.68
178.91 46.68
170.91 46.68
165.91 46.68
161.91 46.68
166.91 46.68
163.91 46.68
161.91 46.68
158.91 46.68
153.91 58.68
152.91 58.68
153.91 58.68
147.91 58.68
147.91 58.68
137.91 58.68
139.91 58.68
139.91 58.68
129.91 58.68
138.91 58.68
134.91 58.68
141.91 58.68
140.91 58.68
137.91 58.68
131.91 58.68
135.91 58.68
139.91 58.68
134.91 58.68
136.91 58.68
139.91 58.68
140.91 58.68
140.91 58.68
136.91 58.68
137.91 58.68
151.91 58.68
145.91 58.68
142.91 58.68
139.91 58.68
146.91 58.68
147.91 58.68
149.91 46.68
153.91 46.68
148.91 46.68
154.91 46.68
155.91 46.68
150.91 46.68
156.91 46.68
154.91 46.68
158.91 46.68
152.91 46.68
154.91 46.68
157.91 46.68
152.91 46.68
157.91 46.68
154.91 46.68
152.91 46.68
152.91 46.68
153.91 46.68
157.91 46.68
150.91 46.68
146.91 58.68
152.91 58.68
148.91 58.68
153.91 58.68
150.91 58.68
146.91 58.68
143.91 58.68
139.91 58.68
151.91 58.68
146.91 58.68
149.91 58.68
148.91 58.68
154.91 58.68
153.91 58.68
155.91 58.68
147.91 58.68
148.91 58.68
152.91 58.68
156.91 58.68
149.91 58.68
152.91 58.68
155.91 58.68
155.91 58.68
157.91 58.68
161.91 58.68
159.91 58.68
161.91 58.68
161.91 58.68
174.91 58.68
165.91 58.68
163.91 46.68
171.91 46.68
171.91 46.68
174.91 46.68
174.91 46.68
179.91 46.68
184.91 46.68
181.91 46.68
178.91 46.68
178.91 46.68
183.91 46.68
185.91 46.68
186.91 46.68
181.91 46.68
186.91 46.68
187.91 46.68
187.91 46.68
187.91 46.68
191.91 46.68
189.91 46.68
188.91 58.68
185.91 58.68
187.91 58.68
184.91 58.68
180.91 58.68
183.91 58.68
185.91 58.68
186.91 58.68
184.91 58.68
184.91 58.68
188.91 46.68
187.91 46.68
183.91 46.68
185.91 46.68
185.91 46.68
191.91 46.68
186.91 46.68
187.91 46.68
189.91 46.68
185.91 46.68
183.91 46.68
188.91 46.68
185.91 46.68
176.91 46.68
181.91 46.68
183.91 46.68
183.91 46.68
175.91 46.68
179.91 46.68
182.91 46.68
178.91 46.68
181.91 46.68
173.91 46.68
169.91 46.68
173.91 46.68
179.91 46.68
171.91 46.68
170.91 46.68
165.91 46.68
164.91 46.68
165.91 58.68
167.91 58.68
160.91 58.68
151.91 58.68
151.91 58.68
158.91 58.68
154.91 58.68
156.91 58.68
148.91 58.68
152.91 58.68
156.91 46.68
153.91 46.68
150.91 46.68
141.91 46.68
150.91 46.68
154.91 46.68
149.91 46.68
154.91 46.68
144.91 46.68
147.91 46.68
149.91 46.68
145.91 46.68
143.91 46.68
150.91 46.68
148.91 46.68
146.91 46.68
134.91 46.68
142.91 46.68
145.91 46.68
144.91 46.68
135.91 58.68
137.91 58.68
128.91 58.68
136.91 58.68
129.91 58.68
139.91 58.68
127.91 58.68
131.91 58.68
137.91 58.68
132.91 58.68
135.91 58.68
139.91 58.68
132.91 58.68
136.91 58.68
131.91 58.68
131.91 58.68
128.91 58.68
139.91 58.68
141.91 58.68
134.91 58.68
132.91 58.68
131.91 58.68
139.91 58.68
136.91 58.68
144.91 58.68
138.91 58.68
156.91 58.68
149.91 58.68
146.91 58.68
142.91 58.68
151.91 58.68
152.91 58.68
152.91 58.68
149.91 58.68
155.91 58.68
158.91 58.68
155.91 58.68
157.91 58.68
161.91 58.68
160.91 58.68
164.91 46.68
167.91 46.68
166.91 46.68
167.91 46.68
175.91 46.68
170.91 46.68
174.91 46.68
170.91 46.68
176.91 46.68
167.91 46.68
170.91 46.68
175.91 46.68
171.91 46.68
176.91 46.68
169.91 46.68
179.91 46.68
175.91 46.68
169.91 46.68
173.91 46.68
172.91 46.68
170.91 46.68
168.91 46.68
168.91 46.68
170.91 46.68
171.91 46.68
167.91 46.68
163.91 46.68
163.91 46.68
164.91 46.68
162.91 46.68
157.91 46.68
155.91 46.68
150.91 46.68
156.91 46.68
151.91 46.68
151.91 46.68
147.91 46.68
148.91 46.68
141.91 46.68
145.91 46.68
143.91 58.68
138.91 58.68
137.91 58.68
131.91 58.68
138.91 58.68
137.91 58.68
137.91 58.68
126.91 58.68
124.91 58.68
137.91 58.68
130.91 58.68
134.91 58.68
133.91 58.68
121.91 58.68
136.91 58.68
126.91 58.68
128.91 58.68
126.91 58.68
138.91 58.68
130.91 58.68
140.91 46.68
133.91 46.68
131.91 46.68
140.91 46.68
146.91 46.68
138.91 46.68
144.91 46.68
142.91 46.68
146.91 46.68
135.91 46.68
131.91 58.68
144.91 58.68
135.91 58.68
137.91 58.68
136.91 58.68
148.91 58.68
146.91 58.68
140.91 58.68
132.91 58.68
149.91 58.68
140.91 58.68
146.91 58.68
143.91 58.68
146.91 58.68
145.91 58.68
146.91 58.68
148.91 58.68
143.91 58.68
154.91 58.68
154.91 58.68
149.91 46.68
151.91 46.68
158.91 46.68
157.91 46.68
163.91 46.68
150.91 46.68
155.91 46.68
157.91 46.68
161.91 46.68
161.91 46.68
154.91 46.68
159.91 46.68
161.91 46.68
160.91 46.68
161.91 46.68
159.91 46.68
149.91 46.68
155.91 46.68
156.91 46.68
159.91 46.68
150.91 46.68
158.91 46.68
152.91 46.68
152.91 46.68
154.91 46.68
147.91 46.68
147.91 46.68
144.91 46.68
148.91 46.68
147.91 46.68
143.91 58.68
133.91 58.68
133.91 58.68
139.91 58.68
134.91 58.68
132.91 58.68
130.91 58.68
128.91 58.68
128.91 58.68
129.91 58.68
131.91 58.68
132.91 58.68
126.91 58.68
136.91 58.68
134.91 58.68
132.91 58.68
132.91 58.68
128.91 58.68
135.91 58.68
137.91 58.68
141.91 46.68
137.91 46.68
138.91 46.68
144.91 46.68
138.91 46.68
139.91 46.68
141.91 46.68
139.91 46.68
141.91 46.68
141.91 46.68
137.91 58.68
142.91 58.68
141.91 58.68
144.91 58.68
142.91 58.68
137.91 58.68
137.91 58.68
145.91 58.68
142.91 58.68
146.91 58.68
148.91 46.68
155.91 46.68
149.91 46.68
148.91 46.68
148.91 46.68
148.91 46.68
156.91 46.68
150.91 46.68
154.91 46.68
156.91 46.68
149.91 46.68
152.91 46.68
152.91 46.68
147.91 46.68
152.91 46.68
146.91 46.68
151.91 46.68
148.91 46.68
145.91 46.68
149.91 46.68
140.91 58.68
147.91 58.68
142.91 58.68
142.91 58.68
142.91 58.68
138.91 58.68
146.91 58.68
142.91 58.68
140.91 58.68
144.91 58.68
134.91 58.68
139.91 58.68
140.91 58.68
134.91 58.68
144.91 58.68
143.91 58.68
147.91 58.68
139.91 58.68
141.91 58.68
144.91 58.68
141.91 58.68
148.91 58.68
149.91 58.68
150.91 58.68
148.91 58.68
146.91 58.68
160.91 58.68
157.91 58.68
153.91 58.68
151.91 58.68
160.91 46.68
159.91 46.68
168.91 46.68
165.91 46.68
166.91 46.68
173.91 46.68
174.91 46.68
173.91 46.68
166.91 46.68
168.91 46.68
181.91 58.68
171.91 58.68
179.91 58.68
167.91 58.68
174.91 58.68
170.91 58.68
174.91 58.68
175.91 58.68
176.91 58.68
174.91 58.68
179.91 58.68
179.91 58.68
174.91 58.68
180.91 58.68
182.91 58.68
181.91 58.68
183.91 58.68
188.91 58.68
185.91 58.68
182.91 58.68
186.91 58.68
183.91 58.68
189.91 58.68
187.91 58.68
190.91 58.68
197.91 58.68
199.91 58.68
201.91 58.68
199.91 58.68
203.91 58.68
211.91 58.68
205.91 58.68
208.91 58.68
208.91 58.68
211.91 58.68
218.91 58.68
218.91 58.68
207.91 58.68
209.91 58.68
216.91 58.68
214.91 46.68
216.91 46.68
213.91 46.68
215.91 46.68
218.91 46.68
217.91 46.68
220.91 46.68
220.91 46.68
217.91 46.68
221.91 46.68
219.91 46.68
219.91 46.68
210.91 46.68
223.91 46.68
217.91 46.68
220.91 46.68
218.91 46.68
221.91 46.68
215.91 46.68
216.91 46.68
222.91 58.68
216.91 58.68
212.91 58.68
214.91 58.68
221.91 58.68
219.91 58.68
213.91 58.68
216.91 58.68
217.91 58.68
216.91 58.68
213.91 46.68
220.91 46.68
218.91 46.68
218.91 46.68
213.91 46.68
213.91 46.68
215.91 46.68
214.91 46.68
215.91 46.68
218.91 46.68
218.91 46.68
211.91 46.68
208.91 46.68
219.91 46.68
218.91 46.68
209.91 46.68
211.91 46.68
209.91 46.68
214.91 46.68
209.91 46.68
211.91 46.68
209.91 46.68
212.91 46.68
211.91 46.68
213.91 46.68
211.91 46.68
210.91 46.68
210.91 46.68
212.91 46.68
207.91 46.68
210.91 46.68
206.91 46.68
206.91 46.68
205.91 46.68
204.91 46.68
205.91 46.68
200.91 46.68
193.91 46.68
204.91 46.68
199.91 46.68
200.91 46.68
195.91 46.68
194.91 46.68
192.91 46.68
189.91 46.68
191.91 46.68
186.91 46.68
182.91 46.68
180.91 46.68
182.91 46.68
175.91 46.68
171.91 46.68
166.91 46.68
166.91 46.68
164.91 46.68
160.91 46.68
153.91 46.68
154.91 46.68
148.91 46.68
145.91 46.68
153.91 46.68
144.91 46.68
137.91 46.68
132.91 46.68
133.91 46.68
138.91 46.68
132.91 46.68
124.91 46.68
114.91 46.68
125.91 46.68
125.91 58.68
124.91 58.68
126.91 58.68
118.91 58.68
115.91 58.68
115.91 58.68
114.91 58.68
113.91 58.68
121.91 58.68
120.91 58.68
119.91 58.68
120.91 58.68
119.91 58.68
114.91 58.68
116.91 58.68
113.91 58.68
122.91 58.68
117.91 58.68
117.91 58.68
113.91 58.68
116.91 46.68
116.91 46.68
117.91 46.68
125.91 46.68
122.91 46.68
122.91 46.68
113.91 46.68
122.91 46.68
126.91 46.68
115.91 46.68
120.91 46.68
116.91 46.68
126.91 46.68
123.91 46.68
119.91 46.68
128.91 46.68
123.91 46.68
124.91 46.68
115.91 46.68
121.91 46.68
116.91 46.68
116.91 46.68
118.91 46.68
123.91 46.68
122.91 46.68
120.91 46.68
117.91 46.68
114.91 46.68
120.91 46.68
120.91 46.68
119.91 58.68
114.91 58.68
122.91 58.68
112.91 58.68
119.91 58.68
112.91 58.68
111.91 58.68
117.91 58.68
114.91 58.68
113.91 58.68
109.91 58.68
115.91 58.68
112.91 58.68
113.91 58.68
111.91 58.68
124.91 58.68
120.91 58.68
119.91 58.68
115.91 58.68
116.91 58.68
115.91 58.68
111.91 58.68
120.91 58.68
121.91 58.68
121.91 58.68
121.91 58.68
122.91 58.68
128.91 58.68
112.91 58.68
116.91 58.68
127.91 46.68
123.91 46.68
125.91 46.68
130.91 46.68
128.91 46.68
128.91 46.68
119.91 46.68
125.91 46.68
123.91 46.68
124.91 46.68
125.91 46.68
132.91 46.68
134.91 46.68
131.91 46.68
121.91 46.68
129.91 46.68
135.91 46.68
130.91 46.68
134.91 46.68
133.91 46.68
133.91 58.68
121.91 58.68
135.91 58.68
137.91 58.68
121.91 58.68
117.91 58.68
132.91 58.68
129.91 58.68
126.91 58.68
125.91 58.68
140.91 46.68
134.91 46.68
133.91 46.68
129.91 46.68
125.91 46.68
130.91 46.68
138.91 46.68
135.91 46.68
132.91 46.68
138.91 46.68
137.91 58.68
128.91 58.68
127.91 58.68
131.91 58.68
133.91 58.68
132.91 58.68
134.91 58.68
127.91 58.68
139.91 58.68
141.91 58.68
135.91 46.68
135.91 46.68
137.91 46.68
143.91 46.68
143.91 46.68
138.91 46.68
139.91 46.68
139.91 46.68
148.91 46.68
148.91 46.68
143.91 58.68
139.91 58.68
135.91 58.68
145.91 58.68
137.91 58.68
143.91 58.68
136.91 58.68
135.91 58.68
142.91 58.68
147.91 58.68
144.91 58.68
141.91 58.68
144.91 58.68
148.91 58.68
145.91 58.68
145.91 58.68
147.91 58.68
145.91 58.68
157.91 58.68
151.91 58.68
152.91 46.68
148.91 46.68
154.91 46.68
156.91 46.68
155.91 46.68
154.91 46.68
155.91 46.68
159.91 46.68
159.91 46.68
158.91 46.68
155.91 58.68
154.91 58.68
158.91 58.68
160.91 58.68
159.91 58.68
163.91 58.68
155.91 58.68
160.91 58.68
162.91 58.68
156.91 58.68
166.91 46.68
161.91 46.68
159.91 46.68
168.91 46.68
164.91 46.68
163.91 46.68
169.91 46.68
166.91 46.68
167.91 46.68
162.91 46.68
163.91 58.68
162.91 58.68
166.91 58.68
166.91 58.68
164.91 58.68
160.91 58.68
159.91 58.68
163.91 58.68
163.91 58.68
163.91 58.68
165.91 58.68
161.91 58.68
164.91 58.68
166.91 58.68
162.91 58.68
162.91 58.68
162.91 58.68
168.91 58.68
172.91 58.68
173.91 58.68
170.91 58.68
171.91 58.68
175.91 58.68
174.91 58.68
175.91 58.68
183.91 58.68
181.91 58.68
181.91 58.68
191.91 58.68
189.91 58.68
187.91 58.68
189.91 58.68
193.91 58.68
197.91 58.68
199.91 58.68
197.91 58.68
204.91 58.68
203.91 58.68
205.91 58.68
214.91 58.68
219.91 46.68
215.91 46.68
219.91 46.68
223.91 46.68
224.91 46.68
223.91 46.68
227.91 46.68
225.91 46.68
226.91 46.68
224.91 46.68
229.91 58.68
227.91 58.68
229.91 58.68
221.91 58.68
226.91 58.68
225.91 58.68
224.91 58.68
224.91 58.68
222.91 58.68
222.91 58.68
223.91 58.68
225.91 58.68
224.91 58.68
226.91 58.68
228.91 58.68
230.91 58.68
228.91 58.68
225.91 58.68
226.91 58.68
228.91 58.68
229.91 58.68
229.91 58.68
228.91 58.68
228.91 58.68
230.91 58.68
231.91 58.68
236.91 58.68
234.91 58.68
230.91 58.68
235.91 58.68
235.91 58.68
234.91 58.68
236.91 58.68
237.91 58.68
240.91 58.68
240.91 58.68
234.91 58.68
240.91 58.68
237.91 58.68
245.91 58.68
243.91 46.68
240.91 46.68
242.91 46.68
245.91 46.68
249.91 46.68
247.91 46.68
244.91 46.68
242.91 46.68
249.91 46.68
247.91 46.68
246.91 58.68
245.91 58.68
242.91 58.68
251.91 58.68
241.91 58.68
243.91 58.68
243.91 58.68
245.91 58.68
251.91 58.68
248.91 58.68
247.91 58.68
242.91 58.68
249.91 58.68
249.91 58.68
249.91 58.68
245.91 58.68
251.91 58.68
250.91 58.68
246.91 58.68
246.91 58.68
248.91 46.68
252.91 46.68
250.91 46.68
254.91 46.68
251.91 46.68
250.91 46.68
254.91 46.68
254.91 46.68
255.91 46.68
253.91 46.68
255.91 58.68
248.91 58.68
247.91 58.68
252.91 58.68
254.91 58.68
250.91 58.68
255.91 58.68
255.91 58.68
255.91 58.68
249.91 58.68
249.91 46.68
250.91 46.68
252.91 46.68
252.91 46.68
250.91 46.68
253.91 46.68
253.91 46.68
257.91 46.68
256.91 46.68
254.91 46.68
250.91 46.68
252.91 46.68
255.91 46.68
248.91 46.68
252.91 46.68
253.91 46.68
254.91 46.68
254.91 46.68
250.91 46.68
251.91 46.68
251.91 58.68
245.91 58.68
247.91 58.68
250.91 58.68
248.91 58.68
246.91 58.68
250.91 58.68
249.91 58.68
253.91 58.68
246.91 58.68
248.91 46.68
245.91 46.68
244.91 46.68
244.91 46.68
245.91 46.68
243.91 46.68
246.91 46.68
244.91 46.68
244.91 46.68
244.91 46.68
240.91 46.68
243.91 46.68
239.91 46.68
240.91 46.68
241.91 46.68
241.91 46.68
238.91 46.68
234.91 46.68
238.91 46.68
238.91 46.68
240.91 46.68
232.91 46.68
231.91 46.68
237.91 46.68
238.91 46.68
232.91 46.68
230.91 46.68
235.91 46.68
237.91 46.68
233.91 46.68
231.91 46.68
226.91 46.68
229.91 46.68
226.91 46.68
225.91 46.68
228.91 46.68
226.91 46.68
223.91 46.68
231.91 46.68
218.91 46.68
218.91 46.68
223.91 46.68
220.91 46.68
216.91 46.68
218.91 46.68
214.91 46.68
210.91 46.68
211.91 46.68
215.91 46.68
217.91 46.68
205.91 58.68
211.91 58.68
206.91 58.68
205.91 58.68
207.91 58.68
206.91 58.68
201.91 58.68
200.91 58.68
198.91 58.68
196.91 58.68
195.91 46.68
190.91 46.68
193.91 46.68
191.91 46.68
190.91 46.68
192.91 46.68
187.91 46.68
186.91 46.68
186.91 46.68
189.91 46.68
186.91 58.68
179.91 58.68
180.91 58.68
180.91 58.68
184.91 58.68
178.91 58.68
176.91 58.68
180.91 58.68
177.91 58.68
181.91 58.68
179.91 46.68
175.91 46.68
176.91 46.68
177.91 46.68
173.91 46.68
179.91 46.68
171.91 46.68
175.91 46.68
177.91 46.68
176.91 46.68
174.91 46.68
176.91 46.68
174.91 46.68
176.91 46.68
172.91 46.68
170.91 46.68
173.91 46.68
164.91 46.68
164.91 46.68
164.91 46.68
158.91 46.68
160.91 46.68
158.91 46.68
157.91 46.68
160.91 46.68
152.91 46.68
151.91 46.68
159.91 46.68
157.91 46.68
154.91 46.68
150.91 58.68
148.91 58.68
143.91 58.68
153.91 58.68
152.91 58.68
151.91 58.68
140.91 58.68
152.91 58.68
148.91 58.68
141.91 58.68
140.91 58.68
139.91 58.68
149.91 58.68
149.91 58.68
148.91 58.68
143.91 58.68
147.91 58.68
154.91 58.68
144.91 58.68
146.91 58.68
146.91 58.68
148.91 58.68
152.91 58.68
145.91 58.68
149.91 58.68
153.91 58.68
159.91 58.68
155.91 58.68
160.91 58.68
160.91 58.68
162.91 46.68
162.91 46.68
168.91 46.68
159.91 46.68
158.91 46.68
172.91 46.68
170.91 46.68
168.91 46.68
167.91 46.68
166.91 46.68
167.91 58.68
171.91 58.68
173.91 58.68
168.91 58.68
170.91 58.68
172.91 58.68
166.91 58.68
166.91 58.68
174.91 58.68
173.91 58.68
176.91 46.68
175.91 46.68
178.91 46.68
178.91 46.68
175.91 46.68
178.91 46.68
175.91 46.68
181.91 46.68
179.91 46.68
177.91 46.68
182.91 46.68
184.91 46.68
180.91 46.68
179.91 46.68
179.91 46.68
179.91 46.68
172.91 46.68
173.91 46.68
179.91 46.68
175.91 46.68
179.91 46.68
173.91 46.68
176.91 46.68
168.91 46.68
163.91 46.68
163.91 46.68
166.91 46.68
164.91 46.68
157.91 46.68
154.91 46.68
160.91 58.68
151.91 58.68
156.91 58.68
151.91 58.68
149.91 58.68
143.91 58.68
145.91 58.68
150.91 58.68
145.91 58.68
147.91 58.68
139.91 58.68
142.91 58.68
146.91 58.68
143.91 58.68
148.91 58.68
140.91 58.68
148.91 58.68
153.91 58.68
145.91 58.68
142.91 58.68
141.91 46.68
157.91 46.68
154.91 46.68
154.91 46.68
151.91 46.68
151.91 46.68
156.91 46.68
152.91 46.68
155.91 46.68
151.91 46.68
154.91 58.68
154.91 58.68
153.91 58.68
153.91 58.68
150.91 58.68
151.91 58.68
157.91 58.68
152.91 58.68
153.91 58.68
147.91 58.68
150.91 58.68
157.91 58.68
156.91 58.68
157.91 58.68
162.91 58.68
162.91 58.68
162.91 58.68
164.91 58.68
165.91 58.68
166.91 58.68
166.91 58.68
168.91 58.68
172.91 58.68
166.91 58.68
173.91 58.68
174.91 58.68
175.91 58.68
177.91 58.68
179.91 58.68
181.91 58.68
183.91 58.68
184.91 58.68
181.91 58.68
190.91 58.68
187.91 58.68
189.91 58.68
190.91 58.68
194.91 58.68
194.91 58.68
189.91 58.68
195.91 46.68
192.91 46.68
203.91 46.68
205.91 46.68
198.91 46.68
202.91 46.68
198.91 46.68
201.91 46.68
205.91 46.68
203.91 46.68
208.91 46.68
205.91 46.68
204.91 46.68
200.91 46.68
199.91 46.68
201.91 46.68
202.91 46.68
199.91 46.68
201.91 46.68
201.91 46.68
206.91 46.68
200.91 46.68
198.91 46.68
195.91 46.68
191.91 46.68
201.91 46.68
194.91 46.68
194.91 46.68
190.91 46.68
191.91 46.68
198.91 46.68
193.91 46.68
192.91 46.68
185.91 46.68
185.91 46.68
186.91 46.68
184.91 46.68
181.91 46.68
175.91 46.68
181.91 46.68
174.91 46.68
173.91 46.68
162.91 46.68
164.91 46.68
162.91 46.68
167.91 46.68
158.91 46.68
160.91 46.68
155.91 46.68
154.91 46.68
151.91 58.68
152.91 58.68
148.91 58.68
150.91 58.68
147.91 58.68
156.91 58.68
148.91 58.68
149.91 58.68
146.91 58.68
145.91 58.68
149.91 46.68
142.91 46.68
143.91 46.68
141.91 46.68
138.91 46.68
147.91 46.68
144.91 46.68
139.91 46.68
139.91 46.68
143.91 46.68
143.91 46.68
147.91 46.68
140.91 46.68
136.91 46.68
142.91 46.68
138.91 46.68
141.91 46.68
127.91 46.68
135.91 46.68
139.91 46.68
138.91 58.68
133.91 58.68
122.91 58.68
130.91 58.68
132.91 58.68
132.91 58.68
127.91 58.68
123.91 58.68
121.91 58.68
132.91 58.68
124.91 46.68
125.91 46.68
122.91 46.68
123.91 46.68
124.91 46.68
125.91 46.68
131.91 46.68
120.91 46.68
129.91 46.68
127.91 46.68
126.91 58.68
117.91 58.68
128.91 58.68
127.91 58.68
132.91 58.68
115.91 58.68
117.91 58.68
125.91 58.68
127.91 58.68
124.91 58.68
115.91 46.68
125.91 46.68
129.91 46.68
127.91 46.68
126.91 46.68
124.91 46.68
133.91 46.68
130.91 46.68
134.91 46.68
119.91 46.68
136.91 58.68
141.91 58.68
141.91 58.68
130.91 58.68
124.91 58.68
140.91 58.68
131.91 58.68
136.91 58.68
125.91 58.68
125.91 58.68
135.91 46.68
137.91 46.68
133.91 46.68
141.91 46.68
137.91 46.68
136.91 46.68
141.91 46.68
144.91 46.68
140.91 46.68
139.91 46.68
140.91 58.68
145.91 58.68
144.91 58.68
143.91 58.68
136.91 58.68
142.91 58.68
142.91 58.68
141.91 58.68
134.91 58.68
145.91 58.68
150.91 58.68
148.91 58.68
146.91 58.68
146.91 58.68
149.91 58.68
149.91 58.68
151.91 58.68
144.91 58.68
150.91 58.68
155.91 58.68
155.91 58.68
154.91 58.68
157.91 58.68
154.91 58.68
160.91 58.68
161.91 58.68
160.91 58.68
157.91 58.68
164.91 58.68
165.91 58.68
167.91 46.68
166.91 46.68
174.91 46.68
174.91 46.68
180.91 46.68
176.91 46.68
178.91 46.68
185.91 46.68
179.91 46.68
185.91 46.68
176.91 58.68
173.91 58.68
184.91 58.68
180.91 58.68
178.91 58.68
182.91 58.68
179.91 58.68
184.91 58.68
183.91 58.68
189.91 58.68
190.91 46.68
184.91 46.68
184.91 46.68
185.91 46.68
187.91 46.68
186.91 46.68
185.91 46.68
191.91 46.68
188.91 46.68
191.91 46.68
184.91 46.68
186.91 46.68
188.91 46.68
189.91 46.68
185.91 46.68
184.91 46.68
186.91 46.68
186.91 46.68
189.91 46.68
186.91 46.68
183.91 46.68
181.91 46.68
184.91 46.68
182.91 46.68
179.91 46.68
178.91 46.68
174.91 46.68
172.91 46.68
176.91 46.68
174.91 46.68
172.91 46.68
169.91 46.68
160.91 46.68
168.91 46.68
167.91 46.68
158.91 46.68
161.91 46.68
157.91 46.68
155.91 46.68
152.91 46.68
150.91 58.68
144.91 58.68
146.91 58.68
137.91 58.68
141.91 58.68
138.91 58.68
142.91 58.68
132.91 58.68
140.91 58.68
145.91 58.68
134.91 46.68
141.91 46.68
137.91 46.68
143.91 46.68
141.91 46.68
138.91 46.68
134.91 46.68
137.91 46.68
141.91 46.68
142.91 46.68
138.91 46.68
127.91 46.68
139.91 46.68
136.91 46.68
134.91 46.68
138.91 46.68
132.91 46.68
134.91 46.68
132.91 46.68
131.91 46.68
128.91 58.68
122.91 58.68
133.91 58.68
124.91 58.68
131.91 58.68
126.91 58.68
119.91 58.68
130.91 58.68
125.91 58.68
118.91 58.68
126.91 58.68
130.91 58.68
130.91 58.68
131.91 58.68
129.91 58.68
125.91 58.68
128.91 58.68
137.91 58.68
130.91 58.68
128.91 58.68
126.91 46.68
144.91 46.68
140.91 46.68
138.91 46.68
133.91 46.68
146.91 46.68
142.91 46.68
142.91 46.68
141.91 46.68
134.91 46.68
151.91 46.68
144.91 46.68
142.91 46.68
145.91 46.68
145.91 46.68
146.91 46.68
142.91 46.68
144.91 46.68
131.91 46.68
140.91 46.68
134.91 46.68
132.91 46.68
130.91 46.68
132.91 46.68
129.91 46.68
135.91 46.68
129.91 46.68
129.91 46.68
122.91 46.68
119.91 46.68
133.91 58.68
122.91 58.68
123.91 58.68
120.91 58.68
123.91 58.68
131.91 58.68
121.91 58.68
121.91 58.68
120.91 58.68
131.91 58.68
121.91 58.68
122.91 58.68
119.91 58.68
120.91 58.68
125.91 58.68
129.91 58.68
125.91 58.68
126.91 58.68
128.91 58.68
126.91 58.68
133.91 46.68
125.91 46.68
131.91 46.68
127.91 46.68
137.91 46.68
138.91 46.68
133.91 46.68
136.91 46.68
141.91 46.68
134.91 46.68
138.91 46.68
135.91 46.68
147.91 46.68
143.91 46.68
140.91 46.68
139.91 46.68
133.91 46.68
140.91 46.68
136.91 46.68
137.91 46.68
135.91 46.68
137.91 46.68
136.91 46.68
139.91 46.68
134.91 46.68
125.91 46.68
138.91 46.68
135.91 46.68
136.91 46.68
133.91 46.68
129.91 46.68
134.91 46.68
130.91 46.68
129.91 46.68
122.91 46.68
124.91 46.68
127.91 46.68
134.91 46.68
122.91 46.68
124.91 46.68
119.91 46.68
125.91 46.68
118.91 46.68
119.91 46.68
115.91 46.68
114.91 46.68
112.91 46.68
115.91 46.68
113.91 46.68
119.91 46.68
111.91 58.68
114.91 58.68
115.91 58.68
116.91 58.68
111.91 58.68
120.91 58.68
120.91 58.68
116.91 58.68
105.91 58.68
109.91 58.68
113.91 58.68
116.91 58.68
116.91 58.68
111.91 58.68
116.91 58.68
115.91 58.68
107.91 58.68
111.91 58.68
113.91 58.68
119.91 58.68
107.91 58.68
116.91 58.68
123.91 58.68
117.91 58.68
112.91 58.68
119.91 58.68
122.91 58.68
118.91 58.68
119.91 58.68
120.91 58.68
123.91 58.68
114.91 58.68
121.91 58.68
122.91 58.68
111.91 58.68
117.91 58.68
126.91 58.68
126.91 58.68
123.91 58.68
132.91 58.68
132.91 58.68
132.91 58.68
132.91 58.68
139.91 58.68
141.91 58.68
127.91 58.68
136.91 58.68
143.91 58.68
145.91 58.68
145.91 58.68
146.91 46.68
156.91 46.68
155.91 46.68
153.91 46.68
157.91 46.68
155.91 46.68
159.91 46.68
154.91 46.68
159.91 46.68
160.91 46.68
162.91 46.68
157.91 46.68
162.91 46.68
162.91 46.68
160.91 46.68
167.91 46.68
156.91 46.68
160.91 46.68
164.91 46.68
158.91 46.68
159.91 46.68
157.91 46.68
151.91 46.68
156.91 46.68
156.91 46.68
155.91 46.68
147.91 46.68
149.91 46.68
157.91 46.68
155.91 46.68
153.91 58.68
147.91 58.68
148.91 58.68
149.91 58.68
156.91 58.68
145.91 58.68
147.91 58.68
143.91 58.68
149.91 58.68
150.91 58.68
142.91 58.68
148.91 58.68
139.91 58.68
149.91 58.68
148.91 58.68
150.91 58.68
150.91 58.68
150.91 58.68
152.91 58.68
148.91 58.68
153.91 46.68
150.91 46.68
152.91 46.68
156.91 46.68
153.91 46.68
155.91 46.68
148.91 46.68
153.91 46.68
152.91 46.68
156.91 46.68
155.91 58.68
152.91 58.68
155.91 58.68
152.91 58.68
152.91 58.68
153.91 58.68
152.91 58.68
152.91 58.68
153.91 58.68
156.91 58.68
151.91 58.68
154.91 58.68
153.91 58.68
160.91 58.68
157.91 58.68
160.91 58.68
159.91 58.68
162.91 58.68
165.91 58.68
165.91 58.68
160.91 46.68
170.91 46.68
166.91 46.68
167.91 46.68
174.91 46.68
177.91 46.68
179.91 46.68
175.91 46.68
184.91 46.68
178.91 46.68
186.91 58.68
174.91 58.68
179.91 58.68
174.91 58.68
181.91 58.68
181.91 58.68
182.91 58.68
177.91 58.68
181.91 58.68
177.91 58.68
184.91 46.68
188.91 46.68
186.91 46.68
186.91 46.68
186.91 46.68
188.91 46.68
188.91 46.68
182.91 46.68
178.91 46.68
181.91 46.68
185.91 58.68
186.91 58.68
177.91 58.68
184.91 58.68
179.91 58.68
182.91 58.68
185.91 58.68
186.91 58.68
180.91 58.68
182.91 58.68
187.91 46.68
188.91 46.68
187.91 46.68
182.91 46.68
188.91 46.68
185.91 46.68
187.91 46.68
184.91 46.68
186.91 46.68
184.91 46.68
189.91 46.68
185.91 46.68
184.91 46.68
186.91 46.68
178.91 46.68
185.91 46.68
181.91 46.68
179.91 46.68
176.91 46.68
176.91 46.68
182.91 58.68
180.91 58.68
174.91 58.68
175.91 58.68
179.91 58.68
173.91 58.68
169.91 58.68
168.91 58.68
175.91 58.68
172.91 58.68
170.91 58.68
170.91 58.68
171.91 58.68
175.91 58.68
168.91 58.68
171.91 58.68
166.91 58.68
169.91 58.68
167.91 58.68
173.91 58.68
178.91 46.68
174.91 46.68
177.91 46.68
173.91 46.68
174.91 46.68
176.91 46.68
175.91 46.68
176.91 46.68
175.91 46.68
175.91 46.68
172.91 58.68
173.91 58.68
175.91 58.68
171.91 58.68
175.91 58.68
172.91 58.68
175.91 58.68
180.91 58.68
174.91 58.68
175.91 58.68
177.91 46.68
171.91 46.68
173.91 46.68
173.91 46.68
182.91 46.68
180.91 46.68
176.91 46.68
175.91 46.68
178.91 46.68
181.91 46.68
183.91 46.68
180.91 46.68
177.91 46.68
180.91 46.68
181.91 46.68
179.91 46.68
172.91 46.68
180.91 46.68
176.91 46.68
169.91 46.68
173.91 46.68
171.91 46.68
169.91 46.68
168.91 46.68
169.91 46.68
162.91 46.68
171.91 46.68
155.91 46.68
162.91 46.68
158.91 46.68
159.91 46.68
159.91 46.68
155.91 46.68
152.91 46.68
146.91 46.68
149.91 46.68
151.91 46.68
147.91 46.68
146.91 46.68
145.91 46.68
139.91 58.68
141.91 58.68
139.91 58.68
141.91 58.68
127.91 58.68
138.91 58.68
139.91 58.68
136.91 58.68
134.91 58.68
136.91 58.68
138.91 58.68
137.91 58.68
144.91 58.68
130.91 58.68
127.91 58.68
139.91 58.68
135.91 58.68
140.91 58.68
136.91 58.68
140.91 58.68
145.91 46.68
142.91 46.68
146.91 46.68
137.91 46.68
150.91 46.68
153.91 46.68
149.91 46.68
148.91 46.68
143.91 46.68
152.91 46.68
151.91 58.68
145.91 58.68
145.91 58.68
149.91 58.68
150.91 58.68
147.91 58.68
144.91 58.68
148.91 58.68
148.91 58.68
147.91 58.68
147.91 46.68
141.91 46.68
148.91 46.68
149.91 46.68
151.91 46.68
150.91 46.68
149.91 46.68
159.91 46.68
154.91 46.68
155.91 46.68
146.91 46.68
145.91 46.68
151.91 46.68
150.91 46.68
149.91 46.68
152.91 46.68
145.91 46.68
138.91 46.68
149.91 46.68
149.91 46.68
141.91 46.68
138.91 46.68
146.91 46.68
146.91 46.68
144.91 46.68
144.91 46.68
144.91 46.68
146.91 46.68
142.91 46.68
135.91 46.68
137.91 58.68
130.91 58.68
136.91 58.68
133.91 58.68
129.91 58.68
129.91 58.68
122.91 58.68
137.91 58.68
139.91 58.68
135.91 58.68
130.91 58.68
135.91 58.68
143.91 58.68
130.91 58.68
138.91 58.68
134.91 58.68
127.91 58.68
137.91 58.68
135.91 58.68
138.91 58.68
126.91 58.68
144.91 58.68
145.91 58.68
144.91 58.68
144.91 58.68
148.91 58.68
149.91 58.68
152.91 58.68
146.91 58.68
149.91 58.68
158.91 58.68
157.91 58.68
159.91 58.68
161.91 58.68
159.91 58.68
159.91 58.68
162.91 58.68
167.91 58.68
173.91 58.68
174.91 58.68
176.91 58.68
177.91 58.68
176.91 58.68
176.91 58.68
176.91 58.68
180.91 58.68
185.91 58.68
185.91 58.68
188.91 58.68
186.91 58.68
191.91 46.68
197.91 46.68
191.91 46.68
196.91 46.68
192.91 46.68
195.91 46.68
200.91 46.68
196.91 46.68
200.91 46.68
201.91 46.68
203.91 58.68
202.91 58.68
199.91 58.68
199.91 58.68
203.91 58.68
204.91 58.68
203.91 58.68
206.91 58.68
207.91 58.68
203.91 58.68
206.91 46.68
208.91 46.68
208.91 46.68
207.91 46.68
209.91 46.68
210.91 46.68
213.91 46.68
211.91 46.68
213.91 46.68
212.91 46.68
212.91 58.68
208.91 58.68
207.91 58.68
216.91 58.68
212.91 58.68
211.91 58.68
212.91 58.68
211.91 58.68
206.91 58.68
211.91 58.68
208.91 46.68
216.91 46.68
208.91 46.68
207.91 46.68
209.91 46.68
214.91 46.68
213.91 46.68
213.91 46.68
215.91 46.68
217.91 46.68
215.91 46.68
217.91 46.68
212.91 46.68
223.91 46.68
215.91 46.68
217.91 46.68
213.91 46.68
210.91 46.68
209.91 46.68
211.91 46.68
206.91 58.68
220.91 58.68
212.91 58.68
213.91 58.68
209.91 58.68
211.91 58.68
209.91 58.68
212.91 58.68
211.91 58.68
210.91 58.68
214.91 46.68
210.91 46.68
211.91 46.68
210.91 46.68
216.91 46.68
213.91 46.68
210.91 46.68
207.91 46.68
212.91 46.68
209.91 46.68
209.91 46.68
206.91 46.68
207.91 46.68
207.91 46.68
208.91 46.68
204.91 46.68
210.91 46.68
205.91 46.68
203.91 46.68
206.91 46.68
211.91 58.68
203.91 58.68
204.91 58.68
198.91 58.68
203.91 58.68
201.91 58.68
200.91 58.68
205.91 58.68
202.91 58.68
200.91 58.68
202.91 58.68
204.91 58.68
204.91 58.68
206.91 58.68
197.91 58.68
203.91 58.68
205.91 58.68
205.91 58.68
203.91 58.68
201.91 58.68
202.91 46.68
202.91 46.68
203.91 46.68
200.91 46.68
200.91 46.68
204.91 46.68
208.91 46.68
203.91 46.68
202.91 46.68
209.91 46.68
204.91 46.68
202.91 46.68
203.91 46.68
204.91 46.68
204.91 46.68
203.91 46.68
205.91 46.68
199.91 46.68
202.91 46.68
201.91 46.68
204.91 58.68
192.91 58.68
195.91 58.68
197.91 58.68
195.91 58.68
196.91 58.68
199.91 58.68
197.91 58.68
193.91 58.68
199.91 58.68
195.91 58.68
196.91 58.68
196.91 58.68
198.91 58.68
203.91 58.68
200.91 58.68
202.91 58.68
201.91 58.68
204.91 58.68
197.91 58.68
199.91 58.68
201.91 58.68
207.91 58.68
209.91 58.68
197.91 58.68
203.91 58.68
204.91 58.68
212.91 58.68
206.91 58.68
212.91 58.68
209.91 58.68
209.91 58.68
210.91 58.68
212.91 58.68
213.91 58.68
219.91 58.68
208.91 58.68
216.91 58.68
209.91 58.68
216.91 58.68
217.91 46.68
222.91 46.68
225.91 46.68
222.91 46.68
225.91 46.68
225.91 46.68
225.91 46.68
225.91 46.68
227.91 46.68
228.91 46.68
227.91 46.68
230.91 46.68
228.91 46.68
225.91 46.68
228.91 46.68
231.91 46.68
225.91 46.68
227.91 46.68
232.91 46.68
228.91 46.68
224.91 58.68
227.91 58.68
229.91 58.68
227.91 58.68
224.91 58.68
227.91 58.68
223.91 58.68
227.91 58.68
227.91 58.68
222.91 58.68
220.91 46.68
220.91 46.68
225.91 46.68
228.91 46.68
223.91 46.68
222.91 46.68
227.91 46.68
226.91 46.68
222.91 46.68
230.91 46.68
223.91 58.68
224.91 58.68
228.91 58.68
229.91 58.68
224.91 58.68
225.91 58.68
224.91 58.68
225.91 58.68
225.91 58.68
225.91 58.68
221.91 46.68
221.91 46.68
220.91 46.68
224.91 46.68
222.91 46.68
220.91 46.68
217.91 46.68
224.91 46.68
214.91 46.68
220.91 46.68
221.91 46.68
222.91 46.68
219.91 46.68
222.91 46.68
223.91 46.68
211.91 46.68
215.91 46.68
210.91 46.68
215.91 46.68
219.91 46.68
214.91 58.68
210.91 58.68
209.91 58.68
218.91 58.68
214.91 58.68
211.91 58.68
208.91 58.68
209.91 58.68
208.91 58.68
210.91 58.68
212.91 46.68
207.91 46.68
205.91 46.68
207.91 46.68
209.91 46.68
210.91 46.68
202.91 46.68
214.91 46.68
210.91 46.68
210.91 46.68
206.91 46.68
208.91 46.68
203.91 46.68
204.91 46.68
201.91 46.68
203.91 46.68
201.91 46.68
202.91 46.68
202.91 46.68
201.91 46.68
200.91 46.68
197.91 46.68
200.91 46.68
195.91 46.68
199.91 46.68
191.91 46.68
196.91 46.68
195.91 46.68
189.91 46.68
189.91 46.68
189.91 58.68
191.91 58.68
185.91 58.68
186.91 58.68
189.91 58.68
176.91 58.68
179.91 58.68
177.91 58.68
179.91 58.68
169.91 58.68
167.91 46.68
167.91 46.68
166.91 46.68
167.91 46.68
167.91 46.68
169.91 46.68
160.91 46.68
167.91 46.68
162.91 46.68
168.91 46.68
168.91 58.68
166.91 58.68
163.91 58.68
163.91 58.68
155.91 58.68
158.91 58.68
162.91 58.68
163.91 58.68
159.91 58.68
159.91 58.68
157.91 58.68
154.91 58.68
155.91 58.68
160.91 58.68
154.91 58.68
161.91 58.68
159.91 58.68
166.91 58.68
165.91 58.68
166.91 58.68
164.91 58.68
169.91 58.68
175.91 58.68
170.91 58.68
169.91 58.68
173.91 58.68
175.91 58.68
179.91 58.68
180.91 58.68
178.91 58.68
176.91 46.68
180.91 46.68
181.91 46.68
184.91 46.68
179.91 46.68
184.91 46.68
186.91 46.68
181.91 46.68
185.91 46.68
184.91 46.68
186.91 58.68
185.91 58.68
191.91 58.68
190.91 58.68
190.91 58.68
188.91 58.68
191.91 58.68
187.91 58.68
193.91 58.68
186.91 58.68
190.91 46.68
184.91 46.68
185.91 46.68
192.91 46.68
193.91 46.68
195.91 46.68
196.91 46.68
195.91 46.68
191.91 46.68
187.91 46.68
192.91 58.68
193.91 58.68
196.91 58.68
194.91 58.68
194.91 58.68
189.91 58.68
191.91 58.68
191.91 58.68
191.91 58.68
190.91 58.68
194.91 46.68
199.91 46.68
193.91 46.68
196.91 46.68
191.91 46.68
193.91 46.68
195.91 46.68
191.91 46.68
193.91 46.68
196.91 46.68
194.91 46.68
194.91 46.68
190.91 46.68
185.91 46.68
190.91 46.68
196.91 46.68
184.91 46.68
189.91 46.68
186.91 46.68
179.91 46.68
188.91 46.68
186.91 46.68
191.91 46.68
188.91 46.68
184.91 46.68
188.91 46.68
186.91 46.68
183.91 46.68
176.91 46.68
173.91 46.68
171.91 46.68
174.91 46.68
172.91 46.68
170.91 46.68
162.91 46.68
167.91 46.68
161.91 46.68
161.91 46.68
156.91 46.68
158.91 46.68
153.91 46.68
153.91 46.68
152.91 46.68
151.91 46.68
150.91 46.68
144.91 46.68
144.91 46.68
143.91 46.68
142.91 46.68
138.91 46.68
136.91 46.68
130.91 46.68
138.91 46.68
131.91 46.68
132.91 46.68
128.91 46.68
118.91 46.68
134.91 46.68
127.91 46.68
122.91 46.68
116.91 58.68
109.91 58.68
119.91 58.68
119.91 58.68
117.91 58.68
116.91 58.68
118.91 58.68
117.91 58.68
117.91 58.68
113.91 58.68
112.91 46.68
122.91 46.68
120.91 46.68
112.91 46.68
113.91 46.68
120.91 46.68
119.91 46.68
116.91 46.68
113.91 46.68
110.91 46.68
119.91 58.68
115.91 58.68
110.91 58.68
110.91 58.68
115.91 58.68
116.91 58.68
107.91 58.68
109.91 58.68
112.91 58.68
121.91 58.68
121.91 58.68
119.91 58.68
115.91 58.68
115.91 58.68
119.91 58.68
118.91 58.68
115.91 58.68
119.91 58.68
128.91 58.68
118.91 58.68
108.91 58.68
118.91 58.68
128.91 58.68
124.91 58.68
128.91 58.68
124.91 58.68
133.91 58.68
132.91 58.68
131.91 58.68
130.91 58.68
143.91 46.68
145.91 46.68
147.91 46.68
145.91 46.68
150.91 46.68
154.91 46.68
153.91 46.68
153.91 46.68
150.91 46.68
156.91 46.68
153.91 46.68
154.91 46.68
151.91 46.68
155.91 46.68
153.91 46.68
152.91 46.68
149.91 46.68
151.91 46.68
152.91 46.68
149.91 46.68
154.91 46.68
148.91 46.68
147.91 46.68
150.91 46.68
142.91 46.68
136.91 46.68
138.91 46.68
141.91 46.68
140.91 46.68
132.91 46.68
143.91 58.68
131.91 58.68
138.91 58.68
138.91 58.68
133.91 58.68
133.91 58.68
131.91 58.68
135.91 58.68
137.91 58.68
133.91 58.68
126.91 58.68
140.91 58.68
136.91 58.68
136.91 58.68
133.91 58.68
129.91 58.68
149.91 58.68
138.91 58.68
142.91 58.68
139.91 58.68
142.91 46.68
147.91 46.68
145.91 46.68
148.91 46.68
145.91 46.68
143.91 46.68
149.91 46.68
148.91 46.68
144.91 46.68
145.91 46.68
152.91 46.68
145.91 46.68
143.91 46.68
150.91 46.68
142.91 46.68
156.91 46.68
153.91 46.68
150.91 46.68
145.91 46.68
142.91 46.68
150.91 58.68
144.91 58.68
145.91 58.68
139.91 58.68
137.91 58.68
144.91 58.68
144.91 58.68
143.91 58.68
140.91 58.68
142.91 58.68
150.91 46.68
144.91 46.68
143.91 46.68
147.91 46.68
150.91 46.68
154.91 46.68
149.91 46.68
145.91 46.68
140.91 46.68
145.91 46.68
145.91 46.68
139.91 46.68
143.91 46.68
137.91 46.68
144.91 46.68
142.91 46.68
140.91 46.68
139.91 46.68
137.91 46.68
141.91 46.68
136.91 46.68
132.91 46.68
133.91 46.68
122.91 46.68
132.91 46.68
133.91 46.68
125.91 46.68
122.91 46.68
123.91 46.68
126.91 46.68
128.91 58.68
129.91 58.68
124.91 58.68
124.91 58.68
131.91 58.68
123.91 58.68
129.91 58.68
120.91 58.68
129.91 58.68
124.91 58.68
125.91 58.68
116.91 58.68
123.91 58.68
128.91 58.68
130.91 58.68
125.91 58.68
122.91 58.68
131.91 58.68
130.91 58.68
132.91 58.68
131.91 46.68
140.91 46.68
139.91 46.68
134.91 46.68
124.91 46.68
141.91 46.68
133.91 46.68
139.91 46.68
140.91 46.68
136.91 46.68
136.91 58.68
132.91 58.68
141.91 58.68
138.91 58.68
137.91 58.68
130.91 58.68
140.91 58.68
140.91 58.68
141.91 58.68
141.91 58.68
143.91 46.68
148.91 46.68
143.91 46.68
141.91 46.68
144.91 46.68
152.91 46.68
147.91 46.68
141.91 46.68
142.91 46.68
150.91 46.68
144.91 58.68
146.91 58.68
136.91 58.68
145.91 58.68
144.91 58.68
147.91 58.68
143.91 58.68
154.91 58.68
147.91 58.68
145.91 58.68
141.91 58.68
138.91 58.68
150.91 58.68
150.91 58.68
150.91 58.68
146.91 58.68
152.91 58.68
159.91 58.68
154.91 58.68
160.91 58.68
159.91 58.68
162.91 58.68
168.91 58.68
170.91 58.68
174.91 58.68
183.91 58.68
175.91 58.68
175.91 58.68
177.91 58.68
182.91 58.68
180.91 46.68
189.91 46.68
186.91 46.68
189.91 46.68
191.91 46.68
184.91 46.68
192.91 46.68
190.91 46.68
188.91 46.68
189.91 46.68
196.91 46.68
192.91 46.68
192.91 46.68
199.91 46.68
196.91 46.68
188.91 46.68
191.91 46.68
191.91 46.68
195.91 46.68
191.91 46.68
191.91 58.68
189.91 58.68
190.91 58.68
192.91 58.68
188.91 58.68
187.91 58.68
189.91 58.68
186.91 58.68
185.91 58.68
187.91 58.68
187.91 46.68
187.91 46.68
190.91 46.68
189.91 46.68
193.91 46.68
189.91 46.68
187.91 46.68
185.91 46.68
187.91 46.68
189.91 46.68
185.91 58.68
176.91 58.68
185.91 58.68
184.91 58.68
184.91 58.68
188.91 58.68
182.91 58.68
185.91 58.68
183.91 58.68
185.91 58.68
179.91 58.68
181.91 58.68
182.91 58.68
186.91 58.68
183.91 58.68
188.91 58.68
186.91 58.68
188.91 58.68
186.91 58.68
185.91 58.68
189.91 58.68
189.91 58.68
198.91 58.68
189.91 58.68
199.91 58.68
200.91 58.68
192.91 58.68
200.91 58.68
200.91 58.68
201.91 58.68
203.91 58.68
201.91 58.68
203.91 58.68
206.91 58.68
203.91 58.68
208.91 58.68
211.91 58.68
205.91 58.68
208.91 58.68
210.91 58.68
214.91 58.68
214.91 58.68
216.91 58.68
219.91 58.68
221.91 58.68
221.91 58.68
224.91 58.68
228.91 58.68
228.91 58.68
234.91 58.68
234.91 58.68
230.91 58.68
229.91 58.68
234.91 58.68
233.91 58.68
235.91 58.68
234.91 58.68
238.91 58.68
238.91 58.68
240.91 58.68
241.91 46.68
244.91 46.68
239.91 46.68
240.91 46.68
246.91 46.68
245.91 46.68
239.91 46.68
243.91 46.68
243.91 46.68
251.91 46.68
250.91 46.68
250.91 46.68
250.91 46.68
255.91 46.68
249.91 46.68
249.91 46.68
251.91 46.68
249.91 46.68
251.91 46.68
247.91 46.68
249.91 58.68
247.91 58.68
250.91 58.68
240.91 58.68
247.91 58.68
243.91 58.68
247.91 58.68
247.91 58.68
246.91 58.68
244.91 58.68
244.91 58.68
245.91 58.68
244.91 58.68
244.91 58.68
244.91 58.68
250.91 58.68
243.91 58.68
247.91 58.68
244.91 58.68
246.91 58.68
246.91 46.68
248.91 46.68
248.91 46.68
251.91 46.68
249.91 46.68
241.91 46.68
246.91 46.68
250.91 46.68
246.91 46.68
252.91 46.68
247.91 58.68
245.91 58.68
245.91 58.68
249.91 58.68
246.91 58.68
247.91 58.68
247.91 58.68
245.91 58.68
245.91 58.68
245.91 58.68
243.91 58.68
244.91 58.68
249.91 58.68
245.91 58.68
239.91 58.68
243.91 58.68
246.91 58.68
245.91 58.68
249.91 58.68
248.91 58.68
249.91 46.68
250.91 46.68
248.91 46.68
247.91 46.68
250.91 46.68
249.91 46.68
251.91 46.68
245.91 46.68
252.91 46.68
249.91 46.68
250.91 58.68
251.91 58.68
251.91 58.68
247.91 58.68
249.91 58.68
248.91 58.68
243.91 58.68
251.91 58.68
244.91 58.68
247.91 58.68
245.91 58.68
244.91 58.68
250.91 58.68
252.91 58.68
247.91 58.68
243.91 58.68
249.91 58.68
249.91 58.68
245.91 58.68
247.91 58.68
250.91 58.68
249.91 58.68
250.91 58.68
251.91 58.68
252.91 58.68
250.91 58.68
251.91 58.68
256.91 58.68
250.91 58.68
245.91 58.68
250.91 46.68
255.91 46.68
250.91 46.68
253.91 46.68
255.91 46.68
257.91 46.68
259.91 46.68
252.91 46.68
254.91 46.68
249.91 46.68
256.91 58.68
257.91 58.68
249.91 58.68
254.91 58.68
253.91 58.68
251.91 58.68
258.91 58.68
252.91 58.68
255.91 58.68
255.91 58.68
261.91 58.68
255.91 58.68
253.91 58.68
254.91 58.68
256.91 58.68
258.91 58.68
258.91 58.68
255.91 58.68
254.91 58.68
259.91 58.68
257.91 58.68
260.91 58.68
255.91 58.68
253.91 58.68
258.91 58.68
262.91 58.68
265.91 58.68
261.91 58.68
261.91 58.68
261.91 58.68
260.91 58.68
262.91 58.68
264.91 58.68
263.91 58.68
262.91 58.68
261.91 58.68
262.91 58.68
264.91 58.68
266.91 58.68
266.91 58.68
269.91 58.68
267.91 58.68
268.91 58.68
273.91 58.68
272.91 58.68
268.91 58.68
273.91 58.68
274.91 58.68
276.91 58.68
274.91 58.68
277.91 46.68
277.91 46.68
279.91 46.68
280.91 46.68
277.91 46.68
277.91 46.68
281.91 46.68
279.91 46.68
276.91 46.68
279.91 46.68
280.91 58.68
278.91 58.68
278.91 58.68
282.91 58.68
284.91 58.68
281.91 58.68
281.91 58.68
278.91 58.68
280.91 58.68
281.91 58.68
278.91 58.68
281.91 58.68
284.91 58.68
281.91 58.68
281.91 58.68
281.91 58.68
289.91 58.68
276.91 58.68
280.91 58.68
284.91 58.68
282.91 46.68
276.91 46.68
282.91 46.68
277.91 46.68
281.91 46.68
283.91 46.68
281.91 46.68
284.91 46.68
280.91 46.68
285.91 46.68
285.91 46.68
284.91 46.68
280.91 46.68
276.91 46.68
282.91 46.68
283.91 46.68
278.91 46.68
275.91 46.68
279.91 46.68
280.91 46.68
278.91 58.68
274.91 58.68
271.91 58.68
274.91 58.68
274.91 58.68
273.91 58.68
266.91 58.68
273.91 58.68
268.91 58.68
265.91 58.68
269.91 46.68
266.91 46.68
269.91 46.68
271.91 46.68
266.91 46.68
268.91 46.68
263.91 46.68
263.91 46.68
264.91 46.68
265.91 46.68
264.91 46.68
268.91 46.68
265.91 46.68
264.91 46.68
262.91 46.68
261.91 46.68
265.91 46.68
261.91 46.68
263.91 46.68
264.91 46.68
260.91 58.68
260.91 58.68
255.91 58.68
254.91 58.68
254.91 58.68
257.91 58.68
257.91 58.68
250.91 58.68
253.91 58.68
251.91 58.68
256.91 46.68
250.91 46.68
248.91 46.68
246.91 46.68
246.91 46.68
248.91 46.68
249.91 46.68
239.91 46.68
246.91 46.68
247.91 46.68
242.91 58.68
242.91 58.68
240.91 58.68
239.91 58.68
243.91 58.68
240.91 58.68
237.91 58.68
237.91 58.68
240.91 58.68
234.91 58.68
244.91 58.68
238.91 58.68
237.91 58.68
236.91 58.68
237.91 58.68
240.91 58.68
236.91 58.68
237.91 58.68
237.91 58.68
232.91 58.68
241.91 46.68
237.91 46.68
240.91 46.68
244.91 46.68
243.91 46.68
233.91 46.68
238.91 46.68
237.91 46.68
241.91 46.68
239.91 46.68
237.91 46.68
235.91 46.68
238.91 46.68
237.91 46.68
232.91 46.68
243.91 46.68
234.91 46.68
236.91 46.68
238.91 46.68
237.91 46.68
235.91 46.68
237.91 46.68
232.91 46.68
233.91 46.68
229.91 46.68
226.91 46.68
228.91 46.68
230.91 46.68
231.91 46.68
223.91 46.68
226.91 46.68
227.91 46.68
223.91 46.68
231.91 46.68
222.91 46.68
223.91 46.68
226.91 46.68
217.91 46.68
215.91 46.68
208.91 46.68
212.91 58.68
211.91 58.68
207.91 58.68
210.91 58.68
208.91 58.68
206.91 58.68
203.91 58.68
204.91 58.68
201.91 58.68
203.91 58.68
201.91 58.68
194.91 58.68
200.91 58.68
199.91 58.68
196.91 58.68
197.91 58.68
195.91 58.68
197.91 58.68
201.91 58.68
198.91 58.68
194.91 46.68
197.91 46.68
197.91 46.68
200.91 46.68
202.91 46.68
197.91 46.68
200.91 46.68
198.91 46.68
203.91 46.68
198.91 46.68
195.91 46.68
197.91 46.68
193.91 46.68
195.91 46.68
198.91 46.68
198.91 46.68
193.91 46.68
195.91 46.68
191.91 46.68
188.91 46.68
184.91 58.68
189.91 58.68
185.91 58.68
182.91 58.68
181.91 58.68
184.91 58.68
176.91 58.68
180.91 58.68
184.91 58.68
182.91 58.68
175.91 46.68
182.91 46.68
181.91 46.68
185.91 46.68
175.91 46.68
182.91 46.68
184.91 46.68
179.91 46.68
177.91 46.68
174.91 46.68
178.91 58.68
181.91 58.68
182.91 58.68
174.91 58.68
177.91 58.68
177.91 58.68
177.91 58.68
174.91 58.68
173.91 58.68
174.91 58.68
176.91 46.68
176.91 46.68
182.91 46.68
180.91 46.68
177.91 46.68
177.91 46.68
177.91 46.68
174.91 46.68
173.91 46.68
172.91 46.68
174.91 58.68
177.91 58.68
172.91 58.68
173.91 58.68
171.91 58.68
173.91 58.68
176.91 58.68
173.91 58.68
171.91 58.68
172.91 58.68
178.91 46.68
179.91 46.68
177.91 46.68
177.91 46.68
182.91 46.68
183.91 46.68
177.91 46.68
181.91 46.68
181.91 46.68
171.91 46.68
175.91 46.68
175.91 46.68
179.91 46.68
170.91 46.68
177.91 46.68
170.91 46.68
176.91 46.68
171.91 46.68
166.91 46.68
164.91 46.68
169.91 58.68
172.91 58.68
169.91 58.68
165.91 58.68
163.91 58.68
163.91 58.68
167.91 58.68
162.91 58.68
158.91 58.68
161.91 58.68
167.91 58.68
167.91 58.68
167.91 58.68
161.91 58.68
163.91 58.68
168.91 58.68
164.91 58.68
167.91 58.68
166.91 58.68
169.91 58.68
168.91 58.68
177.91 58.68
163.91 58.68
166.91 58.68
176.91 58.68
176.91 58.68
173.91 58.68
175.91 58.68
177.91 58.68
178.91 58.68
183.91 58.68
186.91 58.68
184.91 58.68
185.91 58.68
194.91 58.68
192.91 58.68
189.91 58.68
187.91 58.68
192.91 58.68
194.91 58.68
197.91 46.68
199.91 46.68
196.91 46.68
200.91 46.68
202.91 46.68
198.91 46.68
198.91 46.68
201.91 46.68
200.91 46.68
203.91 46.68
209.91 58.68
202.91 58.68
207.91 58.68
203.91 58.68
204.91 58.68
206.91 58.68
202.91 58.68
200.91 58.68
207.91 58.68
205.91 58.68
206.91 46.68
200.91 46.68
207.91 46.68
200.91 46.68
207.91 46.68
208.91 46.68
208.91 46.68
206.91 46.68
212.91 46.68
211.91 46.68
209.91 46.68
202.91 46.68
209.91 46.68
210.91 46.68
212.91 46.68
211.91 46.68
213.91 46.68
208.91 46.68
210.91 46.68
210.91 46.68
210.91 46.68
207.91 46.68
205.91 46.68
200.91 46.68
211.91 46.68
204.91 46.68
205.91 46.68
197.91 46.68
203.91 46.68
203.91 46.68
201.91 58.68
201.91 58.68
195.91 58.68
188.91 58.68
192.91 58.68
189.91 58.68
189.91 58.68
187.91 58.68
189.91 58.68
185.91 58.68
188.91 46.68
184.91 46.68
186.91 46.68
184.91 46.68
180.91 46.68
185.91 46.68
182.91 46.68
188.91 46.68
182.91 46.68
184.91 46.68
181.91 46.68
182.91 46.68
175.91 46.68
181.91 46.68
185.91 46.68
180.91 46.68
177.91 46.68
173.91 46.68
177.91 46.68
181.91 46.68
179.91 58.68
168.91 58.68
169.91 58.68
173.91 58.68
173.91 58.68
166.91 58.68
161.91 58.68
165.91 58.68
163.91 58.68
161.91 58.68
165.91 46.68
161.91 46.68
158.91 46.68
161.91 46.68
166.91 46.68
157.91 46.68
161.91 46.68
152.91 46.68
161.91 46.68
164.91 46.68
164.91 58.68
159.91 58.68
160.91 58.68
159.91 58.68
156.91 58.68
154.91 58.68
155.91 58.68
156.91 58.68
155.91 58.68
163.91 58.68
156.91 58.68
153.91 58.68
154.91 58.68
165.91 58.68
160.91 58.68
163.91 58.68
159.91 58.68
164.91 58.68
169.91 58.68
165.91 58.68
169.91 58.68
167.91 58.68
164.91 58.68
166.91 58.68
170.91 58.68
171.91 58.68
171.91 58.68
173.91 58.68
175.91 58.68
181.91 58.68
177.91 46.68
180.91 46.68
181.91 46.68
187.91 46.68
188.91 46.68
189.91 46.68
192.91 46.68
193.91 46.68
194.91 46.68
196.91 46.68
191.91 46.68
195.91 46.68
189.91 46.68
195.91 46.68
192.91 46.68
192.91 46.68
194.91 46.68
192.91 46.68
195.91 46.68
195.91 46.68
192.91 58.68
192.91 58.68
194.91 58.68
185.91 58.68
188.91 58.68
196.91 58.68
193.91 58.68
192.91 58.68
190.91 58.68
188.91 58.68
188.91 58.68
193.91 58.68
192.91 58.68
189.91 58.68
188.91 58.68
195.91 58.68
191.91 58.68
188.91 58.68
194.91 58.68
199.91 58.68
192.91 58.68
197.91 58.68
197.91 58.68
201.91 58.68
203.91 58.68
203.91 58.68
201.91 58.68
200.91 58.68
207.91 58.68
204.91 58.68
202.91 58.68
206.91 58.68
211.91 58.68
205.91 58.68
209.91 58.68
215.91 58.68
209.91 58.68
212.91 58.68
206.91 58.68
215.91 58.68
214.91 46.68
215.91 46.68
212.91 46.68
215.91 46.68
214.91 46.68
217.91 46.68
224.91 46.68
218.91 46.68
225.91 46.68
222.91 46.68
224.91 58.68
222.91 58.68
228.91 58.68
228.91 58.68
224.91 58.68
224.91 58.68
225.91 58.68
224.91 58.68
219.91 58.68
219.91 58.68
225.91 58.68
223.91 58.68
227.91 58.68
224.91 58.68
219.91 58.68
219.91 58.68
227.91 58.68
230.91 58.68
232.91 58.68
222.91 58.68
225.91 46.68
227.91 46.68
230.91 46.68
230.91 46.68
231.91 46.68
226.91 46.68
224.91 46.68
229.91 46.68
225.91 46.68
228.91 46.68
228.91 46.68
222.91 46.68
226.91 46.68
230.91 46.68
225.91 46.68
227.91 46.68
225.91 46.68
230.91 46.68
224.91 46.68
232.91 46.68
224.91 46.68
229.91 46.68
227.91 46.68
222.91 46.68
223.91 46.68
223.91 46.68
223.91 46.68
223.91 46.68
222.91 46.68
220.91 46.68
219.91 46.68
211.91 46.68
220.91 46.68
213.91 46.68
211.91 46.68
211.91 46.68
210.91 46.68
212.91 46.68
207.91 46.68
205.91 46.68
203.91 46.68
205.91 46.68
207.91 46.68
204.91 46.68
200.91 46.68
197.91 46.68
197.91 46.68
201.91 46.68
192.91 46.68
192.91 46.68
196.91 46.68
193.91 46.68
195.91 46.68
189.91 46.68
186.91 46.68
186.91 46.68
180.91 46.68
188.91 46.68
181.91 46.68
180.91 46.68
176.91 46.68
175.91 46.68
178.91 46.68
173.91 46.68
163.91 46.68
165.91 46.68
163.91 46.68
165.91 46.68
157.91 46.68
159.91 46.68
155.91 58.68
156.91 58.68
156.91 58.68
146.91 58.68
150.91 58.68
144.91 58.68
145.91 58.68
149.91 58.68
140.91 58.68
141.91 58.68
140.91 46.68
148.91 46.68
141.91 46.68
138.91 46.68
140.91 46.68
146.91 46.68
139.91 46.68
142.91 46.68
137.91 46.68
133.91 46.68
141.91 46.68
137.91 46.68
140.91 46.68
133.91 46.68
130.91 46.68
139.91 46.68
134.91 46.68
131.91 46.68
128.91 46.68
128.91 46.68
132.91 46.68
127.91 46.68
126.91 46.68
122.91 46.68
129.91 46.68
133.91 46.68
130.91 46.68
123.91 46.68
117.91 46.68
127.91 46.68
123.91 58.68
123.91 58.68
116.91 58.68
124.91 58.68
116.91 58.68
120.91 58.68
114.91 58.68
113.91 58.68
121.91 58.68
117.91 58.68
121.91 58.68
112.91 58.68
118.91 58.68
129.91 58.68
120.91 58.68
117.91 58.68
112.91 58.68
116.91 58.68
119.91 58.68
119.91 58.68
110.91 58.68
129.91 58.68
134.91 58.68
119.91 58.68
112.91 58.68
135.91 58.68
126.91 58.68
126.91 58.68
121.91 58.68
133.91 58.68
135.91 46.68
136.91 46.68
126.91 46.68
139.91 46.68
141.91 46.68
139.91 46.68
133.91 46.68
145.91 46.68
140.91 46.68
144.91 46.68
144.91 46.68
136.91 46.68
149.91 46.68
140.91 46.68
140.91 46.68
140.91 46.68
149.91 46.68
148.91 46.68
140.91 46.68
143.91 46.68
135.91 46.68
145.91 46.68
145.91 46.68
135.91 46.68
138.91 46.68
131.91 46.68
140.91 46.68
136.91 46.68
136.91 46.68
136.91 46.68
132.91 46.68
135.91 46.68
133.91 46.68
125.91 46.68
133.91 46.68
132.91 46.68
128.91 46.68
127.91 46.68
126.91 46.68
119.91 46.68
131.91 58.68
127.91 58.68
125.91 58.68
119.91 58.68
126.91 58.68
128.91 58.68
122.91 58.68
122.91 58.68
109.91 58.68
127.91 58.68