r, y, u
0.800, 0.000, 0.030
0.800, 0.000, 0.060
0.800, 0.000, 0.090
0.800, 0.000, 0.120
0.800, 0.000, 0.151
0.800, 0.001, 0.165
0.800, 0.000, 0.226
0.800, 0.000, 0.241
0.800, 0.000, 0.271
0.800, 0.000, 0.301
0.800, 0.000, 0.331
0.800, 0.000, 0.361
0.800, 0.000, 0.391
0.800, 0.000, 0.422
0.800, 0.000, 0.452
0.800, 0.000, 0.482
0.800, 0.000, 0.512
0.800, 0.000, 0.542
0.800, 0.000, 0.572
0.800, 0.001, 0.586
0.800, 0.001, 0.632
0.800, 0.000, 0.678
0.800, 0.001, 0.677
0.800, 0.000, 0.738
0.800, 0.000, 0.753
0.800, 0.001, 0.767
0.800, 0.001, 0.812
0.800, 0.001, 0.842
0.800, 0.001, 0.872
0.800, 0.001, 0.903
0.800, 0.001, 0.933
0.800, 0.001, 0.963
0.800, 0.002, 0.977
0.800, 0.005, 0.991
0.800, 0.005, 1.051
0.800, 0.006, 1.065
0.800, 0.009, 1.063
0.800, 0.010, 1.123
0.800, 0.014, 1.121
0.800, 0.016, 1.165
0.800, 0.021, 1.162
0.800, 0.025, 1.190
0.800, 0.032, 1.185
0.800, 0.038, 1.227
0.800, 0.046, 1.222
0.800, 0.055, 1.231
0.800, 0.064, 1.256
0.800, 0.075, 1.264
0.800, 0.085, 1.287
0.800, 0.099, 1.263
0.800, 0.113, 1.284
0.800, 0.129, 1.273
0.800, 0.144, 1.307
0.800, 0.161, 1.295
0.800, 0.179, 1.296
0.800, 0.199, 1.297
0.800, 0.221, 1.280
0.800, 0.242, 1.309
0.800, 0.265, 1.290
0.800, 0.290, 1.270
0.800, 0.313, 1.311
0.800, 0.337, 1.304
0.800, 0.364, 1.281
0.800, 0.388, 1.318
0.800, 0.412, 1.325
0.800, 0.438, 1.298
0.800, 0.462, 1.333
0.800, 0.488, 1.320
0.800, 0.511, 1.354
0.800, 0.534, 1.356
0.800, 0.555, 1.389
0.800, 0.576, 1.374
0.800, 0.596, 1.405
0.800, 0.613, 1.437
0.800, 0.632, 1.422
0.800, 0.647, 1.468
0.800, 0.660, 1.484
0.800, 0.673, 1.500
0.800, 0.686, 1.500
0.800, 0.695, 1.546
0.800, 0.704, 1.547
0.800, 0.711, 1.579
0.800, 0.718, 1.579
0.800, 0.724, 1.595
0.800, 0.728, 1.612
0.800, 0.732, 1.629
0.800, 0.734, 1.646
0.800, 0.737, 1.631
0.800, 0.739, 1.664
0.800, 0.741, 1.650
0.800, 0.742, 1.667
0.800, 0.743, 1.669
0.800, 0.746, 1.655
0.800, 0.747, 1.672
0.800, 0.747, 1.689
0.800, 0.748, 1.675
0.800, 0.750, 1.661
0.800, 0.751, 1.678
0.800, 0.752, 1.679
0.800, 0.756, 1.649
0.800, 0.757, 1.681
0.800, 0.760, 1.650
0.800, 0.764, 1.651
0.800, 0.766, 1.666
0.800, 0.771, 1.635
0.800, 0.775, 1.634
0.800, 0.779, 1.649
0.800, 0.783, 1.633
0.800, 0.788, 1.632
0.800, 0.793, 1.631
0.800, 0.798, 1.613
0.800, 0.802, 1.643
0.800, 0.808, 1.610
0.800, 0.812, 1.623
0.800, 0.817, 1.621
0.800, 0.821, 1.618
0.800, 0.825, 1.631
0.800, 0.830, 1.613
0.800, 0.834, 1.610
0.800, 0.835, 1.655
0.800, 0.839, 1.621
0.800, 0.842, 1.619
0.800, 0.843, 1.647
0.800, 0.847, 1.614
0.800, 0.848, 1.642
0.800, 0.849, 1.640
0.800, 0.851, 1.622
0.800, 0.851, 1.651
0.800, 0.851, 1.649
0.800, 0.853, 1.631
0.800, 0.851, 1.660
0.800, 0.851, 1.643
0.800, 0.849, 1.672
0.800, 0.848, 1.656
0.800, 0.848, 1.639
0.800, 0.847, 1.653
0.800, 0.844, 1.667
0.800, 0.843, 1.650
0.800, 0.842, 1.649
0.800, 0.840, 1.664
0.800, 0.839, 1.648
0.800, 0.838, 1.647
0.800, 0.835, 1.661
0.800, 0.834, 1.645
0.800, 0.833, 1.644
0.800, 0.831, 1.659
0.800, 0.830, 1.643
0.800, 0.828, 1.643
0.800, 0.825, 1.674
0.800, 0.824, 1.642
0.800, 0.824, 1.626
0.800, 0.821, 1.657
0.800, 0.820, 1.641
0.800, 0.819, 1.641
0.800, 0.817, 1.656
0.800, 0.816, 1.641
0.800, 0.815, 1.641
0.800, 0.815, 1.625
0.800, 0.812, 1.656
0.800, 0.812, 1.625
0.800, 0.812, 1.624
0.800, 0.812, 1.624
0.800, 0.812, 1.623
0.800, 0.812, 1.623
0.800, 0.812, 1.622
0.800, 0.812, 1.622
0.800, 0.815, 1.590
0.800, 0.815, 1.620
0.800, 0.816, 1.604
0.800, 0.816, 1.618
0.800, 0.817, 1.602
0.800, 0.817, 1.617
0.800, 0.817, 1.616
0.800, 0.819, 1.584
0.800, 0.817, 1.645
0.800, 0.817, 1.614
0.800, 0.817, 1.613
0.800, 0.816, 1.629
0.800, 0.815, 1.628
0.800, 0.815, 1.613
0.800, 0.812, 1.644
0.800, 0.811, 1.628
0.800, 0.810, 1.628
0.800, 0.810, 1.613
0.800, 0.808, 1.644
0.800, 0.806, 1.629
0.800, 0.805, 1.629
0.800, 0.803, 1.645
0.800, 0.802, 1.630
0.800, 0.801, 1.630
0.800, 0.798, 1.646
0.800, 0.798, 1.616
0.800, 0.797, 1.632
0.800, 0.797, 1.616
0.800, 0.797, 1.616
0.800, 0.796, 1.632
0.800, 0.796, 1.617
0.800, 0.796, 1.617
0.800, 0.794, 1.649
0.800, 0.794, 1.619
0.800, 0.794, 1.619
0.800, 0.794, 1.619
0.800, 0.794, 1.619
0.800, 0.796, 1.588
0.800, 0.796, 1.619
0.800, 0.796, 1.619
0.800, 0.796, 1.619
0.800, 0.796, 1.619
0.800, 0.797, 1.604
0.800, 0.797, 1.619
0.800, 0.797, 1.619
0.800, 0.798, 1.603
0.800, 0.798, 1.619
0.800, 0.801, 1.587
0.800, 0.802, 1.602
0.800, 0.802, 1.617
0.800, 0.803, 1.602
0.800, 0.803, 1.617
0.800, 0.805, 1.585
0.800, 0.806, 1.600
0.800, 0.806, 1.615
0.800, 0.808, 1.599
0.800, 0.808, 1.614
0.800, 0.810, 1.582
0.800, 0.810, 1.612
0.800, 0.810, 1.612
0.800, 0.811, 1.596
0.800, 0.811, 1.611
0.800, 0.811, 1.610
0.800, 0.811, 1.610
0.800, 0.811, 1.610
0.800, 0.811, 1.609
0.800, 0.811, 1.609
0.800, 0.811, 1.608
0.800, 0.810, 1.624
0.800, 0.810, 1.608
0.800, 0.810, 1.608
0.800, 0.810, 1.607
0.800, 0.808, 1.638
0.800, 0.808, 1.607
0.800, 0.806, 1.623
0.800, 0.806, 1.607
0.800, 0.806, 1.607
0.800, 0.806, 1.607
0.800, 0.806, 1.607
0.800, 0.808, 1.591
0.800, 0.808, 1.606
0.800, 0.808, 1.605
0.800, 0.810, 1.573
0.800, 0.810, 1.604
0.800, 0.811, 1.588
0.800, 0.812, 1.587
0.800, 0.812, 1.602
0.800, 0.815, 1.569
0.800, 0.815, 1.600
0.800, 0.816, 1.583
0.800, 0.816, 1.598
0.800, 0.816, 1.598
0.800, 0.816, 1.597
0.800, 0.816, 1.596
0.800, 0.816, 1.596
0.800, 0.816, 1.595
0.800, 0.815, 1.610
0.800, 0.815, 1.594
0.800, 0.812, 1.626
0.800, 0.812, 1.594
0.800, 0.811, 1.610
0.800, 0.810, 1.610
0.800, 0.810, 1.594
0.800, 0.808, 1.625
0.800, 0.806, 1.610
0.800, 0.805, 1.610
0.800, 0.803, 1.626
0.800, 0.802, 1.611
0.800, 0.801, 1.612
0.800, 0.798, 1.628
0.800, 0.798, 1.597
0.800, 0.797, 1.613
0.800, 0.797, 1.598
0.800, 0.797, 1.598
0.800, 0.797, 1.598
0.800, 0.797, 1.598
0.800, 0.797, 1.598
0.800, 0.797, 1.598
0.800, 0.797, 1.598
0.800, 0.797, 1.599
0.800, 0.798, 1.583
0.800, 0.798, 1.598
0.800, 0.798, 1.598
0.800, 0.798, 1.598
0.800, 0.801, 1.567
0.800, 0.801, 1.598
0.800, 0.802, 1.582
0.800, 0.802, 1.597
0.800, 0.802, 1.597
0.800, 0.803, 1.581
0.800, 0.803, 1.596
0.800, 0.803, 1.596
0.800, 0.803, 1.596
0.800, 0.803, 1.596
0.800, 0.805, 1.564
0.800, 0.805, 1.595
0.800, 0.805, 1.595
0.800, 0.805, 1.594
0.800, 0.803, 1.626
0.800, 0.803, 1.595
0.800, 0.803, 1.595
0.800, 0.802, 1.610
0.800, 0.802, 1.595
0.800, 0.802, 1.595
0.800, 0.801, 1.611
0.800, 0.801, 1.595
0.800, 0.798, 1.627
0.800, 0.798, 1.596
0.800, 0.798, 1.596
0.800, 0.797, 1.612
0.800, 0.797, 1.597
0.800, 0.796, 1.613
0.800, 0.796, 1.598
0.800, 0.796, 1.598
0.800, 0.796, 1.598
0.800, 0.796, 1.598
0.800, 0.796, 1.598
0.800, 0.796, 1.598
0.800, 0.797, 1.583
0.800, 0.797, 1.598
0.800, 0.798, 1.582
0.800, 0.801, 1.566
0.800, 0.801, 1.597
0.800, 0.802, 1.581
0.800, 0.802, 1.596
0.800, 0.803, 1.580
0.800, 0.803, 1.596
0.800, 0.803, 1.596
0.800, 0.805, 1.564
0.800, 0.805, 1.594
0.800, 0.805, 1.594
0.800, 0.805, 1.594
0.800, 0.805, 1.594
0.800, 0.803, 1.625
0.800, 0.803, 1.594
0.800, 0.803, 1.594
0.800, 0.803, 1.594
0.800, 0.802, 1.610
0.800, 0.802, 1.594
0.800, 0.802, 1.594
0.800, 0.801, 1.610
0.800, 0.801, 1.595
0.800, 0.801, 1.595
0.800, 0.798, 1.626
0.800, 0.801, 1.564
0.800, 0.798, 1.626
0.800, 0.798, 1.596
0.800, 0.801, 1.564
0.800, 0.798, 1.626
0.800, 0.801, 1.564
0.800, 0.801, 1.595
0.800, 0.801, 1.595
0.800, 0.802, 1.579
0.800, 0.802, 1.594
0.800, 0.802, 1.594
0.800, 0.802, 1.594
0.800, 0.802, 1.594
0.800, 0.802, 1.594
0.800, 0.802, 1.594
0.800, 0.802, 1.594
0.800, 0.802, 1.594
0.800, 0.802, 1.594
0.800, 0.802, 1.594
0.800, 0.802, 1.594
0.800, 0.802, 1.593
0.800, 0.802, 1.593
0.800, 0.802, 1.593
0.800, 0.802, 1.593
0.800, 0.802, 1.593
0.800, 0.802, 1.593
0.800, 0.802, 1.593
0.800, 0.802, 1.593
0.800, 0.802, 1.593
0.800, 0.801, 1.609
0.800, 0.801, 1.593
0.800, 0.801, 1.593
0.800, 0.801, 1.593
0.800, 0.801, 1.593
0.800, 0.801, 1.593
0.800, 0.801, 1.593
0.800, 0.801, 1.593
0.800, 0.801, 1.593
0.800, 0.801, 1.593
0.800, 0.802, 1.577
0.800, 0.802, 1.592
0.800, 0.802, 1.592
0.800, 0.802, 1.592
0.800, 0.802, 1.592
0.800, 0.802, 1.592
0.800, 0.802, 1.592
0.800, 0.802, 1.592
0.800, 0.802, 1.592
0.800, 0.802, 1.592
0.800, 0.802, 1.592
0.800, 0.802, 1.592
0.800, 0.802, 1.592
0.800, 0.802, 1.592
0.800, 0.802, 1.592
0.800, 0.802, 1.591
0.800, 0.802, 1.591
0.800, 0.802, 1.591
0.800, 0.802, 1.591
0.800, 0.802, 1.591
0.800, 0.802, 1.591
0.800, 0.802, 1.591
0.800, 0.802, 1.591
0.800, 0.802, 1.591
0.800, 0.802, 1.591
0.800, 0.803, 1.575
0.800, 0.802, 1.606
0.800, 0.803, 1.575
0.800, 0.803, 1.590
0.800, 0.803, 1.590
0.800, 0.803, 1.590
0.800, 0.803, 1.590
0.800, 0.803, 1.590
0.800, 0.803, 1.589
0.800, 0.802, 1.605
0.800, 0.802, 1.590
0.800, 0.802, 1.590
0.800, 0.803, 1.574
0.800, 0.802, 1.605
0.800, 0.802, 1.589
0.800, 0.802, 1.589
0.800, 0.802, 1.589
0.800, 0.802, 1.589
0.800, 0.802, 1.589
0.800, 0.802, 1.589
0.800, 0.802, 1.589
0.800, 0.802, 1.589
0.800, 0.802, 1.589
0.800, 0.802, 1.589
0.800, 0.801, 1.604
0.800, 0.801, 1.589
0.800, 0.801, 1.589
0.800, 0.801, 1.589
0.800, 0.801, 1.589
0.800, 0.801, 1.589
0.800, 0.801, 1.589
0.800, 0.801, 1.589
0.800, 0.801, 1.589
0.800, 0.801, 1.589
0.800, 0.798, 1.620
0.800, 0.801, 1.558
0.800, 0.801, 1.589
0.800, 0.801, 1.589
0.800, 0.801, 1.589
0.800, 0.801, 1.589
0.800, 0.802, 1.573
0.800, 0.802, 1.588
0.800, 0.802, 1.588
0.800, 0.802, 1.588
0.800, 0.803, 1.572
0.800, 0.803, 1.587
0.800, 0.803, 1.587
0.800, 0.803, 1.587
0.800, 0.803, 1.587
0.800, 0.803, 1.587
0.800, 0.803, 1.587
0.800, 0.803, 1.587
0.800, 0.803, 1.587
0.800, 0.802, 1.602
0.800, 0.802, 1.587
0.800, 0.801, 1.603
0.800, 0.798, 1.619
0.800, 0.798, 1.588
0.800, 0.796, 1.620
0.800, 0.796, 1.589
0.800, 0.794, 1.621
0.800, 0.793, 1.606
0.800, 0.793, 1.591
0.800, 0.792, 1.607
0.800, 0.789, 1.624
0.800, 0.789, 1.594
0.800, 0.788, 1.610
0.800, 0.787, 1.611
0.800, 0.787, 1.596
0.800, 0.787, 1.596
0.800, 0.787, 1.597
0.800, 0.787, 1.597
0.800, 0.787, 1.598
0.800, 0.788, 1.583
0.800, 0.788, 1.598
0.800, 0.789, 1.583
0.800, 0.789, 1.599
0.800, 0.792, 1.568
0.800, 0.792, 1.599
0.800, 0.793, 1.583
0.800, 0.794, 1.583
0.800, 0.794, 1.599
0.800, 0.796, 1.567
0.800, 0.797, 1.582
0.800, 0.797, 1.598
0.800, 0.797, 1.598
0.800, 0.798, 1.582
0.800, 0.798, 1.597
0.800, 0.798, 1.598
0.800, 0.798, 1.598
0.800, 0.798, 1.598
0.800, 0.798, 1.598
0.800, 0.798, 1.598
0.800, 0.798, 1.598
0.800, 0.798, 1.598
0.800, 0.798, 1.598
0.800, 0.798, 1.598
0.800, 0.798, 1.598
0.800, 0.797, 1.614
0.800, 0.797, 1.599
0.800, 0.797, 1.599
0.800, 0.797, 1.599
0.800, 0.797, 1.599
0.800, 0.797, 1.599
0.800, 0.797, 1.599
0.800, 0.797, 1.599
0.800, 0.797, 1.599
0.800, 0.797, 1.599
0.800, 0.798, 1.584
0.800, 0.798, 1.599
0.800, 0.798, 1.599
0.800, 0.798, 1.599
0.800, 0.801, 1.568
0.800, 0.801, 1.598
0.800, 0.801, 1.598
0.800, 0.801, 1.598
0.800, 0.801, 1.598
0.800, 0.801, 1.598
0.800, 0.801, 1.598
0.800, 0.801, 1.598
0.800, 0.801, 1.598
0.800, 0.801, 1.598
0.800, 0.798, 1.630
0.800, 0.798, 1.599
0.800, 0.798, 1.599
0.800, 0.798, 1.599
0.800, 0.798, 1.599
0.800, 0.798, 1.599
0.800, 0.798, 1.599
0.800, 0.798, 1.600
0.800, 0.797, 1.615
0.800, 0.797, 1.600
0.800, 0.797, 1.600
0.800, 0.797, 1.600
0.800, 0.797, 1.600
0.800, 0.797, 1.601
0.800, 0.797, 1.601
0.800, 0.797, 1.601
0.800, 0.797, 1.601
0.800, 0.797, 1.601
0.800, 0.797, 1.601
0.800, 0.797, 1.601
0.800, 0.797, 1.601
0.800, 0.796, 1.617
0.800, 0.797, 1.586
0.800, 0.796, 1.617
0.800, 0.797, 1.586
0.800, 0.796, 1.618
0.800, 0.797, 1.587
0.800, 0.797, 1.602
0.800, 0.798, 1.586
0.800, 0.797, 1.618
0.800, 0.798, 1.587
0.800, 0.798, 1.602
0.800, 0.798, 1.602
0.800, 0.798, 1.602
0.800, 0.798, 1.602
0.800, 0.798, 1.602
0.800, 0.798, 1.602
0.800, 0.798, 1.602
0.800, 0.798, 1.602
0.800, 0.798, 1.602
0.800, 0.798, 1.602
0.800, 0.797, 1.618
0.800, 0.797, 1.603
0.800, 0.797, 1.603
0.800, 0.797, 1.603
0.800, 0.797, 1.603
0.800, 0.797, 1.604
0.800, 0.797, 1.604
0.800, 0.797, 1.604
0.800, 0.796, 1.620
0.800, 0.796, 1.604
0.800, 0.797, 1.589
0.800, 0.797, 1.604
0.800, 0.797, 1.604
0.800, 0.797, 1.604
0.800, 0.797, 1.605
0.800, 0.797, 1.605
0.800, 0.797, 1.605
0.800, 0.798, 1.589
0.800, 0.798, 1.604
0.800, 0.798, 1.604
0.800, 0.798, 1.605
0.800, 0.798, 1.605
0.800, 0.798, 1.605
1.000, 0.801, 1.581
1.000, 0.801, 1.619
1.000, 0.801, 1.626
1.000, 0.801, 1.634
1.000, 0.801, 1.641
1.000, 0.802, 1.633
1.000, 0.802, 1.656
1.000, 0.802, 1.663
1.000, 0.803, 1.655
1.000, 0.803, 1.678
1.000, 0.805, 1.654
1.000, 0.806, 1.676
1.000, 0.808, 1.683
1.000, 0.811, 1.658
1.000, 0.812, 1.695
1.000, 0.816, 1.670
1.000, 0.819, 1.676
1.000, 0.821, 1.697
1.000, 0.824, 1.703
1.000, 0.826, 1.709
1.000, 0.831, 1.683
1.000, 0.834, 1.703
1.000, 0.839, 1.692
1.000, 0.842, 1.712
1.000, 0.847, 1.701
1.000, 0.851, 1.705
1.000, 0.857, 1.693
1.000, 0.862, 1.712
1.000, 0.867, 1.699
1.000, 0.872, 1.718
1.000, 0.879, 1.689
1.000, 0.886, 1.691
1.000, 0.893, 1.693
1.000, 0.899, 1.710
1.000, 0.904, 1.712
1.000, 0.911, 1.697
1.000, 0.917, 1.714
1.000, 0.922, 1.730
1.000, 0.927, 1.716
1.000, 0.932, 1.732
1.000, 0.936, 1.733
1.000, 0.941, 1.733
1.000, 0.945, 1.750
1.000, 0.949, 1.734
1.000, 0.953, 1.750
1.000, 0.955, 1.767
1.000, 0.958, 1.752
1.000, 0.962, 1.752
1.000, 0.964, 1.768
1.000, 0.966, 1.768
1.000, 0.971, 1.737
1.000, 0.973, 1.768
1.000, 0.977, 1.752
1.000, 0.978, 1.783
1.000, 0.983, 1.736
1.000, 0.985, 1.767
1.000, 0.987, 1.766
1.000, 0.991, 1.750
1.000, 0.995, 1.733
1.000, 0.999, 1.748
1.000, 1.001, 1.762
1.000, 1.006, 1.730
1.000, 1.009, 1.743
1.000, 1.014, 1.726
1.000, 1.017, 1.739
1.000, 1.022, 1.722
1.000, 1.026, 1.719
1.000, 1.029, 1.748
1.000, 1.033, 1.714
1.000, 1.037, 1.727
1.000, 1.040, 1.724
1.000, 1.042, 1.737
1.000, 1.046, 1.719
1.000, 1.049, 1.716
1.000, 1.052, 1.728
1.000, 1.054, 1.726
1.000, 1.056, 1.723
1.000, 1.058, 1.720
1.000, 1.060, 1.732
1.000, 1.061, 1.730
1.000, 1.063, 1.711
1.000, 1.063, 1.740
1.000, 1.063, 1.737
1.000, 1.063, 1.735
1.000, 1.063, 1.732
1.000, 1.063, 1.730
1.000, 1.061, 1.759
1.000, 1.061, 1.726
1.000, 1.060, 1.740
1.000, 1.058, 1.738
1.000, 1.056, 1.752
1.000, 1.055, 1.735
1.000, 1.052, 1.765
1.000, 1.050, 1.733
1.000, 1.049, 1.731
1.000, 1.046, 1.762
1.000, 1.045, 1.730
1.000, 1.041, 1.760
1.000, 1.040, 1.728
1.000, 1.038, 1.743
1.000, 1.035, 1.742
1.000, 1.033, 1.742
1.000, 1.032, 1.726
1.000, 1.029, 1.757
1.000, 1.027, 1.725
1.000, 1.026, 1.725
1.000, 1.024, 1.740
1.000, 1.023, 1.724
1.000, 1.022, 1.724
1.000, 1.019, 1.739
1.000, 1.017, 1.739
1.000, 1.017, 1.708
1.000, 1.014, 1.755
1.000, 1.012, 1.724
1.000, 1.010, 1.740
1.000, 1.009, 1.725
1.000, 1.008, 1.725
1.000, 1.006, 1.741
1.000, 1.004, 1.726
1.000, 1.003, 1.726
1.000, 1.001, 1.742
1.000, 1.000, 1.727
1.000, 0.999, 1.727
1.000, 0.996, 1.744
1.000, 0.995, 1.729
1.000, 0.994, 1.730
1.000, 0.994, 1.714
1.000, 0.991, 1.762
1.000, 0.989, 1.732
1.000, 0.987, 1.749
1.000, 0.985, 1.750
1.000, 0.983, 1.752
1.000, 0.981, 1.737
1.000, 0.978, 1.770
1.000, 0.977, 1.741
1.000, 0.976, 1.742
1.000, 0.973, 1.759
1.000, 0.972, 1.745
1.000, 0.971, 1.747
1.000, 0.971, 1.733
1.000, 0.969, 1.765
1.000, 0.968, 1.752
1.000, 0.968, 1.737
1.000, 0.966, 1.755
1.000, 0.966, 1.740
1.000, 0.966, 1.742
1.000, 0.966, 1.743
1.000, 0.968, 1.728
1.000, 0.968, 1.745
1.000, 0.968, 1.746
1.000, 0.969, 1.732
1.000, 0.971, 1.716
1.000, 0.972, 1.732
1.000, 0.973, 1.733
1.000, 0.976, 1.718
1.000, 0.976, 1.749
1.000, 0.977, 1.735
1.000, 0.978, 1.735
1.000, 0.980, 1.720
1.000, 0.981, 1.735
1.000, 0.983, 1.735
1.000, 0.983, 1.752
1.000, 0.985, 1.721
1.000, 0.985, 1.752
1.000, 0.986, 1.737
1.000, 0.986, 1.753
1.000, 0.987, 1.737
1.000, 0.987, 1.753
1.000, 0.989, 1.722
1.000, 0.989, 1.753
1.000, 0.991, 1.738
1.000, 0.992, 1.738
1.000, 0.992, 1.753
1.000, 0.994, 1.722
1.000, 0.995, 1.737
1.000, 0.995, 1.753
1.000, 0.996, 1.737
1.000, 0.999, 1.721
1.000, 1.000, 1.736
1.000, 1.001, 1.735
1.000, 1.003, 1.719
1.000, 1.006, 1.718
1.000, 1.008, 1.717
1.000, 1.009, 1.732
1.000, 1.010, 1.731
1.000, 1.012, 1.714
1.000, 1.014, 1.729
1.000, 1.015, 1.728
1.000, 1.017, 1.711
1.000, 1.018, 1.725
1.000, 1.018, 1.740
1.000, 1.019, 1.723
1.000, 1.022, 1.706
1.000, 1.023, 1.720
1.000, 1.023, 1.735
1.000, 1.024, 1.718
1.000, 1.024, 1.733
1.000, 1.024, 1.732
1.000, 1.024, 1.731
1.000, 1.024, 1.730
1.000, 1.024, 1.729
1.000, 1.024, 1.728
1.000, 1.024, 1.727
1.000, 1.023, 1.742
1.000, 1.022, 1.742
1.000, 1.022, 1.726
1.000, 1.019, 1.756
1.000, 1.019, 1.725
1.000, 1.018, 1.740
1.000, 1.018, 1.724
1.000, 1.017, 1.739
1.000, 1.017, 1.723
1.000, 1.017, 1.722
1.000, 1.017, 1.722
1.000, 1.015, 1.753
1.000, 1.015, 1.722
1.000, 1.015, 1.721
1.000, 1.014, 1.736
1.000, 1.014, 1.720
1.000, 1.014, 1.720
1.000, 1.014, 1.719
1.000, 1.014, 1.719
1.000, 1.012, 1.734
1.000, 1.012, 1.718
1.000, 1.012, 1.718
1.000, 1.012, 1.717
1.000, 1.012, 1.717
1.000, 1.010, 1.748
1.000, 1.010, 1.717
1.000, 1.010, 1.717
1.000, 1.010, 1.716
1.000, 1.010, 1.716
1.000, 1.010, 1.715
1.000, 1.010, 1.715
1.000, 1.010, 1.715
1.000, 1.009, 1.730
1.000, 1.009, 1.714
1.000, 1.009, 1.714
1.000, 1.009, 1.714
1.000, 1.009, 1.713
1.000, 1.009, 1.713
1.000, 1.009, 1.713
1.000, 1.009, 1.712
1.000, 1.009, 1.712
1.000, 1.009, 1.712
1.000, 1.009, 1.711
1.000, 1.008, 1.727
1.000, 1.008, 1.711
1.000, 1.008, 1.711
1.000, 1.008, 1.711
1.000, 1.008, 1.710
1.000, 1.006, 1.742
1.000, 1.006, 1.711
1.000, 1.004, 1.726
1.000, 1.004, 1.711
1.000, 1.003, 1.726
1.000, 1.003, 1.711
1.000, 1.003, 1.711
1.000, 1.001, 1.742
1.000, 1.001, 1.712
1.000, 1.000, 1.727
1.000, 1.000, 1.712
1.000, 0.999, 1.728
1.000, 0.999, 1.712
1.000, 0.996, 1.744
1.000, 0.996, 1.714
1.000, 0.996, 1.714
1.000, 0.995, 1.730
1.000, 0.995, 1.714
1.000, 0.995, 1.715
1.000, 0.994, 1.731
1.000, 0.994, 1.716
1.000, 0.994, 1.716
1.000, 0.994, 1.716
1.000, 0.992, 1.748
1.000, 0.992, 1.717
1.000, 0.992, 1.718
1.000, 0.991, 1.734
1.000, 0.991, 1.719
1.000, 0.991, 1.719
1.000, 0.991, 1.720
1.000, 0.989, 1.736
1.000, 0.989, 1.721
1.000, 0.989, 1.721
1.000, 0.989, 1.722
1.000, 0.989, 1.722
1.000, 0.989, 1.722
1.000, 0.989, 1.723
1.000, 0.989, 1.723
1.000, 0.989, 1.724
1.000, 0.989, 1.724
1.000, 0.989, 1.724
1.000, 0.991, 1.709
1.000, 0.991, 1.725
1.000, 0.991, 1.725
1.000, 0.992, 1.710
1.000, 0.992, 1.725
1.000, 0.992, 1.726
1.000, 0.994, 1.694
1.000, 0.994, 1.725
1.000, 0.994, 1.725
1.000, 0.995, 1.710
1.000, 0.995, 1.725
1.000, 0.995, 1.726
1.000, 0.995, 1.726
1.000, 0.995, 1.726
1.000, 0.996, 1.710
1.000, 0.996, 1.726
1.000, 0.996, 1.726
1.000, 0.999, 1.694
1.000, 0.999, 1.725
1.000, 0.999, 1.725
1.000, 1.000, 1.709
1.000, 1.000, 1.725
1.000, 0.999, 1.741
1.000, 0.999, 1.725
1.000, 0.999, 1.725
1.000, 0.999, 1.725
1.000, 0.996, 1.757
1.000, 0.996, 1.727
1.000, 0.995, 1.743
1.000, 0.995, 1.727
1.000, 0.994, 1.743
1.000, 0.994, 1.728
1.000, 0.992, 1.760
1.000, 0.991, 1.745
1.000, 0.991, 1.730
1.000, 0.989, 1.747
1.000, 0.989, 1.732
1.000, 0.989, 1.732
1.000, 0.989, 1.732
1.000, 0.989, 1.733
1.000, 0.989, 1.733
1.000, 0.989, 1.734
1.000, 0.991, 1.718
1.000, 0.991, 1.734
1.000, 0.991, 1.734
1.000, 0.992, 1.719
1.000, 0.994, 1.703
1.000, 0.994, 1.734
1.000, 0.995, 1.718
1.000, 0.996, 1.718
1.000, 0.999, 1.702
1.000, 1.000, 1.717
1.000, 1.001, 1.716
1.000, 1.001, 1.732
1.000, 1.003, 1.700
1.000, 1.004, 1.715
1.000, 1.006, 1.714
1.000, 1.006, 1.729
1.000, 1.008, 1.698
1.000, 1.008, 1.728
1.000, 1.009, 1.712
1.000, 1.009, 1.727
1.000, 1.009, 1.727
1.000, 1.009, 1.726
1.000, 1.010, 1.710
1.000, 1.009, 1.741
1.000, 1.009, 1.725
1.000, 1.009, 1.725
1.000, 1.009, 1.724
1.000, 1.008, 1.740
1.000, 1.008, 1.724
1.000, 1.008, 1.724
1.000, 1.006, 1.755
1.000, 1.006, 1.724
1.000, 1.006, 1.724
1.000, 1.004, 1.740
1.000, 1.004, 1.724
1.000, 1.004, 1.724
1.000, 1.004, 1.724
1.000, 1.004, 1.724
1.000, 1.004, 1.724
1.000, 1.004, 1.723
1.000, 1.004, 1.723
1.000, 1.004, 1.723
1.000, 1.004, 1.723
1.000, 1.004, 1.723
1.000, 1.004, 1.723
1.000, 1.004, 1.722
1.000, 1.006, 1.706
1.000, 1.006, 1.722
1.000, 1.006, 1.721
1.000, 1.006, 1.721
1.000, 1.006, 1.721
1.000, 1.008, 1.689
1.000, 1.008, 1.720
1.000, 1.008, 1.719
1.000, 1.008, 1.719
1.000, 1.008, 1.719
1.000, 1.008, 1.718
1.000, 1.008, 1.718
1.000, 1.008, 1.718
1.000, 1.008, 1.718
1.000, 1.009, 1.701
1.000, 1.008, 1.732
1.000, 1.008, 1.717
1.000, 1.008, 1.716
1.000, 1.008, 1.716
1.000, 1.008, 1.716
1.000, 1.008, 1.715
1.000, 1.008, 1.715
1.000, 1.008, 1.715
1.000, 1.008, 1.715
1.000, 1.006, 1.746
1.000, 1.006, 1.715
1.000, 1.006, 1.715
1.000, 1.006, 1.715
1.000, 1.004, 1.730
1.000, 1.004, 1.715
1.000, 1.004, 1.714
1.000, 1.003, 1.730
1.000, 1.003, 1.715
1.000, 1.003, 1.714
1.000, 1.001, 1.746
1.000, 1.001, 1.715
1.000, 1.000, 1.731
1.000, 1.000, 1.716
1.000, 1.000, 1.716
1.000, 1.000, 1.716
1.000, 0.999, 1.731
1.000, 0.999, 1.716
1.000, 0.999, 1.716
1.000, 0.999, 1.716
1.000, 0.996, 1.748
1.000, 0.996, 1.717
1.000, 0.996, 1.718
1.000, 0.996, 1.718
1.000, 0.996, 1.718
1.000, 0.996, 1.718
1.000, 0.996, 1.718
1.000, 0.995, 1.734
1.000, 0.995, 1.719
1.000, 0.995, 1.719
1.000, 0.995, 1.719
1.000, 0.995, 1.719
1.000, 0.994, 1.735
1.000, 0.994, 1.720
1.000, 0.994, 1.720
1.000, 0.994, 1.721
1.000, 0.994, 1.721
1.000, 0.994, 1.721
1.000, 0.994, 1.721
1.000, 0.994, 1.722
1.000, 0.994, 1.722
1.000, 0.994, 1.722
1.000, 0.994, 1.722
1.000, 0.995, 1.707
1.000, 0.995, 1.722
1.000, 0.995, 1.722
1.000, 0.996, 1.707
1.000, 0.996, 1.722
1.000, 0.999, 1.691
1.000, 0.999, 1.722
1.000, 1.000, 1.706
1.000, 1.001, 1.705
1.000, 1.001, 1.721
1.000, 1.003, 1.689
1.000, 1.003, 1.720
1.000, 1.004, 1.704
1.000, 1.004, 1.719
1.000, 1.004, 1.719
1.000, 1.006, 1.703
1.000, 1.006, 1.718
1.000, 1.006, 1.718
1.000, 1.006, 1.717
1.000, 1.006, 1.717
1.000, 1.006, 1.717
1.000, 1.006, 1.717
1.000, 1.004, 1.732
1.000, 1.004, 1.717
1.000, 1.003, 1.733
1.000, 1.003, 1.717
1.000, 1.001, 1.749
1.000, 1.000, 1.734
1.000, 1.000, 1.718
1.000, 1.000, 1.718
1.000, 0.999, 1.734
1.000, 0.999, 1.719
1.000, 0.999, 1.719
1.000, 0.996, 1.751
1.000, 0.996, 1.720
1.000, 0.996, 1.720
1.000, 0.996, 1.720
1.000, 0.996, 1.720
1.000, 0.999, 1.689
1.000, 0.999, 1.720
1.000, 0.999, 1.720
1.000, 1.000, 1.704
1.000, 1.000, 1.719
1.000, 1.001, 1.704
1.000, 1.001, 1.719
1.000, 1.001, 1.719
1.000, 1.003, 1.687
1.000, 1.003, 1.718
1.000, 1.003, 1.718
1.000, 1.003, 1.718
1.000, 1.004, 1.702
1.000, 1.004, 1.717
1.000, 1.003, 1.732
1.000, 1.004, 1.701
1.000, 1.003, 1.732
1.000, 1.003, 1.717
1.000, 1.003, 1.717
1.000, 1.001, 1.748
1.000, 1.000, 1.733
1.000, 1.000, 1.718
1.000, 0.999, 1.734
1.000, 0.999, 1.718
1.000, 0.996, 1.750
1.000, 0.996, 1.719
1.000, 0.996, 1.719
1.000, 0.996, 1.720
1.000, 0.996, 1.720
1.000, 0.996, 1.720
1.000, 0.996, 1.720
1.000, 0.999, 1.689
1.000, 0.999, 1.719
1.000, 0.999, 1.719
1.000, 1.000, 1.704
1.000, 1.001, 1.703
1.000, 1.001, 1.719
1.000, 1.003, 1.687
1.000, 1.004, 1.702
1.000, 1.004, 1.717
1.000, 1.004, 1.717
1.000, 1.004, 1.717
1.000, 1.004, 1.716
1.000, 1.004, 1.716
1.000, 1.004, 1.716
1.000, 1.004, 1.716
1.000, 1.003, 1.732
1.000, 1.003, 1.716
1.000, 1.001, 1.748
1.000, 1.001, 1.717
1.000, 1.000, 1.733
1.000, 0.999, 1.733
1.000, 0.996, 1.749
1.000, 0.996, 1.719
1.000, 0.995, 1.735
1.000, 0.994, 1.735
1.000, 0.994, 1.720
1.000, 0.992, 1.752
1.000, 0.992, 1.722
1.000, 0.991, 1.738
1.000, 0.991, 1.723
1.000, 0.991, 1.723
1.000, 0.991, 1.723
1.000, 0.991, 1.724
1.000, 0.992, 1.708
1.000, 0.992, 1.724
1.000, 0.992, 1.724
1.000, 0.994, 1.693
1.000, 0.995, 1.708
1.000, 0.995, 1.724
1.000, 0.995, 1.724
1.000, 0.996, 1.708
1.000, 0.996, 1.724
1.000, 0.996, 1.724
1.000, 0.999, 1.692
1.000, 0.999, 1.723
1.000, 0.999, 1.723
1.000, 1.000, 1.707
1.000, 1.000, 1.723
1.000, 1.000, 1.723
1.000, 1.000, 1.723
1.000, 1.000, 1.723
1.000, 1.000, 1.723
1.000, 1.000, 1.723
1.000, 1.000, 1.723
1.000, 1.000, 1.723
1.000, 1.000, 1.723
1.000, 1.000, 1.723
1.000, 1.000, 1.723
1.000, 1.001, 1.707
1.000, 1.001, 1.722
1.000, 1.001, 1.722
1.000, 1.001, 1.722
1.000, 1.001, 1.722
1.000, 1.001, 1.722
1.000, 1.003, 1.691
1.000, 1.003, 1.721
1.000, 1.003, 1.721
1.000, 1.004, 1.705
1.000, 1.004, 1.720
1.000, 1.004, 1.720
1.000, 1.004, 1.720
1.000, 1.004, 1.720
1.000, 1.004, 1.720
1.000, 1.004, 1.720
1.000, 1.004, 1.719
1.000, 1.003, 1.735
1.000, 1.003, 1.720
1.000, 1.003, 1.719
1.000, 1.003, 1.719
1.000, 1.003, 1.719
1.000, 1.003, 1.719
1.000, 1.003, 1.719
1.000, 1.003, 1.719
1.000, 1.003, 1.719
0.350, 1.003, 1.694
0.350, 1.003, 1.670
0.350, 1.003, 1.645
0.350, 1.001, 1.652
0.350, 1.001, 1.597
0.350, 1.001, 1.572
0.350, 1.000, 1.564
0.350, 0.999, 1.540
0.350, 0.996, 1.531
0.350, 0.995, 1.492
0.350, 0.991, 1.516
0.350, 0.987, 1.478
0.350, 0.981, 1.487
0.350, 0.976, 1.465
0.350, 0.969, 1.460
0.350, 0.960, 1.471
0.350, 0.950, 1.451
0.350, 0.940, 1.448
0.350, 0.927, 1.462
0.350, 0.913, 1.461
0.350, 0.900, 1.445
0.350, 0.884, 1.461
0.350, 0.866, 1.463
0.350, 0.848, 1.466
0.350, 0.828, 1.471
0.350, 0.808, 1.476
0.350, 0.785, 1.499
0.350, 0.764, 1.460
0.350, 0.741, 1.484
0.350, 0.718, 1.478
0.350, 0.695, 1.473
0.350, 0.670, 1.501
0.350, 0.647, 1.467
0.350, 0.624, 1.465
0.350, 0.601, 1.463
0.350, 0.580, 1.431
0.350, 0.558, 1.447
0.350, 0.538, 1.416
0.350, 0.518, 1.432
0.350, 0.499, 1.402
0.350, 0.483, 1.372
0.350, 0.467, 1.373
0.350, 0.453, 1.343
0.350, 0.439, 1.345
0.350, 0.428, 1.315
0.350, 0.419, 1.285
0.350, 0.410, 1.286
0.350, 0.402, 1.272
0.350, 0.397, 1.225
0.350, 0.391, 1.241
0.350, 0.388, 1.210
0.350, 0.384, 1.210
0.350, 0.383, 1.179
0.350, 0.383, 1.162
0.350, 0.383, 1.161
0.350, 0.384, 1.144
0.350, 0.387, 1.126
0.350, 0.388, 1.140
0.350, 0.389, 1.138
0.350, 0.392, 1.104
0.350, 0.396, 1.101
0.350, 0.397, 1.130
0.350, 0.400, 1.096
0.350, 0.403, 1.109
0.350, 0.405, 1.106
0.350, 0.407, 1.103
0.350, 0.410, 1.100
0.350, 0.411, 1.112
0.350, 0.411, 1.126
0.350, 0.412, 1.107
0.350, 0.412, 1.121
0.350, 0.412, 1.118
0.350, 0.411, 1.132
0.350, 0.410, 1.130
0.350, 0.407, 1.144
0.350, 0.406, 1.127
0.350, 0.403, 1.157
0.350, 0.400, 1.140
0.350, 0.397, 1.155
0.350, 0.392, 1.171
0.350, 0.389, 1.155
0.350, 0.384, 1.171
0.350, 0.380, 1.171
0.350, 0.375, 1.172
0.350, 0.369, 1.188
0.350, 0.365, 1.174
0.350, 0.359, 1.191
0.350, 0.354, 1.177
0.350, 0.347, 1.211
0.350, 0.343, 1.182
0.350, 0.338, 1.184
0.350, 0.334, 1.186
0.350, 0.328, 1.204
0.350, 0.323, 1.192
0.350, 0.320, 1.179
0.350, 0.315, 1.197
0.350, 0.313, 1.168
0.350, 0.309, 1.186
0.350, 0.308, 1.158
0.350, 0.305, 1.191
0.350, 0.305, 1.147
0.350, 0.304, 1.164
0.350, 0.304, 1.151
0.350, 0.304, 1.152
0.350, 0.304, 1.154
0.350, 0.305, 1.140
0.350, 0.306, 1.141
0.350, 0.308, 1.127
0.350, 0.311, 1.127
0.350, 0.313, 1.128
0.350, 0.315, 1.129
0.350, 0.318, 1.129
0.350, 0.320, 1.129
0.350, 0.323, 1.114
0.350, 0.327, 1.113
0.350, 0.328, 1.145
0.350, 0.331, 1.113
0.350, 0.334, 1.128
0.350, 0.336, 1.128
0.350, 0.338, 1.128
0.350, 0.341, 1.127
0.350, 0.343, 1.127
0.350, 0.345, 1.126
0.350, 0.346, 1.141
0.350, 0.347, 1.141
0.350, 0.350, 1.125
0.350, 0.351, 1.140
0.350, 0.351, 1.155
0.350, 0.352, 1.139
0.350, 0.352, 1.154
0.350, 0.352, 1.154
0.350, 0.354, 1.123
0.350, 0.352, 1.185
0.350, 0.352, 1.154
0.350, 0.352, 1.154
0.350, 0.351, 1.170
0.350, 0.351, 1.154
0.350, 0.350, 1.170
0.350, 0.347, 1.186
0.350, 0.347, 1.156
0.350, 0.346, 1.172
0.350, 0.345, 1.172
0.350, 0.343, 1.189
0.350, 0.343, 1.158
0.350, 0.342, 1.174
0.350, 0.341, 1.175
0.350, 0.341, 1.160
0.350, 0.338, 1.192
0.350, 0.338, 1.162
0.350, 0.338, 1.162
0.350, 0.338, 1.163
0.350, 0.338, 1.163
0.350, 0.338, 1.164
0.350, 0.338, 1.164
0.350, 0.338, 1.164
0.350, 0.341, 1.133
0.350, 0.341, 1.164
0.350, 0.342, 1.149
0.350, 0.342, 1.165
0.350, 0.343, 1.149
0.350, 0.345, 1.133
0.350, 0.345, 1.164
0.350, 0.346, 1.148
0.350, 0.347, 1.148
0.350, 0.347, 1.164
0.350, 0.350, 1.132
0.350, 0.350, 1.163
0.350, 0.351, 1.147
0.350, 0.351, 1.162
0.350, 0.352, 1.146
0.350, 0.352, 1.162
0.350, 0.352, 1.162
0.350, 0.352, 1.162
0.350, 0.354, 1.130
0.350, 0.354, 1.160
0.350, 0.354, 1.160
0.350, 0.354, 1.160
0.350, 0.352, 1.192
0.350, 0.352, 1.161
0.350, 0.352, 1.161
0.350, 0.352, 1.161
0.350, 0.352, 1.160
0.350, 0.352, 1.160
0.350, 0.352, 1.160
0.350, 0.352, 1.160
0.350, 0.352, 1.160
0.350, 0.351, 1.176
0.350, 0.351, 1.161
0.350, 0.351, 1.160
0.350, 0.351, 1.160
0.350, 0.351, 1.160
0.350, 0.351, 1.160
0.350, 0.351, 1.160
0.350, 0.351, 1.160
0.350, 0.351, 1.160
0.350, 0.351, 1.160
0.350, 0.350, 1.176
0.350, 0.351, 1.145
0.350, 0.351, 1.160
0.350, 0.351, 1.160
0.350, 0.351, 1.160
0.350, 0.351, 1.160
0.350, 0.351, 1.160
0.350, 0.351, 1.160
0.350, 0.351, 1.160
0.350, 0.352, 1.144
0.350, 0.352, 1.159
0.350, 0.352, 1.159
0.350, 0.352, 1.159
0.350, 0.354, 1.128
0.350, 0.354, 1.158
0.350, 0.354, 1.158
0.350, 0.354, 1.158
0.350, 0.354, 1.158
0.350, 0.354, 1.157
0.350, 0.354, 1.157
0.350, 0.354, 1.157
0.350, 0.354, 1.157
0.350, 0.352, 1.188
0.350, 0.352, 1.158
0.350, 0.351, 1.173
0.350, 0.351, 1.158
0.350, 0.350, 1.174
0.350, 0.350, 1.158
0.350, 0.347, 1.190
0.350, 0.346, 1.175
0.350, 0.345, 1.176
0.350, 0.345, 1.161
0.350, 0.343, 1.192
0.350, 0.343, 1.162
0.350, 0.342, 1.178
0.350, 0.342, 1.163
0.350, 0.341, 1.179
0.350, 0.341, 1.164
0.350, 0.341, 1.164
0.350, 0.341, 1.165
0.350, 0.338, 1.197
0.350, 0.338, 1.167
0.350, 0.338, 1.167
0.350, 0.338, 1.167
0.350, 0.341, 1.136
0.350, 0.341, 1.167
0.350, 0.341, 1.168
0.350, 0.342, 1.152
0.350, 0.342, 1.168
0.350, 0.343, 1.152
0.350, 0.345, 1.136
0.350, 0.345, 1.167
0.350, 0.347, 1.136
0.350, 0.347, 1.167
0.350, 0.350, 1.135
0.350, 0.351, 1.150
0.350, 0.351, 1.165
0.350, 0.352, 1.150
0.350, 0.354, 1.133
0.350, 0.354, 1.164
0.350, 0.356, 1.148
0.350, 0.356, 1.163
0.350, 0.357, 1.147
0.350, 0.357, 1.162
0.350, 0.357, 1.162
0.350, 0.356, 1.177
0.350, 0.356, 1.162
0.350, 0.356, 1.162
0.350, 0.354, 1.177
0.350, 0.354, 1.162
0.350, 0.352, 1.193
0.350, 0.352, 1.162
0.350, 0.351, 1.178
0.350, 0.350, 1.179
0.350, 0.350, 1.163
0.350, 0.347, 1.195
0.350, 0.347, 1.164
0.350, 0.346, 1.180
0.350, 0.345, 1.181
0.350, 0.345, 1.165
0.350, 0.345, 1.166
0.350, 0.345, 1.166
0.350, 0.345, 1.166
0.350, 0.345, 1.166
0.350, 0.345, 1.166
0.350, 0.345, 1.167
0.350, 0.345, 1.167
0.350, 0.345, 1.167
0.350, 0.346, 1.151
0.350, 0.346, 1.167
0.350, 0.347, 1.151
0.350, 0.347, 1.167
0.350, 0.350, 1.135
0.350, 0.351, 1.150
0.350, 0.351, 1.165
0.350, 0.352, 1.149
0.350, 0.354, 1.133
0.350, 0.354, 1.164
0.350, 0.356, 1.148
0.350, 0.356, 1.163
0.350, 0.357, 1.147
0.350, 0.357, 1.162
0.350, 0.357, 1.162
0.350, 0.357, 1.161
0.350, 0.357, 1.161
0.350, 0.357, 1.161
0.350, 0.357, 1.161
0.350, 0.357, 1.160
0.350, 0.357, 1.160
0.350, 0.357, 1.160
0.350, 0.357, 1.160
0.350, 0.356, 1.175
0.350, 0.356, 1.160
0.350, 0.356, 1.159
0.350, 0.354, 1.175
0.350, 0.354, 1.160
0.350, 0.354, 1.159
0.350, 0.354, 1.159
0.350, 0.354, 1.159
0.350, 0.354, 1.159
0.350, 0.352, 1.190
0.350, 0.352, 1.160
0.350, 0.352, 1.159
0.350, 0.352, 1.159
0.350, 0.352, 1.159
0.350, 0.352, 1.159
0.350, 0.352, 1.159
0.350, 0.352, 1.159
0.350, 0.352, 1.159
0.350, 0.352, 1.159
0.350, 0.354, 1.127
0.350, 0.354, 1.158
0.350, 0.352, 1.189
0.350, 0.354, 1.127
0.350, 0.352, 1.189
0.350, 0.352, 1.158
0.350, 0.352, 1.158
0.350, 0.352, 1.158
0.350, 0.351, 1.174
0.350, 0.351, 1.158
0.350, 0.351, 1.158
0.350, 0.350, 1.174
0.350, 0.347, 1.190
0.350, 0.347, 1.160
0.350, 0.347, 1.160
0.350, 0.346, 1.176
0.350, 0.346, 1.161
0.350, 0.345, 1.177
0.350, 0.345, 1.161
0.350, 0.345, 1.162
0.350, 0.345, 1.162
0.350, 0.343, 1.194
0.350, 0.343, 1.163
0.350, 0.345, 1.132
0.350, 0.345, 1.163
0.350, 0.345, 1.163
0.350, 0.345, 1.163
0.350, 0.345, 1.163
0.350, 0.345, 1.163
0.350, 0.345, 1.164
0.350, 0.346, 1.148
0.350, 0.347, 1.148
0.350, 0.347, 1.163
0.350, 0.347, 1.163
0.350, 0.350, 1.132
0.350, 0.350, 1.162
0.350, 0.351, 1.147
0.350, 0.351, 1.162
0.350, 0.351, 1.162
0.350, 0.352, 1.146
0.350, 0.352, 1.161
0.350, 0.354, 1.130
0.350, 0.354, 1.160
0.350, 0.354, 1.160
0.350, 0.356, 1.144
0.350, 0.356, 1.159
0.350, 0.356, 1.159
0.350, 0.356, 1.159
0.350, 0.356, 1.159
0.350, 0.356, 1.158
0.350, 0.356, 1.158
0.350, 0.356, 1.158
0.350, 0.356, 1.158
0.350, 0.356, 1.158
0.350, 0.356, 1.157
0.350, 0.354, 1.173
0.350, 0.354, 1.157
0.350, 0.352, 1.189
0.350, 0.352, 1.158
0.350, 0.352, 1.158
0.350, 0.351, 1.174
0.350, 0.351, 1.158
0.350, 0.350, 1.174
0.350, 0.350, 1.159
0.350, 0.347, 1.190
0.350, 0.347, 1.160
0.350, 0.346, 1.176
0.350, 0.345, 1.176
0.350, 0.345, 1.161
0.350, 0.345, 1.161
0.350, 0.345, 1.161
0.350, 0.343, 1.193
0.350, 0.343, 1.163
0.350, 0.343, 1.163
0.350, 0.343, 1.163
0.350, 0.345, 1.132
0.350, 0.345, 1.163
0.350, 0.345, 1.163
0.350, 0.345, 1.163
0.350, 0.345, 1.163
0.350, 0.346, 1.148
0.350, 0.346, 1.163
0.350, 0.346, 1.163
0.350, 0.347, 1.148
0.350, 0.347, 1.163
0.350, 0.347, 1.163
0.350, 0.350, 1.132
0.350, 0.350, 1.163
0.350, 0.350, 1.163
0.350, 0.350, 1.163
0.350, 0.351, 1.147
0.350, 0.351, 1.162
0.350, 0.351, 1.162
0.350, 0.351, 1.162
0.350, 0.352, 1.146
0.350, 0.352, 1.161
0.350, 0.352, 1.161
0.350, 0.352, 1.161
0.350, 0.352, 1.161
0.350, 0.352, 1.161
0.350, 0.354, 1.129
0.350, 0.354, 1.160
0.350, 0.354, 1.160
0.350, 0.354, 1.160
0.350, 0.354, 1.159
0.350, 0.354, 1.159
0.350, 0.354, 1.159
0.350, 0.352, 1.191
0.350, 0.352, 1.160
0.350, 0.352, 1.160
0.350, 0.352, 1.160
0.350, 0.351, 1.175
0.350, 0.351, 1.160
0.350, 0.351, 1.160
0.350, 0.351, 1.160
0.350, 0.351, 1.160
0.350, 0.351, 1.160
0.350, 0.351, 1.160
0.350, 0.350, 1.176
0.350, 0.350, 1.160
0.350, 0.350, 1.160
0.350, 0.350, 1.160
0.350, 0.350, 1.160
0.350, 0.350, 1.160
0.350, 0.350, 1.160
0.350, 0.351, 1.144
0.350, 0.351, 1.160
0.350, 0.351, 1.160
0.350, 0.351, 1.160
0.350, 0.351, 1.160
0.350, 0.352, 1.144
0.350, 0.352, 1.159
0.350, 0.352, 1.159
0.350, 0.352, 1.159
0.350, 0.352, 1.159
0.350, 0.354, 1.127
0.350, 0.354, 1.158
0.350, 0.354, 1.158
0.350, 0.354, 1.157
0.350, 0.354, 1.157
0.350, 0.354, 1.157
0.350, 0.352, 1.189
0.350, 0.352, 1.158
0.350, 0.352, 1.158
0.350, 0.351, 1.173
0.350, 0.351, 1.158
0.350, 0.351, 1.158
0.350, 0.351, 1.158
0.350, 0.350, 1.174
0.350, 0.350, 1.158
0.350, 0.347, 1.190
0.350, 0.347, 1.159
0.350, 0.347, 1.160
0.350, 0.347, 1.160
0.350, 0.347, 1.160
0.350, 0.347, 1.160
0.350, 0.347, 1.160
0.350, 0.347, 1.160
0.350, 0.347, 1.160
0.350, 0.347, 1.160
0.350, 0.347, 1.160
0.350, 0.347, 1.160
0.350, 0.347, 1.160
0.350, 0.350, 1.129
0.350, 0.350, 1.160
0.350, 0.351, 1.144
0.350, 0.351, 1.159
0.350, 0.352, 1.143
0.350, 0.352, 1.159
0.350, 0.354, 1.127
0.350, 0.354, 1.158
0.350, 0.356, 1.142
0.350, 0.356, 1.157
0.350, 0.357, 1.141
0.350, 0.357, 1.156
0.350, 0.357, 1.156
0.350, 0.357, 1.155
0.350, 0.359, 1.123
0.350, 0.357, 1.185
0.350, 0.359, 1.123
0.350, 0.359, 1.153
0.350, 0.359, 1.153
0.350, 0.357, 1.184
0.350, 0.357, 1.153
0.350, 0.357, 1.153
0.350, 0.357, 1.153
0.350, 0.357, 1.152
0.350, 0.357, 1.152
0.350, 0.356, 1.168
0.350, 0.356, 1.152
0.350, 0.354, 1.168
0.350, 0.354, 1.152
0.350, 0.354, 1.152
0.350, 0.352, 1.184
0.350, 0.352, 1.153
0.350, 0.351, 1.169
0.350, 0.351, 1.153
0.350, 0.351, 1.153
0.350, 0.351, 1.153
0.350, 0.350, 1.169
0.350, 0.350, 1.153
0.350, 0.350, 1.153
0.350, 0.350, 1.153
0.350, 0.350, 1.153
0.350, 0.350, 1.153
0.350, 0.347, 1.185
0.350, 0.347, 1.154
0.350, 0.347, 1.155
0.350, 0.347, 1.155
0.350, 0.350, 1.123
0.350, 0.350, 1.154
0.350, 0.350, 1.154
0.350, 0.350, 1.154
0.350, 0.350, 1.154
0.350, 0.350, 1.154
0.350, 0.350, 1.154
0.350, 0.350, 1.154
0.350, 0.351, 1.138
0.350, 0.351, 1.153
0.350, 0.351, 1.153
0.350, 0.351, 1.153
0.350, 0.351, 1.153
0.350, 0.351, 1.153
0.350, 0.351, 1.153
0.350, 0.350, 1.169
0.350, 0.350, 1.154
0.350, 0.350, 1.154
0.350, 0.350, 1.154
0.350, 0.350, 1.154
0.350, 0.350, 1.154
0.350, 0.350, 1.154
0.350, 0.347, 1.185
0.350, 0.347, 1.155
0.350, 0.347, 1.155
0.350, 0.347, 1.155
0.350, 0.347, 1.155
0.350, 0.347, 1.155
0.350, 0.347, 1.155
0.350, 0.347, 1.155
0.350, 0.347, 1.155
0.350, 0.347, 1.156
0.350, 0.347, 1.156
0.350, 0.347, 1.156
0.350, 0.347, 1.156
0.350, 0.347, 1.156
0.350, 0.347, 1.156
0.350, 0.347, 1.156
0.350, 0.347, 1.156
0.350, 0.350, 1.125
0.350, 0.350, 1.155
0.350, 0.350, 1.155
0.350, 0.350, 1.155
0.350, 0.350, 1.155
0.350, 0.350, 1.155
0.350, 0.350, 1.155
0.350, 0.350, 1.155
0.350, 0.350, 1.155
0.350, 0.350, 1.156
0.350, 0.350, 1.156
0.350, 0.350, 1.156
0.350, 0.350, 1.156
0.350, 0.350, 1.156
0.350, 0.350, 1.156
0.350, 0.350, 1.156
0.350, 0.347, 1.187
0.350, 0.347, 1.157
0.350, 0.347, 1.157
0.350, 0.347, 1.157
0.350, 0.347, 1.157
0.350, 0.347, 1.157
0.350, 0.347, 1.157
0.350, 0.347, 1.157
0.350, 0.347, 1.157
0.350, 0.347, 1.157
1.300, 0.347, 1.193
1.300, 0.346, 1.245
1.300, 0.347, 1.250
1.300, 0.347, 1.301
1.300, 0.347, 1.337
1.300, 0.347, 1.372
1.300, 0.350, 1.377
1.300, 0.351, 1.427
1.300, 0.352, 1.463
1.300, 0.356, 1.466
1.300, 0.359, 1.500
1.300, 0.361, 1.550
1.300, 0.368, 1.521
1.300, 0.374, 1.570
1.300, 0.382, 1.571
1.300, 0.389, 1.618
1.300, 0.402, 1.570
1.300, 0.414, 1.599
1.300, 0.426, 1.643
1.300, 0.443, 1.593
1.300, 0.460, 1.618
1.300, 0.479, 1.627
1.300, 0.499, 1.619
1.300, 0.522, 1.610
1.300, 0.545, 1.630
1.300, 0.571, 1.618
1.300, 0.596, 1.636
1.300, 0.622, 1.636
1.300, 0.650, 1.636
1.300, 0.679, 1.634
1.300, 0.709, 1.630
1.300, 0.737, 1.656
1.300, 0.766, 1.666
1.300, 0.796, 1.659
1.300, 0.825, 1.682
1.300, 0.853, 1.705
1.300, 0.881, 1.695
1.300, 0.909, 1.716
1.300, 0.936, 1.720
1.300, 0.963, 1.738
1.300, 0.989, 1.741
1.300, 1.014, 1.774
1.300, 1.038, 1.775
1.300, 1.061, 1.791
1.300, 1.084, 1.791
1.300, 1.107, 1.790
1.300, 1.129, 1.805
1.300, 1.150, 1.803
1.300, 1.170, 1.831
1.300, 1.190, 1.829
1.300, 1.210, 1.809
1.300, 1.229, 1.836
1.300, 1.247, 1.832
1.300, 1.263, 1.858
1.300, 1.280, 1.837
1.300, 1.298, 1.831
1.300, 1.313, 1.856
1.300, 1.328, 1.850
1.300, 1.344, 1.827
1.300, 1.358, 1.851
1.300, 1.371, 1.844
1.300, 1.385, 1.836
1.300, 1.397, 1.859
1.300, 1.409, 1.835
1.300, 1.422, 1.826
1.300, 1.432, 1.848
1.300, 1.443, 1.839
1.300, 1.454, 1.814
1.300, 1.463, 1.835
1.300, 1.473, 1.825
1.300, 1.480, 1.847
1.300, 1.488, 1.821
1.300, 1.496, 1.811
1.300, 1.503, 1.817
1.300, 1.507, 1.838
1.300, 1.514, 1.797
1.300, 1.519, 1.818
1.300, 1.521, 1.839
1.300, 1.524, 1.814
1.300, 1.526, 1.836
1.300, 1.528, 1.811
1.300, 1.529, 1.818
1.300, 1.528, 1.840
1.300, 1.528, 1.816
1.300, 1.526, 1.839
1.300, 1.524, 1.816
1.300, 1.521, 1.840
1.300, 1.519, 1.817
1.300, 1.514, 1.841
1.300, 1.509, 1.835
1.300, 1.505, 1.829
1.300, 1.498, 1.854
1.300, 1.492, 1.834
1.300, 1.484, 1.861
1.300, 1.477, 1.841
1.300, 1.469, 1.853
1.300, 1.461, 1.850
1.300, 1.452, 1.862
1.300, 1.442, 1.876
1.300, 1.434, 1.843
1.300, 1.423, 1.873
1.300, 1.414, 1.857
1.300, 1.404, 1.872
1.300, 1.392, 1.888
1.300, 1.382, 1.873
1.300, 1.371, 1.874
1.300, 1.360, 1.891
1.300, 1.350, 1.877
1.300, 1.340, 1.864
1.300, 1.330, 1.882
1.300, 1.318, 1.900
1.300, 1.308, 1.888
1.300, 1.299, 1.876
1.300, 1.289, 1.896
1.300, 1.279, 1.884
1.300, 1.270, 1.889
1.300, 1.259, 1.925
1.300, 1.252, 1.868
1.300, 1.244, 1.888
1.300, 1.234, 1.909
1.300, 1.226, 1.899
1.300, 1.221, 1.874
1.300, 1.213, 1.911
1.300, 1.208, 1.869
1.300, 1.202, 1.891
1.300, 1.198, 1.881
1.300, 1.193, 1.886
1.300, 1.190, 1.876
1.300, 1.187, 1.866
1.300, 1.184, 1.887
1.300, 1.180, 1.893
1.300, 1.179, 1.867
1.300, 1.179, 1.856
1.300, 1.178, 1.876
1.300, 1.178, 1.866
1.300, 1.179, 1.854
1.300, 1.180, 1.858
1.300, 1.180, 1.878
1.300, 1.184, 1.835
1.300, 1.185, 1.870
1.300, 1.188, 1.842
1.300, 1.192, 1.845
1.300, 1.193, 1.880
1.300, 1.197, 1.851
1.300, 1.201, 1.838
1.300, 1.203, 1.872
1.300, 1.207, 1.859
1.300, 1.211, 1.845
1.300, 1.215, 1.862
1.300, 1.217, 1.880
1.300, 1.222, 1.851
1.300, 1.226, 1.852
1.300, 1.230, 1.869
1.300, 1.234, 1.854
1.300, 1.239, 1.855
1.300, 1.244, 1.855
1.300, 1.248, 1.856
1.300, 1.253, 1.856
1.300, 1.257, 1.856
1.300, 1.262, 1.855
1.300, 1.267, 1.855
1.300, 1.271, 1.855
1.300, 1.276, 1.854
1.300, 1.280, 1.853
1.300, 1.285, 1.852
1.300, 1.290, 1.851
1.300, 1.294, 1.849
1.300, 1.299, 1.848
1.300, 1.302, 1.862
1.300, 1.307, 1.844
1.300, 1.309, 1.874
1.300, 1.313, 1.857
1.300, 1.317, 1.839
1.300, 1.321, 1.853
1.300, 1.322, 1.882
1.300, 1.325, 1.849
1.300, 1.328, 1.863
1.300, 1.330, 1.861
1.300, 1.332, 1.859
1.300, 1.335, 1.857
1.300, 1.336, 1.870
1.300, 1.337, 1.869
1.300, 1.339, 1.851
1.300, 1.340, 1.864
1.300, 1.340, 1.878
1.300, 1.341, 1.861
1.300, 1.344, 1.843
1.300, 1.344, 1.872
1.300, 1.345, 1.855
1.300, 1.345, 1.868
1.300, 1.346, 1.851
1.300, 1.346, 1.865
1.300, 1.348, 1.831
1.300, 1.348, 1.860
1.300, 1.348, 1.858
1.300, 1.350, 1.841
1.300, 1.350, 1.854
1.300, 1.350, 1.852
1.300, 1.350, 1.850
1.300, 1.350, 1.849
1.300, 1.350, 1.847
1.300, 1.350, 1.845
1.300, 1.350, 1.843
1.300, 1.350, 1.841
1.300, 1.348, 1.855
1.300, 1.348, 1.838
1.300, 1.346, 1.868
1.300, 1.345, 1.851
1.300, 1.344, 1.850
1.300, 1.341, 1.864
1.300, 1.340, 1.848
1.300, 1.339, 1.847
1.300, 1.336, 1.877
1.300, 1.335, 1.846
1.300, 1.331, 1.877
1.300, 1.330, 1.845
1.300, 1.327, 1.876
1.300, 1.323, 1.876
1.300, 1.322, 1.845
1.300, 1.318, 1.877
1.300, 1.317, 1.846
1.300, 1.314, 1.877
1.300, 1.312, 1.862
1.300, 1.309, 1.862
1.300, 1.307, 1.863
1.300, 1.304, 1.879
1.300, 1.300, 1.881
1.300, 1.298, 1.866
1.300, 1.294, 1.883
1.300, 1.290, 1.900
1.300, 1.286, 1.887
1.300, 1.284, 1.873
1.300, 1.279, 1.906
1.300, 1.276, 1.893
1.300, 1.272, 1.895
1.300, 1.270, 1.882
1.300, 1.267, 1.899
1.300, 1.263, 1.902
1.300, 1.261, 1.889
1.300, 1.257, 1.907
1.300, 1.254, 1.910
1.300, 1.252, 1.897
1.300, 1.249, 1.900
1.300, 1.248, 1.887
1.300, 1.245, 1.921
1.300, 1.245, 1.877
1.300, 1.244, 1.895
1.300, 1.244, 1.882
1.300, 1.243, 1.900
1.300, 1.243, 1.886
1.300, 1.243, 1.888
1.300, 1.243, 1.891
1.300, 1.243, 1.893
1.300, 1.243, 1.895
1.300, 1.244, 1.881
1.300, 1.244, 1.899
1.300, 1.245, 1.885
1.300, 1.245, 1.903
1.300, 1.247, 1.873
1.300, 1.248, 1.890
1.300, 1.248, 1.907
1.300, 1.249, 1.893
1.300, 1.252, 1.879
1.300, 1.253, 1.896
1.300, 1.254, 1.897
1.300, 1.256, 1.882
1.300, 1.256, 1.915
1.300, 1.257, 1.901
1.300, 1.259, 1.902
1.300, 1.262, 1.871
1.300, 1.263, 1.903
1.300, 1.266, 1.888
1.300, 1.268, 1.889
1.300, 1.270, 1.889
1.300, 1.272, 1.889
1.300, 1.275, 1.889
1.300, 1.276, 1.905
1.300, 1.279, 1.874
1.300, 1.282, 1.889
1.300, 1.284, 1.889
1.300, 1.286, 1.889
1.300, 1.290, 1.872
1.300, 1.291, 1.903
1.300, 1.294, 1.871
1.300, 1.295, 1.902
1.300, 1.299, 1.870
1.300, 1.302, 1.869
1.300, 1.305, 1.883
1.300, 1.308, 1.866
1.300, 1.312, 1.865
1.300, 1.314, 1.879
1.300, 1.317, 1.861
1.300, 1.321, 1.859
1.300, 1.322, 1.889
1.300, 1.325, 1.856
1.300, 1.328, 1.869
1.300, 1.331, 1.852
1.300, 1.332, 1.881
1.300, 1.336, 1.848
1.300, 1.337, 1.876
1.300, 1.339, 1.859
1.300, 1.340, 1.872
1.300, 1.341, 1.870
1.300, 1.344, 1.852
1.300, 1.345, 1.866
1.300, 1.345, 1.879
1.300, 1.346, 1.862
1.300, 1.346, 1.876
1.300, 1.346, 1.874
1.300, 1.348, 1.840
1.300, 1.348, 1.869
1.300, 1.348, 1.868
1.300, 1.348, 1.866
1.300, 1.348, 1.864
1.300, 1.346, 1.894
1.300, 1.346, 1.861
1.300, 1.346, 1.860
1.300, 1.345, 1.874
1.300, 1.344, 1.872
1.300, 1.341, 1.887
1.300, 1.340, 1.871
1.300, 1.340, 1.854
1.300, 1.337, 1.900
1.300, 1.336, 1.868
1.300, 1.335, 1.867
1.300, 1.332, 1.882
1.300, 1.330, 1.882
1.300, 1.328, 1.881
1.300, 1.327, 1.865
1.300, 1.325, 1.865
1.300, 1.323, 1.880
1.300, 1.322, 1.864
1.300, 1.321, 1.864
1.300, 1.318, 1.880
1.300, 1.317, 1.864
1.300, 1.316, 1.864
1.300, 1.314, 1.879
1.300, 1.313, 1.864
1.300, 1.312, 1.864
1.300, 1.312, 1.848
1.300, 1.309, 1.879
1.300, 1.309, 1.848
1.300, 1.308, 1.864
1.300, 1.307, 1.864
1.300, 1.307, 1.848
1.300, 1.307, 1.848
1.300, 1.305, 1.879
1.300, 1.305, 1.848
1.300, 1.304, 1.864
1.300, 1.304, 1.849
1.300, 1.302, 1.864
1.300, 1.302, 1.849
1.300, 1.300, 1.880
1.300, 1.300, 1.850
1.300, 1.299, 1.865
1.300, 1.299, 1.850
1.300, 1.298, 1.866
1.300, 1.298, 1.851
1.300, 1.298, 1.851
1.300, 1.295, 1.882
1.300, 1.295, 1.852
1.300, 1.294, 1.868
1.300, 1.294, 1.853
1.300, 1.293, 1.869
1.300, 1.293, 1.854
1.300, 1.291, 1.886
1.300, 1.291, 1.855
1.300, 1.290, 1.871
1.300, 1.290, 1.856
1.300, 1.289, 1.873
1.300, 1.289, 1.858
1.300, 1.286, 1.890
1.300, 1.286, 1.859
1.300, 1.286, 1.860
1.300, 1.286, 1.860
1.300, 1.289, 1.829
1.300, 1.289, 1.861
1.300, 1.289, 1.861
1.300, 1.289, 1.861
1.300, 1.290, 1.846
1.300, 1.290, 1.862
1.300, 1.290, 1.862
1.300, 1.290, 1.863
1.300, 1.290, 1.863
1.300, 1.290, 1.863
1.300, 1.291, 1.848
1.300, 1.291, 1.864
1.300, 1.291, 1.864
1.300, 1.291, 1.864
1.300, 1.291, 1.865
1.300, 1.291, 1.865
1.300, 1.291, 1.865
1.300, 1.290, 1.881
1.300, 1.290, 1.866
1.300, 1.290, 1.867
1.300, 1.290, 1.867
1.300, 1.289, 1.883
1.300, 1.289, 1.869
1.300, 1.286, 1.901
1.300, 1.286, 1.870
1.300, 1.286, 1.871
1.300, 1.285, 1.887
1.300, 1.286, 1.857
1.300, 1.285, 1.888
1.300, 1.286, 1.858
1.300, 1.286, 1.874
1.300, 1.286, 1.874
1.300, 1.289, 1.843
1.300, 1.290, 1.858
1.300, 1.290, 1.874
1.300, 1.291, 1.859
1.300, 1.291, 1.874
1.300, 1.293, 1.843
1.300, 1.294, 1.858
1.300, 1.295, 1.858
1.300, 1.295, 1.874
1.300, 1.298, 1.842
1.300, 1.299, 1.857
1.300, 1.300, 1.857
1.300, 1.300, 1.872
1.300, 1.300, 1.872
1.300, 1.300, 1.872
1.300, 1.302, 1.840
1.300, 1.302, 1.871
1.300, 1.302, 1.871
1.300, 1.302, 1.871
1.300, 1.302, 1.871
1.300, 1.302, 1.871
1.300, 1.302, 1.871
1.300, 1.302, 1.871
1.300, 1.302, 1.870
1.300, 1.300, 1.902
1.300, 1.300, 1.871
1.300, 1.300, 1.871
1.300, 1.300, 1.871
1.300, 1.299, 1.887
1.300, 1.299, 1.872
1.300, 1.298, 1.888
1.300, 1.298, 1.872
1.300, 1.295, 1.904
1.300, 1.295, 1.873
1.300, 1.295, 1.874
1.300, 1.294, 1.890
1.300, 1.294, 1.874
1.300, 1.294, 1.875
1.300, 1.294, 1.875
1.300, 1.293, 1.891
1.300, 1.293, 1.876
1.300, 1.294, 1.860
1.300, 1.294, 1.876
1.300, 1.294, 1.876
1.300, 1.294, 1.876
1.300, 1.295, 1.861
1.300, 1.295, 1.876
1.300, 1.295, 1.876
1.300, 1.298, 1.845
1.300, 1.298, 1.876
1.300, 1.298, 1.876
1.300, 1.298, 1.876
1.300, 1.299, 1.860
1.300, 1.299, 1.876
1.300, 1.299, 1.876
1.300, 1.299, 1.876
1.300, 1.299, 1.876
1.300, 1.299, 1.876
1.300, 1.299, 1.876
1.300, 1.300, 1.860
1.300, 1.300, 1.875
1.300, 1.300, 1.875
1.300, 1.300, 1.875
1.300, 1.300, 1.875
1.300, 1.300, 1.875
1.300, 1.300, 1.875
1.300, 1.300, 1.875
1.300, 1.299, 1.891
1.300, 1.299, 1.876
1.300, 1.299, 1.876
1.300, 1.299, 1.876
1.300, 1.299, 1.876
1.300, 1.299, 1.876
1.300, 1.299, 1.876
1.300, 1.299, 1.876
1.300, 1.299, 1.876
1.300, 1.298, 1.892
1.300, 1.298, 1.877
1.300, 1.298, 1.877
1.300, 1.298, 1.877
1.300, 1.298, 1.877
1.300, 1.295, 1.909
1.300, 1.295, 1.878
1.300, 1.295, 1.878
1.300, 1.295, 1.878
1.300, 1.298, 1.847
1.300, 1.298, 1.878
1.300, 1.298, 1.878
1.300, 1.299, 1.862
1.300, 1.299, 1.878
1.300, 1.300, 1.862
1.300, 1.300, 1.877
1.300, 1.300, 1.877
1.300, 1.300, 1.877
1.300, 1.302, 1.846
1.300, 1.302, 1.876
1.300, 1.302, 1.876
1.300, 1.302, 1.876
1.300, 1.302, 1.876
1.300, 1.302, 1.876
1.300, 1.302, 1.876
1.300, 1.300, 1.907
1.300, 1.300, 1.877
1.300, 1.300, 1.877
1.300, 1.300, 1.877
1.300, 1.300, 1.877
1.300, 1.300, 1.877
1.300, 1.300, 1.877
1.300, 1.300, 1.877
1.300, 1.300, 1.877
1.300, 1.300, 1.877
1.300, 1.300, 1.877
1.300, 1.300, 1.877
1.300, 1.300, 1.877
1.300, 1.300, 1.877
1.300, 1.300, 1.877
1.300, 1.300, 1.877
1.300, 1.302, 1.845
1.300, 1.302, 1.876
1.300, 1.302, 1.875
1.300, 1.304, 1.860
1.300, 1.304, 1.875
1.300, 1.304, 1.875
1.300, 1.304, 1.875
1.300, 1.304, 1.874
1.300, 1.305, 1.858
1.300, 1.305, 1.874
1.300, 1.307, 1.842
1.300, 1.307, 1.872
1.300, 1.307, 1.872
1.300, 1.308, 1.856
1.300, 1.308, 1.871
1.300, 1.308, 1.871
1.300, 1.309, 1.855
1.300, 1.309, 1.870
1.300, 1.309, 1.869
1.300, 1.309, 1.869
1.300, 1.309, 1.869
1.300, 1.308, 1.884
1.300, 1.308, 1.868
1.300, 1.308, 1.868
1.300, 1.307, 1.884
1.300, 1.305, 1.900
1.300, 1.305, 1.869
1.300, 1.302, 1.900
1.300, 1.302, 1.869
1.300, 1.300, 1.901
1.300, 1.299, 1.886
1.300, 1.299, 1.871
1.300, 1.298, 1.886
1.300, 1.295, 1.903
1.300, 1.295, 1.872
1.300, 1.294, 1.888
1.300, 1.294, 1.873
1.300, 1.293, 1.889
1.300, 1.293, 1.874
1.300, 1.293, 1.874
1.300, 1.293, 1.875
1.300, 1.293, 1.875
1.300, 1.293, 1.875
1.300, 1.293, 1.875
1.300, 1.293, 1.876
1.300, 1.294, 1.860
1.300, 1.294, 1.876
1.300, 1.294, 1.876
1.300, 1.294, 1.876
1.300, 1.294, 1.876
1.300, 1.294, 1.876
1.300, 1.294, 1.877
1.300, 1.294, 1.877
1.300, 1.294, 1.877
1.300, 1.294, 1.877
1.300, 1.294, 1.878
1.300, 1.294, 1.878
1.300, 1.294, 1.878
1.300, 1.294, 1.878
1.300, 1.294, 1.878
1.300, 1.294, 1.879
1.300, 1.295, 1.863
1.300, 1.295, 1.879
1.300, 1.295, 1.879
1.300, 1.295, 1.879
1.300, 1.295, 1.879
1.300, 1.295, 1.879
1.300, 1.294, 1.895
1.300, 1.294, 1.880
1.300, 1.294, 1.880
1.300, 1.293, 1.896
1.300, 1.291, 1.913
1.300, 1.291, 1.882
1.300, 1.290, 1.899
1.300, 1.290, 1.884
1.300, 1.289, 1.900
1.000, 1.289, 1.874
1.000, 1.289, 1.863
1.000, 1.286, 1.884
1.000, 1.286, 1.842
1.000, 1.286, 1.831
1.000, 1.285, 1.836
1.000, 1.285, 1.810
1.000, 1.285, 1.799
1.000, 1.284, 1.805
1.000, 1.282, 1.810
1.000, 1.282, 1.769
1.000, 1.280, 1.774
1.000, 1.277, 1.796
1.000, 1.276, 1.755
1.000, 1.272, 1.777
1.000, 1.270, 1.752
1.000, 1.267, 1.758
1.000, 1.262, 1.765
1.000, 1.259, 1.742
1.000, 1.253, 1.765
1.000, 1.247, 1.758
1.000, 1.240, 1.766
1.000, 1.234, 1.744
1.000, 1.226, 1.769
1.000, 1.220, 1.748
1.000, 1.211, 1.758
1.000, 1.202, 1.769
1.000, 1.193, 1.765
1.000, 1.184, 1.762
1.000, 1.173, 1.774
1.000, 1.162, 1.787
1.000, 1.152, 1.770
1.000, 1.142, 1.752
1.000, 1.130, 1.798
1.000, 1.119, 1.767
1.000, 1.109, 1.766
1.000, 1.098, 1.782
1.000, 1.088, 1.751
1.000, 1.078, 1.767
1.000, 1.069, 1.752
1.000, 1.061, 1.738
1.000, 1.054, 1.723
1.000, 1.046, 1.739
1.000, 1.040, 1.709
1.000, 1.032, 1.741
1.000, 1.026, 1.712
1.000, 1.019, 1.729
1.000, 1.015, 1.699
1.000, 1.010, 1.700
1.000, 1.008, 1.670
1.000, 1.003, 1.702
1.000, 1.000, 1.688
1.000, 0.996, 1.689
1.000, 0.994, 1.675
1.000, 0.992, 1.676
1.000, 0.989, 1.677
1.000, 0.987, 1.679
1.000, 0.985, 1.680
1.000, 0.983, 1.682
1.000, 0.981, 1.667
1.000, 0.978, 1.700
1.000, 0.976, 1.686
1.000, 0.973, 1.688
1.000, 0.971, 1.690
1.000, 0.968, 1.708
1.000, 0.964, 1.710
1.000, 0.963, 1.682
1.000, 0.960, 1.715
1.000, 0.958, 1.686
1.000, 0.955, 1.720
1.000, 0.954, 1.691
1.000, 0.953, 1.693
1.000, 0.950, 1.712
1.000, 0.948, 1.714
1.000, 0.946, 1.717
1.000, 0.945, 1.704
1.000, 0.943, 1.707
1.000, 0.943, 1.694
1.000, 0.941, 1.727
1.000, 0.940, 1.715
1.000, 0.940, 1.702
1.000, 0.939, 1.720
1.000, 0.939, 1.707
1.000, 0.939, 1.709
1.000, 0.939, 1.711
1.000, 0.939, 1.713
1.000, 0.939, 1.716
1.000, 0.939, 1.718
1.000, 0.939, 1.720
1.000, 0.940, 1.707
1.000, 0.940, 1.724
1.000, 0.941, 1.711
1.000, 0.943, 1.697
1.000, 0.945, 1.714
1.000, 0.946, 1.716
1.000, 0.948, 1.701
1.000, 0.950, 1.702
1.000, 0.953, 1.703
1.000, 0.955, 1.704
1.000, 0.958, 1.689
1.000, 0.962, 1.689
1.000, 0.963, 1.721
1.000, 0.966, 1.690
1.000, 0.969, 1.706
1.000, 0.971, 1.707
1.000, 0.973, 1.707
1.000, 0.976, 1.707
1.000, 0.978, 1.707
1.000, 0.980, 1.707
1.000, 0.983, 1.707
1.000, 0.985, 1.706
1.000, 0.987, 1.706
1.000, 0.989, 1.706
1.000, 0.991, 1.721
1.000, 0.992, 1.721
1.000, 0.995, 1.689
1.000, 0.996, 1.720
1.000, 0.999, 1.703
1.000, 1.000, 1.718
1.000, 1.003, 1.686
1.000, 1.004, 1.717
1.000, 1.008, 1.684
1.000, 1.009, 1.714
1.000, 1.010, 1.713
1.000, 1.014, 1.681
1.000, 1.015, 1.711
1.000, 1.017, 1.694
1.000, 1.019, 1.692
1.000, 1.022, 1.691
1.000, 1.023, 1.705
1.000, 1.024, 1.704
1.000, 1.024, 1.718
1.000, 1.024, 1.717
1.000, 1.026, 1.685
1.000, 1.026, 1.714
1.000, 1.026, 1.713
1.000, 1.026, 1.712
1.000, 1.026, 1.711
1.000, 1.026, 1.710
1.000, 1.026, 1.709
1.000, 1.026, 1.708
1.000, 1.026, 1.707
1.000, 1.026, 1.706
1.000, 1.024, 1.737
1.000, 1.024, 1.705
1.000, 1.023, 1.720
1.000, 1.023, 1.704
1.000, 1.022, 1.719
1.000, 1.022, 1.703
1.000, 1.019, 1.734
1.000, 1.019, 1.702
1.000, 1.019, 1.702
1.000, 1.018, 1.717
1.000, 1.017, 1.716
1.000, 1.017, 1.700
1.000, 1.017, 1.700
1.000, 1.015, 1.731
1.000, 1.014, 1.715
1.000, 1.014, 1.699
1.000, 1.012, 1.715
1.000, 1.010, 1.731
1.000, 1.009, 1.715
1.000, 1.008, 1.715
1.000, 1.006, 1.731
1.000, 1.004, 1.716
1.000, 1.003, 1.716
1.000, 1.000, 1.748
1.000, 0.999, 1.718
1.000, 0.996, 1.734
1.000, 0.995, 1.720
1.000, 0.994, 1.720
1.000, 0.992, 1.737
1.000, 0.991, 1.722
1.000, 0.989, 1.723
1.000, 0.987, 1.740
1.000, 0.986, 1.725
1.000, 0.985, 1.726
1.000, 0.983, 1.743
1.000, 0.981, 1.729
1.000, 0.980, 1.730
1.000, 0.978, 1.747
1.000, 0.976, 1.749
1.000, 0.976, 1.719
1.000, 0.972, 1.767
1.000, 0.971, 1.738
1.000, 0.969, 1.755
1.000, 0.968, 1.742
1.000, 0.968, 1.727
1.000, 0.968, 1.729
1.000, 0.968, 1.730
1.000, 0.969, 1.715
1.000, 0.971, 1.700
1.000, 0.972, 1.716
1.000, 0.976, 1.685
1.000, 0.977, 1.716
1.000, 0.980, 1.685
1.000, 0.981, 1.716
1.000, 0.985, 1.685
1.000, 0.986, 1.716
1.000, 0.987, 1.716
1.000, 0.989, 1.700
1.000, 0.991, 1.715
1.000, 0.994, 1.684
1.000, 0.994, 1.730
1.000, 0.995, 1.714
1.000, 0.996, 1.714
1.000, 0.999, 1.698
1.000, 0.999, 1.729
1.000, 0.999, 1.729
1.000, 0.999, 1.729
1.000, 1.000, 1.713
1.000, 1.000, 1.728
1.000, 1.000, 1.728
1.000, 1.000, 1.728
1.000, 1.000, 1.728
1.000, 1.000, 1.728
1.000, 1.000, 1.728
1.000, 1.000, 1.728
1.000, 1.001, 1.713
1.000, 1.001, 1.728
1.000, 1.001, 1.728
1.000, 1.001, 1.728
1.000, 1.003, 1.696
1.000, 1.003, 1.727
1.000, 1.003, 1.727
1.000, 1.004, 1.711
1.000, 1.004, 1.726
1.000, 1.004, 1.726
1.000, 1.004, 1.726
1.000, 1.006, 1.710
1.000, 1.006, 1.725
1.000, 1.008, 1.693
1.000, 1.008, 1.723
1.000, 1.008, 1.723
1.000, 1.009, 1.707
1.000, 1.009, 1.722
1.000, 1.010, 1.706
1.000, 1.010, 1.721
1.000, 1.012, 1.689
1.000, 1.012, 1.719
1.000, 1.014, 1.703
1.000, 1.014, 1.718
1.000, 1.014, 1.717
1.000, 1.015, 1.701
1.000, 1.015, 1.716
1.000, 1.017, 1.684
1.000, 1.017, 1.714
1.000, 1.017, 1.713
1.000, 1.017, 1.712
1.000, 1.017, 1.712
1.000, 1.018, 1.695
1.000, 1.017, 1.726
1.000, 1.017, 1.710
1.000, 1.017, 1.709
1.000, 1.017, 1.708
1.000, 1.017, 1.708
1.000, 1.015, 1.739
1.000, 1.015, 1.708
1.000, 1.014, 1.723
1.000, 1.012, 1.723
1.000, 1.012, 1.707
1.000, 1.010, 1.738
1.000, 1.010, 1.707
1.000, 1.009, 1.722
1.000, 1.009, 1.707
1.000, 1.009, 1.706
1.000, 1.009, 1.706
1.000, 1.008, 1.721
1.000, 1.009, 1.690
1.000, 1.009, 1.705
1.000, 1.009, 1.705
1.000, 1.009, 1.704
1.000, 1.009, 1.704
1.000, 1.009, 1.704
1.000, 1.009, 1.703
1.000, 1.009, 1.703
1.000, 1.009, 1.703
1.000, 1.008, 1.718
1.000, 1.008, 1.702
1.000, 1.008, 1.702
1.000, 1.006, 1.734
1.000, 1.006, 1.703
1.000, 1.004, 1.718
1.000, 1.004, 1.703
1.000, 1.003, 1.718
1.000, 1.003, 1.703
1.000, 1.001, 1.734
1.000, 1.001, 1.704
1.000, 1.000, 1.719
1.000, 1.000, 1.704
1.000, 0.999, 1.720
1.000, 0.996, 1.736
1.000, 0.995, 1.721
1.000, 0.995, 1.706
1.000, 0.994, 1.722
1.000, 0.994, 1.707
1.000, 0.992, 1.739
1.000, 0.992, 1.708
1.000, 0.992, 1.709
1.000, 0.991, 1.725
1.000, 0.991, 1.710
1.000, 0.991, 1.710
1.000, 0.991, 1.711
1.000, 0.989, 1.727
1.000, 0.989, 1.712
1.000, 0.989, 1.712
1.000, 0.989, 1.713
1.000, 0.989, 1.713
1.000, 0.987, 1.745
1.000, 0.987, 1.715
1.000, 0.987, 1.715
1.000, 0.987, 1.716
1.000, 0.987, 1.716
1.000, 0.987, 1.717
1.000, 0.987, 1.717
1.000, 0.987, 1.718
1.000, 0.986, 1.734
1.000, 0.986, 1.719
1.000, 0.985, 1.735
1.000, 0.985, 1.721
1.000, 0.985, 1.721
1.000, 0.985, 1.722
1.000, 0.985, 1.722
1.000, 0.985, 1.723
1.000, 0.985, 1.724
1.000, 0.985, 1.724
1.000, 0.985, 1.725
1.000, 0.986, 1.709
1.000, 0.986, 1.725
1.000, 0.987, 1.710
1.000, 0.989, 1.694
1.000, 0.989, 1.725
1.000, 0.991, 1.710
1.000, 0.992, 1.710
1.000, 0.994, 1.694
1.000, 0.994, 1.725
1.000, 0.995, 1.709
1.000, 0.996, 1.709
1.000, 0.999, 1.693
1.000, 0.999, 1.724
1.000, 1.000, 1.708
1.000, 1.000, 1.723
1.000, 1.001, 1.707
1.000, 1.001, 1.723
1.000, 1.001, 1.723
1.000, 1.001, 1.723
1.000, 1.001, 1.723
1.000, 1.000, 1.739
1.000, 1.000, 1.723
1.000, 1.000, 1.723
1.000, 1.000, 1.723
1.000, 1.000, 1.723
1.000, 1.000, 1.723
1.000, 1.000, 1.723
1.000, 1.000, 1.723
1.000, 1.000, 1.723
1.000, 1.000, 1.723
1.000, 1.000, 1.723
1.000, 1.000, 1.723
1.000, 1.000, 1.723
1.000, 1.000, 1.723
1.000, 1.000, 1.723
1.000, 0.999, 1.739
1.000, 0.999, 1.724
1.000, 0.999, 1.724
1.000, 0.996, 1.756
1.000, 0.996, 1.725
1.000, 0.995, 1.741
1.000, 0.995, 1.726
1.000, 0.995, 1.726
1.000, 0.995, 1.726
1.000, 0.994, 1.742
1.000, 0.994, 1.727
1.000, 0.994, 1.727
1.000, 0.994, 1.727
1.000, 0.994, 1.728
1.000, 0.994, 1.728
1.000, 0.994, 1.728
1.000, 0.994, 1.728
1.000, 0.994, 1.728
1.000, 0.995, 1.713
1.000, 0.995, 1.728
1.000, 0.995, 1.729
1.000, 0.995, 1.729
1.000, 0.995, 1.729
1.000, 0.996, 1.713
1.000, 0.996, 1.729
1.000, 0.996, 1.729
1.000, 0.996, 1.729
1.000, 0.996, 1.729
1.000, 0.996, 1.729
1.000, 0.996, 1.730
1.000, 0.999, 1.698
1.000, 0.999, 1.729
1.000, 1.000, 1.713
1.000, 1.000, 1.728
1.000, 1.001, 1.713
1.000, 1.001, 1.728
1.000, 1.003, 1.696
1.000, 1.004, 1.711
1.000, 1.004, 1.726
1.000, 1.006, 1.710
1.000, 1.006, 1.725
1.000, 1.008, 1.694
1.000, 1.009, 1.708
1.000, 1.009, 1.723
1.000, 1.010, 1.707
1.000, 1.010, 1.722
1.000, 1.012, 1.690
1.000, 1.012, 1.720
1.000, 1.012, 1.720
1.000, 1.012, 1.719
1.000, 1.012, 1.719
1.000, 1.012, 1.719
1.000, 1.012, 1.718
1.000, 1.010, 1.749
1.000, 1.010, 1.718
1.000, 1.009, 1.734
1.000, 1.009, 1.718
1.000, 1.009, 1.717
1.000, 1.009, 1.717
1.000, 1.008, 1.733
1.000, 1.008, 1.717
1.000, 1.008, 1.717
1.000, 1.006, 1.748
1.000, 1.004, 1.733
1.000, 1.004, 1.717
1.000, 1.003, 1.733
1.000, 1.003, 1.718
1.000, 1.001, 1.749
1.000, 1.000, 1.734
1.000, 1.000, 1.719
1.000, 0.999, 1.735
1.000, 0.999, 1.719
1.000, 0.996, 1.751
1.000, 0.996, 1.720
1.000, 0.996, 1.720
1.000, 0.996, 1.721
1.000, 0.999, 1.689
1.000, 0.999, 1.720
1.000, 0.999, 1.720
1.000, 1.000, 1.704
1.000, 1.000, 1.720
1.000, 1.000, 1.720
1.000, 1.001, 1.704
1.000, 1.001, 1.719
1.000, 1.001, 1.719
1.000, 1.003, 1.687
1.000, 1.003, 1.718
1.000, 1.003, 1.718
1.000, 1.004, 1.702
1.000, 1.004, 1.717
1.000, 1.004, 1.717
1.000, 1.004, 1.717
1.000, 1.004, 1.717
1.000, 1.004, 1.716
1.000, 1.004, 1.716
1.000, 1.004, 1.716
1.000, 1.004, 1.716
1.000, 1.004, 1.716
1.000, 1.004, 1.716
1.000, 1.004, 1.715
1.000, 1.003, 1.731
1.000, 1.003, 1.716
1.000, 1.001, 1.747
1.000, 1.001, 1.716
1.000, 1.000, 1.732
1.000, 1.000, 1.717
1.000, 0.999, 1.733
1.000, 0.999, 1.717
1.000, 0.996, 1.749
1.000, 0.996, 1.718
1.000, 0.996, 1.719
1.000, 0.996, 1.719
1.000, 0.996, 1.719
1.000, 0.996, 1.719
1.000, 0.999, 1.687
1.000, 0.999, 1.718
1.000, 0.999, 1.718
1.000, 1.000, 1.703
1.000, 1.001, 1.702
1.000, 1.003, 1.686
1.000, 1.003, 1.716
1.000, 1.004, 1.700
1.000, 1.006, 1.700
1.000, 1.008, 1.683
1.000, 1.009, 1.698
1.000, 1.010, 1.697
1.000, 1.012, 1.681
1.000, 1.012, 1.711
1.000, 1.014, 1.695
1.000, 1.015, 1.694
1.000, 1.015, 1.708
1.000, 1.015, 1.708
1.000, 1.014, 1.723
1.000, 1.014, 1.707
1.000, 1.014, 1.707
1.000, 1.012, 1.722
1.000, 1.012, 1.706
1.000, 1.010, 1.737
1.000, 1.009, 1.722
1.000, 1.008, 1.722
1.000, 1.006, 1.738
1.000, 1.004, 1.723
1.000, 1.003, 1.723
1.000, 1.000, 1.755
1.000, 0.999, 1.725
1.000, 0.996, 1.741
1.000, 0.996, 1.711
1.000, 0.995, 1.727
1.000, 0.994, 1.727
1.000, 0.994, 1.712
1.000, 0.992, 1.744
1.000, 0.992, 1.714
1.000, 0.991, 1.730
1.000, 0.991, 1.715
1.000, 0.991, 1.715
1.000, 0.991, 1.715
1.000, 0.991, 1.716
1.000, 0.991, 1.716
1.000, 0.991, 1.716
1.000, 0.991, 1.717
1.000, 0.991, 1.717
1.000, 0.991, 1.718
1.000, 0.991, 1.718
1.000, 0.991, 1.718
1.000, 0.991, 1.719
1.000, 0.991, 1.719
1.000, 0.991, 1.719
1.000, 0.991, 1.720
1.000, 0.989, 1.736
1.000, 0.989, 1.721
1.000, 0.987, 1.753
1.000, 0.987, 1.723
1.000, 0.986, 1.739
1.000, 0.986, 1.724
1.000, 0.985, 1.740
1.000, 0.985, 1.726
1.000, 0.985, 1.726
1.000, 0.986, 1.711
1.000, 0.986, 1.727
1.000, 0.986, 1.727
1.000, 0.987, 1.712
1.000, 0.987, 1.728
1.000, 0.989, 1.697
1.000, 0.989, 1.728
1.000, 0.989, 1.728
1.000, 0.989, 1.729
1.000, 0.991, 1.713
1.000, 0.991, 1.729
1.000, 0.991, 1.729
1.000, 0.991, 1.730
1.000, 0.991, 1.730
1.000, 0.992, 1.715
1.000, 0.992, 1.730
1.000, 0.992, 1.731
1.000, 0.994, 1.699
1.000, 0.994, 1.730
1.000, 0.995, 1.715
1.000, 0.995, 1.730
1.000, 0.995, 1.730
1.000, 0.996, 1.715
1.000, 0.996, 1.730
1.000, 0.999, 1.699
1.000, 0.999, 1.730
1.000, 0.999, 1.730
1.000, 0.999, 1.730
1.000, 1.000, 1.714
1.000, 1.000, 1.729
1.000, 1.000, 1.729
1.000, 1.000, 1.729
1.000, 1.000, 1.729
1.000, 1.000, 1.729
1.000, 1.000, 1.729
1.000, 1.000, 1.729
1.000, 1.000, 1.729
1.000, 1.000, 1.729
1.000, 1.000, 1.729
1.000, 1.000, 1.729
1.000, 1.001, 1.714
1.000, 1.001, 1.729
1.000, 1.001, 1.729
1.000, 1.001, 1.729
1.000, 1.001, 1.729
1.000, 1.003, 1.697
1.000, 1.003, 1.728
1.000, 1.003, 1.728
1.000, 1.003, 1.728
1.000, 1.004, 1.712
1.000, 1.004, 1.727
1.000, 1.004, 1.727
1.000, 1.004, 1.726
1.000, 1.004, 1.726
1.000, 1.004, 1.726
1.000, 1.004, 1.726
1.000, 1.004, 1.726
1.000, 1.004, 1.726
1.000, 1.004, 1.725
1.000, 1.004, 1.725
1.000, 1.006, 1.709
0.350, 1.006, 1.700
0.350, 1.006, 1.675
0.350, 1.006, 1.651
0.350, 1.008, 1.594
0.350, 1.008, 1.600
0.350, 1.008, 1.576
0.350, 1.008, 1.551
0.350, 1.008, 1.526
0.350, 1.006, 1.533
0.350, 1.004, 1.493
0.350, 1.001, 1.501
0.350, 0.999, 1.462
0.350, 0.995, 1.454
0.350, 0.989, 1.463
0.350, 0.983, 1.457
0.350, 0.977, 1.420
0.350, 0.966, 1.462
0.350, 0.957, 1.427
0.350, 0.945, 1.455
0.350, 0.931, 1.454
0.350, 0.917, 1.437
0.350, 0.900, 1.469
0.350, 0.881, 1.470
0.350, 0.863, 1.458
0.350, 0.842, 1.477
0.350, 0.820, 1.483
0.350, 0.798, 1.473
0.350, 0.774, 1.497
0.350, 0.750, 1.490
0.350, 0.727, 1.469
0.350, 0.702, 1.495
0.350, 0.678, 1.476
0.350, 0.653, 1.473
0.350, 0.630, 1.455
0.350, 0.607, 1.454
0.350, 0.584, 1.453
0.350, 0.563, 1.437
0.350, 0.543, 1.406
0.350, 0.522, 1.422
0.350, 0.504, 1.392
0.350, 0.486, 1.394
0.350, 0.469, 1.364
0.350, 0.453, 1.366
0.350, 0.439, 1.336
0.350, 0.428, 1.307
0.350, 0.415, 1.324
0.350, 0.406, 1.279
0.350, 0.397, 1.281
0.350, 0.389, 1.267
0.350, 0.384, 1.221
0.350, 0.380, 1.221
0.350, 0.375, 1.222
0.350, 0.374, 1.175
0.350, 0.373, 1.175
0.350, 0.370, 1.190
0.350, 0.370, 1.159
0.350, 0.373, 1.126
0.350, 0.374, 1.141
0.350, 0.375, 1.139
0.350, 0.379, 1.106
0.350, 0.382, 1.104
0.350, 0.384, 1.117
0.350, 0.388, 1.099
0.350, 0.391, 1.096
0.350, 0.393, 1.109
0.350, 0.397, 1.091
0.350, 0.400, 1.088
0.350, 0.403, 1.100
0.350, 0.405, 1.097
0.350, 0.406, 1.110
0.350, 0.407, 1.108
0.350, 0.410, 1.089
0.350, 0.410, 1.118
0.350, 0.407, 1.147
0.350, 0.407, 1.114
0.350, 0.405, 1.144
0.350, 0.403, 1.143
0.350, 0.400, 1.141
0.350, 0.397, 1.156
0.350, 0.392, 1.172
0.350, 0.389, 1.156
0.350, 0.384, 1.172
0.350, 0.380, 1.172
0.350, 0.375, 1.173
0.350, 0.370, 1.174
0.350, 0.366, 1.175
0.350, 0.361, 1.176
0.350, 0.357, 1.177
0.350, 0.352, 1.179
0.350, 0.347, 1.181
0.350, 0.343, 1.183
0.350, 0.338, 1.185
0.350, 0.334, 1.187
0.350, 0.331, 1.158
0.350, 0.327, 1.191
0.350, 0.324, 1.162
0.350, 0.322, 1.164
0.350, 0.319, 1.182
0.350, 0.315, 1.184
0.350, 0.314, 1.155
0.350, 0.314, 1.141
0.350, 0.313, 1.158
0.350, 0.313, 1.144
0.350, 0.311, 1.177
0.350, 0.313, 1.116
0.350, 0.313, 1.149
0.350, 0.314, 1.134
0.350, 0.315, 1.135
0.350, 0.315, 1.152
0.350, 0.319, 1.106
0.350, 0.322, 1.105
0.350, 0.323, 1.137
0.350, 0.327, 1.106
0.350, 0.329, 1.121
0.350, 0.332, 1.105
0.350, 0.336, 1.104
0.350, 0.338, 1.119
0.350, 0.342, 1.103
0.350, 0.345, 1.102
0.350, 0.346, 1.133
0.350, 0.350, 1.101
0.350, 0.352, 1.115
0.350, 0.354, 1.114
0.350, 0.357, 1.113
0.350, 0.359, 1.112
0.350, 0.360, 1.126
0.350, 0.360, 1.141
0.350, 0.361, 1.125
0.350, 0.364, 1.109
0.350, 0.364, 1.139
0.350, 0.364, 1.138
0.350, 0.364, 1.138
0.350, 0.364, 1.137
0.350, 0.364, 1.137
0.350, 0.361, 1.168
0.350, 0.361, 1.137
0.350, 0.360, 1.152
0.350, 0.359, 1.152
0.350, 0.357, 1.168
0.350, 0.356, 1.153
0.350, 0.354, 1.153
0.350, 0.354, 1.138
0.350, 0.351, 1.185
0.350, 0.351, 1.139
0.350, 0.350, 1.155
0.350, 0.347, 1.171
0.350, 0.346, 1.156
0.350, 0.345, 1.157
0.350, 0.345, 1.141
0.350, 0.343, 1.173
0.350, 0.343, 1.143
0.350, 0.343, 1.143
0.350, 0.343, 1.143
0.350, 0.343, 1.144
0.350, 0.343, 1.144
0.350, 0.343, 1.144
0.350, 0.343, 1.144
0.350, 0.343, 1.145
0.350, 0.345, 1.113
0.350, 0.345, 1.144
0.350, 0.345, 1.144
0.350, 0.346, 1.129
0.350, 0.347, 1.128
0.350, 0.347, 1.144
0.350, 0.350, 1.112
0.350, 0.351, 1.127
0.350, 0.352, 1.127
0.350, 0.352, 1.142
0.350, 0.354, 1.110
0.350, 0.356, 1.125
0.350, 0.357, 1.125
0.350, 0.357, 1.140
0.350, 0.359, 1.108
0.350, 0.359, 1.138
0.350, 0.359, 1.138
0.350, 0.360, 1.122
0.350, 0.360, 1.137
0.350, 0.360, 1.136
0.350, 0.360, 1.136
0.350, 0.360, 1.136
0.350, 0.360, 1.135
0.350, 0.360, 1.135
0.350, 0.360, 1.134
0.350, 0.360, 1.134
0.350, 0.360, 1.134
0.350, 0.359, 1.149
0.350, 0.359, 1.133
0.350, 0.359, 1.133
0.350, 0.359, 1.133
0.350, 0.357, 1.164
0.350, 0.357, 1.133
0.350, 0.356, 1.149
0.350, 0.354, 1.149
0.350, 0.354, 1.133
0.350, 0.352, 1.165
0.350, 0.352, 1.134
0.350, 0.351, 1.150
0.350, 0.351, 1.134
0.350, 0.350, 1.150
0.350, 0.347, 1.166
0.350, 0.347, 1.136
0.350, 0.347, 1.136
0.350, 0.346, 1.152
0.350, 0.346, 1.136
0.350, 0.345, 1.152
0.350, 0.345, 1.137
0.350, 0.345, 1.137
0.350, 0.345, 1.138
0.350, 0.345, 1.138
0.350, 0.345, 1.138
0.350, 0.345, 1.138
0.350, 0.346, 1.122
0.350, 0.346, 1.138
0.350, 0.347, 1.122
0.350, 0.347, 1.138
0.350, 0.347, 1.138
0.350, 0.350, 1.106
0.350, 0.350, 1.137
0.350, 0.351, 1.121
0.350, 0.351, 1.137
0.350, 0.352, 1.121
0.350, 0.352, 1.136
0.350, 0.352, 1.136
0.350, 0.354, 1.104
0.350, 0.354, 1.135
0.350, 0.354, 1.135
0.350, 0.354, 1.135
0.350, 0.356, 1.119
0.350, 0.356, 1.134
0.350, 0.356, 1.133
0.350, 0.354, 1.149
0.350, 0.354, 1.134
0.350, 0.354, 1.133
0.350, 0.354, 1.133
0.350, 0.352, 1.165
0.350, 0.352, 1.134
0.350, 0.351, 1.150
0.350, 0.350, 1.150
0.350, 0.350, 1.135
0.350, 0.347, 1.166
0.350, 0.346, 1.152
0.350, 0.345, 1.152
0.350, 0.345, 1.137
0.350, 0.343, 1.169
0.350, 0.343, 1.138
0.350, 0.342, 1.154
0.350, 0.342, 1.139
0.350, 0.341, 1.155
0.350, 0.341, 1.140
0.350, 0.338, 1.172
0.350, 0.338, 1.142
0.350, 0.338, 1.143
0.350, 0.338, 1.143
0.350, 0.338, 1.143
0.350, 0.338, 1.144
0.350, 0.338, 1.144
0.350, 0.338, 1.145
0.350, 0.338, 1.145
0.350, 0.338, 1.146
0.350, 0.341, 1.114
0.350, 0.341, 1.146
0.350, 0.342, 1.130
0.350, 0.342, 1.146
0.350, 0.343, 1.130
0.350, 0.343, 1.146
0.350, 0.345, 1.115
0.350, 0.345, 1.145
0.350, 0.346, 1.130
0.350, 0.347, 1.130
0.350, 0.347, 1.145
0.350, 0.350, 1.113
0.350, 0.350, 1.144
0.350, 0.350, 1.144
0.350, 0.351, 1.128
0.350, 0.351, 1.144
0.350, 0.351, 1.144
0.350, 0.351, 1.144
0.350, 0.351, 1.144
0.350, 0.352, 1.128
0.350, 0.352, 1.143
0.350, 0.352, 1.143
0.350, 0.351, 1.159
0.350, 0.351, 1.143
0.350, 0.351, 1.143
0.350, 0.351, 1.143
0.350, 0.351, 1.143
0.350, 0.351, 1.143
0.350, 0.351, 1.143
0.350, 0.350, 1.159
0.350, 0.350, 1.144
0.350, 0.350, 1.144
0.350, 0.347, 1.175
0.350, 0.347, 1.145
0.350, 0.347, 1.145
0.350, 0.347, 1.145
0.350, 0.347, 1.145
0.350, 0.347, 1.145
0.350, 0.347, 1.145
0.350, 0.347, 1.145
0.350, 0.347, 1.145
0.350, 0.347, 1.145
0.350, 0.347, 1.145
0.350, 0.347, 1.146
0.350, 0.347, 1.146
0.350, 0.347, 1.146
0.350, 0.347, 1.146
0.350, 0.347, 1.146
0.350, 0.347, 1.146
0.350, 0.350, 1.114
0.350, 0.350, 1.145
0.350, 0.350, 1.145
0.350, 0.350, 1.145
0.350, 0.351, 1.129
0.350, 0.351, 1.145
0.350, 0.351, 1.145
0.350, 0.351, 1.145
0.350, 0.351, 1.145
0.350, 0.351, 1.145
0.350, 0.351, 1.145
0.350, 0.351, 1.145
0.350, 0.350, 1.160
0.350, 0.350, 1.145
0.350, 0.350, 1.145
0.350, 0.350, 1.145
0.350, 0.347, 1.177
0.350, 0.347, 1.146
0.350, 0.347, 1.146
0.350, 0.347, 1.146
0.350, 0.347, 1.146
0.350, 0.346, 1.162
0.350, 0.346, 1.147
0.350, 0.346, 1.147
0.350, 0.346, 1.147
0.350, 0.345, 1.163
0.350, 0.346, 1.132
0.350, 0.346, 1.148
0.350, 0.346, 1.148
0.350, 0.346, 1.148
0.350, 0.346, 1.148
0.350, 0.346, 1.148
0.350, 0.347, 1.133
0.350, 0.347, 1.148
0.350, 0.347, 1.148
0.350, 0.347, 1.148
0.350, 0.350, 1.117
0.350, 0.350, 1.147
0.350, 0.350, 1.147
0.350, 0.350, 1.148
0.350, 0.351, 1.132
0.350, 0.351, 1.147
0.350, 0.351, 1.147
0.350, 0.351, 1.147
0.350, 0.351, 1.147
0.350, 0.351, 1.147
0.350, 0.352, 1.131
0.350, 0.351, 1.162
0.350, 0.352, 1.131
0.350, 0.352, 1.146
0.350, 0.352, 1.146
0.350, 0.352, 1.146
0.350, 0.352, 1.146
0.350, 0.352, 1.146
0.350, 0.351, 1.162
0.350, 0.351, 1.146
0.350, 0.351, 1.146
0.350, 0.351, 1.146
0.350, 0.351, 1.146
0.350, 0.351, 1.146
0.350, 0.351, 1.146
0.350, 0.351, 1.146
0.350, 0.350, 1.162
0.350, 0.350, 1.146
0.350, 0.350, 1.146
0.350, 0.350, 1.146
0.350, 0.350, 1.147
0.350, 0.347, 1.178
0.350, 0.347, 1.148
0.350, 0.347, 1.148
0.350, 0.347, 1.148
0.350, 0.347, 1.148
0.350, 0.347, 1.148
0.350, 0.347, 1.148
0.350, 0.347, 1.148
0.350, 0.346, 1.164
0.350, 0.346, 1.149
0.350, 0.346, 1.149
0.350, 0.346, 1.149
0.350, 0.346, 1.149
0.350, 0.346, 1.149
0.350, 0.346, 1.149
0.350, 0.346, 1.150
0.350, 0.346, 1.150
0.350, 0.346, 1.150
0.350, 0.346, 1.150
0.350, 0.346, 1.150
0.350, 0.346, 1.150
0.350, 0.346, 1.150
0.350, 0.347, 1.135
0.350, 0.347, 1.150
0.350, 0.347, 1.150
0.350, 0.347, 1.150
0.350, 0.347, 1.151
0.350, 0.347, 1.151
0.350, 0.347, 1.151
0.350, 0.350, 1.119
0.350, 0.350, 1.150
0.350, 0.350, 1.150
0.350, 0.350, 1.150
0.350, 0.350, 1.150
0.350, 0.350, 1.150
0.350, 0.350, 1.150
0.350, 0.350, 1.150
0.350, 0.347, 1.182
0.350, 0.347, 1.151
0.350, 0.347, 1.151
0.350, 0.347, 1.151
0.350, 0.347, 1.151
0.350, 0.347, 1.151
0.350, 0.347, 1.151
0.350, 0.347, 1.152
0.350, 0.347, 1.152
0.350, 0.347, 1.152
0.350, 0.347, 1.152
0.350, 0.347, 1.152
0.350, 0.347, 1.152
0.350, 0.346, 1.168
0.350, 0.347, 1.137
0.350, 0.347, 1.152
0.350, 0.347, 1.152
0.350, 0.347, 1.153
0.350, 0.347, 1.153
0.350, 0.347, 1.153
0.350, 0.347, 1.153
0.350, 0.347, 1.153
0.350, 0.347, 1.153
0.350, 0.347, 1.153
0.350, 0.347, 1.153
0.350, 0.347, 1.153
0.350, 0.347, 1.153
0.350, 0.347, 1.154
0.350, 0.350, 1.122
0.350, 0.350, 1.153
0.350, 0.350, 1.153
0.350, 0.350, 1.153
0.350, 0.351, 1.137
0.350, 0.351, 1.152
0.350, 0.351, 1.152
0.350, 0.351, 1.152
0.350, 0.351, 1.152
0.350, 0.352, 1.136
0.350, 0.352, 1.152
0.350, 0.352, 1.152
0.350, 0.352, 1.151
0.350, 0.354, 1.120
0.350, 0.354, 1.150
0.350, 0.354, 1.150
0.350, 0.354, 1.150
0.350, 0.354, 1.150
0.350, 0.356, 1.134
0.350, 0.356, 1.149
0.350, 0.356, 1.149
0.350, 0.356, 1.149
0.350, 0.356, 1.148
0.350, 0.356, 1.148
0.350, 0.356, 1.148
0.350, 0.356, 1.148
0.350, 0.356, 1.148
0.350, 0.354, 1.163
0.350, 0.354, 1.148
0.350, 0.354, 1.147
0.350, 0.354, 1.147
0.350, 0.352, 1.179
0.350, 0.352, 1.148
0.350, 0.352, 1.148
0.350, 0.351, 1.164
0.350, 0.351, 1.148
0.350, 0.351, 1.148
0.350, 0.350, 1.164
0.350, 0.350, 1.149
0.350, 0.350, 1.149
0.350, 0.350, 1.149
0.350, 0.347, 1.180
0.350, 0.347, 1.150
0.350, 0.347, 1.150
0.350, 0.347, 1.150
0.350, 0.347, 1.150
0.350, 0.347, 1.150
0.350, 0.347, 1.150
0.350, 0.347, 1.150
0.350, 0.347, 1.150
0.350, 0.346, 1.166
0.350, 0.347, 1.135
0.350, 0.347, 1.151
0.350, 0.347, 1.151
0.350, 0.347, 1.151
0.350, 0.347, 1.151
0.350, 0.347, 1.151
0.350, 0.347, 1.151
0.350, 0.350, 1.120
0.350, 0.350, 1.150
0.350, 0.350, 1.150
0.350, 0.351, 1.135
0.350, 0.351, 1.150
0.350, 0.351, 1.150
0.350, 0.351, 1.150
0.350, 0.352, 1.134
0.350, 0.352, 1.149
0.350, 0.352, 1.149
0.350, 0.352, 1.149
0.350, 0.352, 1.149
0.350, 0.352, 1.149
0.350, 0.352, 1.149
0.350, 0.352, 1.149
0.350, 0.352, 1.149
0.350, 0.352, 1.149
0.350, 0.352, 1.149
0.350, 0.352, 1.148
0.350, 0.351, 1.164
0.350, 0.351, 1.149
0.350, 0.351, 1.149
0.350, 0.351, 1.149
0.350, 0.351, 1.149
0.350, 0.351, 1.149
0.350, 0.351, 1.149
0.350, 0.351, 1.149
0.350, 0.351, 1.149
0.350, 0.351, 1.149
0.350, 0.351, 1.149
0.350, 0.351, 1.148
0.350, 0.351, 1.148
0.350, 0.351, 1.148
0.350, 0.351, 1.148
0.350, 0.351, 1.148
0.350, 0.351, 1.148
0.350, 0.351, 1.148
0.350, 0.351, 1.148
0.350, 0.351, 1.148
0.350, 0.352, 1.132
0.350, 0.352, 1.148
0.350, 0.352, 1.148
0.350, 0.352, 1.147
0.350, 0.352, 1.147
0.350, 0.354, 1.116
0.350, 0.354, 1.146
0.350, 0.354, 1.146
0.350, 0.354, 1.146
0.350, 0.354, 1.146
0.350, 0.354, 1.146
0.350, 0.354, 1.145
0.350, 0.352, 1.177
0.350, 0.352, 1.146
0.350, 0.352, 1.146
0.350, 0.352, 1.146
0.350, 0.352, 1.146
0.350, 0.352, 1.146
0.350, 0.352, 1.146
0.350, 0.352, 1.146
0.350, 0.352, 1.146
0.350, 0.351, 1.161
0.350, 0.352, 1.130
0.350, 0.351, 1.161
0.350, 0.351, 1.146
0.350, 0.351, 1.146
0.350, 0.351, 1.146
0.350, 0.351, 1.146
0.350, 0.351, 1.146
0.350, 0.351, 1.146
0.350, 0.351, 1.146
0.350, 0.351, 1.146
0.350, 0.351, 1.146
0.350, 0.351, 1.145
0.350, 0.351, 1.145
0.350, 0.351, 1.145
0.350, 0.351, 1.145
0.350, 0.351, 1.145
0.350, 0.351, 1.145
0.350, 0.351, 1.145
0.350, 0.351, 1.145
0.350, 0.351, 1.145
0.350, 0.351, 1.145
0.350, 0.351, 1.145
0.350, 0.351, 1.145
0.350, 0.351, 1.145
0.350, 0.351, 1.145
0.350, 0.351, 1.145
0.350, 0.351, 1.145
0.350, 0.351, 1.145
0.350, 0.351, 1.145
0.350, 0.351, 1.145
0.350, 0.351, 1.145
0.350, 0.351, 1.145
0.350, 0.351, 1.145
0.350, 0.351, 1.145
0.350, 0.351, 1.145
0.350, 0.351, 1.145
0.350, 0.351, 1.145
0.350, 0.351, 1.145
0.350, 0.351, 1.145
0.350, 0.351, 1.145
0.350, 0.351, 1.145
0.800, 0.351, 1.161
0.800, 0.351, 1.178
0.800, 0.351, 1.195
0.800, 0.351, 1.212
0.800, 0.351, 1.229
0.800, 0.352, 1.230
0.800, 0.352, 1.262
0.800, 0.352, 1.279
0.800, 0.354, 1.264
0.800, 0.354, 1.312
0.800, 0.357, 1.297
0.800, 0.357, 1.345
0.800, 0.360, 1.314
0.800, 0.361, 1.361
0.800, 0.365, 1.345
0.800, 0.368, 1.360
0.800, 0.373, 1.359
0.800, 0.377, 1.373
0.800, 0.382, 1.388
0.800, 0.389, 1.370
0.800, 0.396, 1.383
0.800, 0.403, 1.395
0.800, 0.411, 1.392
0.800, 0.420, 1.387
0.800, 0.429, 1.398
0.800, 0.438, 1.408
0.800, 0.449, 1.403
0.800, 0.460, 1.396
0.800, 0.472, 1.404
0.800, 0.483, 1.412
0.800, 0.495, 1.419
0.800, 0.507, 1.411
0.800, 0.520, 1.417
0.800, 0.530, 1.454
0.800, 0.543, 1.428
0.800, 0.555, 1.449
0.800, 0.567, 1.438
0.800, 0.578, 1.473
0.800, 0.590, 1.446
0.800, 0.601, 1.481
0.800, 0.613, 1.453
0.800, 0.624, 1.486
0.800, 0.635, 1.473
0.800, 0.645, 1.491
0.800, 0.656, 1.492
0.800, 0.667, 1.478
0.800, 0.676, 1.510
0.800, 0.686, 1.511
0.800, 0.695, 1.512
0.800, 0.702, 1.544
0.800, 0.711, 1.513
0.800, 0.719, 1.529
0.800, 0.727, 1.529
0.800, 0.734, 1.544
0.800, 0.741, 1.544
0.800, 0.747, 1.559
0.800, 0.752, 1.559
0.800, 0.759, 1.543
0.800, 0.764, 1.573
0.800, 0.769, 1.573
0.800, 0.773, 1.572
0.800, 0.778, 1.571
0.800, 0.780, 1.602
0.800, 0.785, 1.570
0.800, 0.788, 1.585
0.800, 0.793, 1.568
0.800, 0.796, 1.583
0.800, 0.798, 1.597
0.800, 0.802, 1.581
0.800, 0.803, 1.611
0.800, 0.806, 1.579
0.800, 0.808, 1.609
0.800, 0.811, 1.576
0.800, 0.812, 1.606
0.800, 0.815, 1.589
0.800, 0.816, 1.604
0.800, 0.817, 1.603
0.800, 0.819, 1.586
0.800, 0.820, 1.600
0.800, 0.820, 1.615
0.800, 0.821, 1.598
0.800, 0.821, 1.613
0.800, 0.821, 1.612
0.800, 0.821, 1.611
0.800, 0.821, 1.610
0.800, 0.821, 1.609
0.800, 0.820, 1.624
0.800, 0.820, 1.608
0.800, 0.819, 1.623
0.800, 0.819, 1.607
0.800, 0.817, 1.638
0.800, 0.817, 1.607
0.800, 0.816, 1.622
0.800, 0.816, 1.606
0.800, 0.816, 1.605
0.800, 0.816, 1.605
0.800, 0.816, 1.604
0.800, 0.816, 1.604
0.800, 0.816, 1.603
0.800, 0.816, 1.602
0.800, 0.815, 1.618
0.800, 0.815, 1.602
0.800, 0.816, 1.585
0.800, 0.816, 1.600
0.800, 0.816, 1.600
0.800, 0.816, 1.599
0.800, 0.816, 1.598
0.800, 0.816, 1.598
0.800, 0.816, 1.597
0.800, 0.816, 1.597
0.800, 0.815, 1.612
0.800, 0.815, 1.596
0.800, 0.815, 1.595
0.800, 0.815, 1.595
0.800, 0.815, 1.594
0.800, 0.812, 1.625
0.800, 0.812, 1.594
0.800, 0.812, 1.594
0.800, 0.812, 1.593
0.800, 0.812, 1.593
0.800, 0.812, 1.592
0.800, 0.811, 1.608
0.800, 0.811, 1.592
0.800, 0.811, 1.592
0.800, 0.811, 1.591
0.800, 0.811, 1.591
0.800, 0.811, 1.590
0.800, 0.811, 1.590
0.800, 0.811, 1.589
0.800, 0.810, 1.605
0.800, 0.810, 1.589
0.800, 0.811, 1.573
0.800, 0.810, 1.604
0.800, 0.810, 1.588
0.800, 0.810, 1.588
0.800, 0.810, 1.587
0.800, 0.810, 1.587
0.800, 0.810, 1.586
0.800, 0.808, 1.618
0.800, 0.808, 1.587
0.800, 0.808, 1.586
0.800, 0.806, 1.602
0.800, 0.806, 1.586
0.800, 0.805, 1.602
0.800, 0.803, 1.618
0.800, 0.803, 1.587
0.800, 0.802, 1.603
0.800, 0.802, 1.587
0.800, 0.802, 1.587
0.800, 0.801, 1.603
0.800, 0.801, 1.588
0.800, 0.801, 1.588
0.800, 0.798, 1.619
0.800, 0.798, 1.589
0.800, 0.797, 1.604
0.800, 0.797, 1.589
0.800, 0.797, 1.589
0.800, 0.797, 1.589
0.800, 0.797, 1.589
0.800, 0.797, 1.590
0.800, 0.797, 1.590
0.800, 0.798, 1.574
0.800, 0.798, 1.589
0.800, 0.798, 1.589
0.800, 0.801, 1.558
0.800, 0.798, 1.620
0.800, 0.801, 1.558
0.800, 0.801, 1.589
0.800, 0.802, 1.573
0.800, 0.802, 1.588
0.800, 0.802, 1.588
0.800, 0.802, 1.588
0.800, 0.803, 1.572
0.800, 0.803, 1.587
0.800, 0.803, 1.587
0.800, 0.803, 1.587
0.800, 0.805, 1.555
0.800, 0.805, 1.586
0.800, 0.805, 1.586
0.800, 0.805, 1.585
0.800, 0.805, 1.585
0.800, 0.805, 1.585
0.800, 0.805, 1.585
0.800, 0.805, 1.585
0.800, 0.805, 1.584
0.800, 0.805, 1.584
0.800, 0.803, 1.616
0.800, 0.803, 1.585
0.800, 0.803, 1.585
0.800, 0.803, 1.585
0.800, 0.803, 1.584
0.800, 0.803, 1.584
0.800, 0.803, 1.584
0.800, 0.803, 1.584
0.800, 0.802, 1.600
0.800, 0.802, 1.584
0.800, 0.802, 1.584
0.800, 0.802, 1.584
0.800, 0.802, 1.584
0.800, 0.801, 1.600
0.800, 0.801, 1.584
0.800, 0.801, 1.584
0.800, 0.801, 1.584
0.800, 0.801, 1.584
0.800, 0.798, 1.616
0.800, 0.798, 1.585
0.800, 0.798, 1.585
0.800, 0.797, 1.601
0.800, 0.797, 1.586
0.800, 0.797, 1.586
0.800, 0.796, 1.602
0.800, 0.796, 1.587
0.800, 0.796, 1.587
0.800, 0.794, 1.619
0.800, 0.794, 1.588
0.800, 0.794, 1.588
0.800, 0.794, 1.589
0.800, 0.794, 1.589
0.800, 0.794, 1.589
0.800, 0.794, 1.589
0.800, 0.794, 1.590
0.800, 0.794, 1.590
0.800, 0.796, 1.558
0.800, 0.796, 1.589
0.800, 0.796, 1.589
0.800, 0.797, 1.574
0.800, 0.797, 1.589
0.800, 0.798, 1.574
0.800, 0.798, 1.589
0.800, 0.801, 1.557
0.800, 0.801, 1.588
0.800, 0.802, 1.572
0.800, 0.802, 1.588
0.800, 0.803, 1.572
0.800, 0.803, 1.587
0.800, 0.803, 1.587
0.800, 0.803, 1.587
0.800, 0.803, 1.587
0.800, 0.805, 1.555
0.800, 0.805, 1.585
0.800, 0.805, 1.585
0.800, 0.803, 1.617
0.800, 0.803, 1.586
0.800, 0.803, 1.586
0.800, 0.803, 1.586
0.800, 0.802, 1.601
0.800, 0.802, 1.586
0.800, 0.802, 1.586
0.800, 0.801, 1.601
0.800, 0.801, 1.586
0.800, 0.798, 1.618
0.800, 0.798, 1.587
0.800, 0.798, 1.587
0.800, 0.798, 1.587
0.800, 0.798, 1.587
0.800, 0.797, 1.603
0.800, 0.797, 1.588
0.800, 0.797, 1.588
0.800, 0.797, 1.588
0.800, 0.797, 1.588
0.800, 0.797, 1.588
0.800, 0.797, 1.588
0.800, 0.797, 1.588
0.800, 0.797, 1.589
0.800, 0.796, 1.604
0.800, 0.796, 1.589
0.800, 0.797, 1.574
0.800, 0.796, 1.605
0.800, 0.796, 1.590
0.800, 0.797, 1.574
0.800, 0.796, 1.605
0.800, 0.797, 1.574
0.800, 0.797, 1.590
0.800, 0.797, 1.590
0.800, 0.797, 1.590
0.800, 0.797, 1.590
0.800, 0.797, 1.590
0.800, 0.798, 1.574
0.800, 0.798, 1.590
0.800, 0.798, 1.590
0.800, 0.801, 1.558
0.800, 0.801, 1.589
0.800, 0.801, 1.589
0.800, 0.801, 1.589
0.800, 0.802, 1.573
0.800, 0.802, 1.588
0.800, 0.802, 1.588
0.800, 0.802, 1.588
0.800, 0.803, 1.572
0.800, 0.803, 1.588
0.800, 0.803, 1.587
0.800, 0.805, 1.556
0.800, 0.805, 1.586
0.800, 0.805, 1.586
0.800, 0.805, 1.586
0.800, 0.805, 1.586
0.800, 0.805, 1.585
0.800, 0.805, 1.585
0.800, 0.805, 1.585
0.800, 0.803, 1.616
0.800, 0.803, 1.586
0.800, 0.803, 1.586
0.800, 0.802, 1.601
0.800, 0.802, 1.586
0.800, 0.802, 1.586
0.800, 0.801, 1.601
0.800, 0.801, 1.586
0.800, 0.801, 1.586
0.800, 0.798, 1.618
0.800, 0.798, 1.587
0.800, 0.798, 1.587
0.800, 0.797, 1.603
0.800, 0.797, 1.588
0.800, 0.797, 1.588
0.800, 0.797, 1.588
0.800, 0.798, 1.572
0.800, 0.798, 1.588
0.800, 0.798, 1.588
0.800, 0.798, 1.588
0.800, 0.798, 1.588
0.800, 0.801, 1.556
0.800, 0.801, 1.587
0.800, 0.801, 1.587
0.800, 0.801, 1.587
0.800, 0.801, 1.587
0.800, 0.801, 1.587
0.800, 0.801, 1.587
0.800, 0.801, 1.587
0.800, 0.801, 1.587
0.800, 0.798, 1.618
0.800, 0.798, 1.588
0.800, 0.798, 1.588
0.800, 0.797, 1.604
0.800, 0.797, 1.588
0.800, 0.797, 1.588
0.800, 0.796, 1.604
0.800, 0.796, 1.589
0.800, 0.796, 1.589
0.800, 0.794, 1.621
0.800, 0.794, 1.590
0.800, 0.794, 1.591
0.800, 0.794, 1.591
0.800, 0.794, 1.591
0.800, 0.794, 1.591
0.800, 0.793, 1.607
0.800, 0.794, 1.577
0.800, 0.794, 1.592
0.800, 0.794, 1.592
0.800, 0.796, 1.561
0.800, 0.796, 1.592
0.800, 0.797, 1.576
0.800, 0.798, 1.576
0.800, 0.798, 1.591
0.800, 0.801, 1.560
0.800, 0.802, 1.575
0.800, 0.802, 1.590
0.800, 0.802, 1.590
0.800, 0.803, 1.574
0.800, 0.803, 1.589
0.800, 0.803, 1.589
0.800, 0.803, 1.589
0.800, 0.803, 1.589
0.800, 0.805, 1.557
0.800, 0.805, 1.588
0.800, 0.803, 1.619
0.800, 0.805, 1.557
0.800, 0.803, 1.619
0.800, 0.803, 1.588
0.800, 0.803, 1.588
0.800, 0.802, 1.603
0.800, 0.802, 1.588
0.800, 0.802, 1.588
0.800, 0.802, 1.588
0.800, 0.802, 1.588
0.800, 0.801, 1.604
0.800, 0.801, 1.588
0.800, 0.801, 1.588
0.800, 0.801, 1.588
0.800, 0.801, 1.588
0.800, 0.801, 1.588
0.800, 0.801, 1.588
0.800, 0.801, 1.588
0.800, 0.801, 1.588
0.800, 0.801, 1.588
0.800, 0.801, 1.588
0.800, 0.802, 1.572
0.800, 0.802, 1.587
0.800, 0.802, 1.587
0.800, 0.802, 1.587
0.800, 0.802, 1.587
0.800, 0.802, 1.587
0.800, 0.802, 1.587
0.800, 0.802, 1.587
0.800, 0.801, 1.603
0.800, 0.801, 1.587
0.800, 0.801, 1.587
0.800, 0.801, 1.587
0.800, 0.801, 1.587
0.800, 0.801, 1.587
0.800, 0.798, 1.619
0.800, 0.798, 1.588
0.800, 0.798, 1.588
0.800, 0.798, 1.588
0.800, 0.798, 1.588
0.800, 0.798, 1.588
0.800, 0.797, 1.604
0.800, 0.797, 1.589
0.800, 0.797, 1.589
0.800, 0.797, 1.589
0.800, 0.797, 1.589
0.800, 0.797, 1.589
0.800, 0.796, 1.605
0.800, 0.796, 1.590
0.800, 0.796, 1.590
0.800, 0.796, 1.590
0.800, 0.796, 1.590
0.800, 0.796, 1.591
0.800, 0.796, 1.591
0.800, 0.796, 1.591
0.800, 0.797, 1.575
0.800, 0.797, 1.591
0.800, 0.797, 1.591
0.800, 0.798, 1.575
0.800, 0.798, 1.591
0.800, 0.801, 1.559
0.800, 0.801, 1.590
0.800, 0.802, 1.574
0.800, 0.802, 1.589
0.800, 0.802, 1.589
0.800, 0.803, 1.573
0.800, 0.805, 1.557
0.800, 0.806, 1.571
0.800, 0.806, 1.587
0.800, 0.808, 1.571
0.800, 0.808, 1.586
0.800, 0.808, 1.585
0.800, 0.808, 1.585
0.800, 0.808, 1.585
0.800, 0.808, 1.585
0.800, 0.808, 1.584
0.800, 0.808, 1.584
0.800, 0.806, 1.599
0.800, 0.805, 1.600
0.800, 0.805, 1.584
0.800, 0.803, 1.616
0.800, 0.802, 1.600
0.800, 0.801, 1.601
0.800, 0.798, 1.617
0.800, 0.798, 1.586
0.800, 0.797, 1.602
0.800, 0.796, 1.603
0.800, 0.794, 1.619
0.800, 0.794, 1.589
0.800, 0.794, 1.589
0.800, 0.794, 1.589
0.800, 0.794, 1.589
0.800, 0.794, 1.590
0.800, 0.794, 1.590
0.800, 0.796, 1.558
0.800, 0.796, 1.589
0.800, 0.797, 1.574
0.800, 0.797, 1.589
0.800, 0.798, 1.573
0.800, 0.798, 1.589
0.800, 0.801, 1.557
0.800, 0.801, 1.588
0.800, 0.802, 1.572
0.800, 0.802, 1.587
0.800, 0.803, 1.572
0.800, 0.803, 1.587
0.800, 0.803, 1.587
0.800, 0.803, 1.587
0.800, 0.803, 1.587
0.800, 0.803, 1.586
0.800, 0.803, 1.586
0.800, 0.803, 1.586
0.800, 0.802, 1.602
0.800, 0.802, 1.586
0.800, 0.802, 1.586
0.800, 0.802, 1.586
0.800, 0.801, 1.602
0.800, 0.801, 1.587
0.800, 0.801, 1.587
0.800, 0.801, 1.587
0.800, 0.798, 1.618
0.800, 0.798, 1.588
0.800, 0.798, 1.588
0.800, 0.798, 1.588
0.800, 0.798, 1.588
0.800, 0.798, 1.588
0.800, 0.798, 1.588
0.800, 0.798, 1.588
0.800, 0.798, 1.588
0.800, 0.798, 1.588
0.800, 0.798, 1.588
0.800, 0.798, 1.588
0.800, 0.798, 1.588
0.800, 0.797, 1.604
0.800, 0.797, 1.589
0.800, 0.797, 1.589
0.800, 0.797, 1.589
0.800, 0.796, 1.605
0.800, 0.796, 1.590
0.800, 0.796, 1.590
0.800, 0.796, 1.590
0.800, 0.794, 1.622
0.800, 0.794, 1.591
0.800, 0.794, 1.591
0.800, 0.794, 1.592
0.800, 0.794, 1.592
0.800, 0.794, 1.592
0.800, 0.794, 1.592
0.800, 0.794, 1.593
0.800, 0.796, 1.561
0.800, 0.796, 1.592
0.800, 0.796, 1.592
0.800, 0.797, 1.577
0.800, 0.798, 1.576
0.800, 0.798, 1.592
0.800, 0.798, 1.592
0.800, 0.801, 1.560
0.800, 0.802, 1.575
0.800, 0.802, 1.590
0.800, 0.803, 1.574
0.800, 0.803, 1.590
0.800, 0.805, 1.558
0.800, 0.805, 1.588
0.800, 0.805, 1.588
0.800, 0.805, 1.588
0.800, 0.806, 1.572
0.800, 0.806, 1.587
0.800, 0.806, 1.587
0.800, 0.805, 1.603
0.800, 0.805, 1.587
0.800, 0.805, 1.587
0.800, 0.803, 1.618
0.800, 0.803, 1.587
0.800, 0.803, 1.587
0.800, 0.802, 1.603
0.800, 0.802, 1.587
0.800, 0.802, 1.587
0.800, 0.801, 1.603
0.800, 0.801, 1.588
0.800, 0.801, 1.588
0.800, 0.801, 1.588
0.800, 0.798, 1.619
0.800, 0.798, 1.589
0.800, 0.798, 1.589
0.800, 0.798, 1.589
0.800, 0.798, 1.589
0.800, 0.798, 1.589
0.800, 0.798, 1.589
0.800, 0.798, 1.589
0.800, 0.798, 1.589
0.800, 0.798, 1.589
0.800, 0.798, 1.589
0.800, 0.798, 1.589
0.800, 0.798, 1.589
0.800, 0.798, 1.589
0.800, 0.801, 1.558
0.800, 0.801, 1.588
0.800, 0.802, 1.573
0.800, 0.802, 1.588
0.800, 0.802, 1.588
0.800, 0.803, 1.572
0.800, 0.803, 1.587
0.800, 0.803, 1.587
0.800, 0.805, 1.555
0.800, 0.805, 1.586
0.800, 0.805, 1.586
0.800, 0.805, 1.586
0.800, 0.805, 1.585
0.800, 0.805, 1.585
0.800, 0.805, 1.585
0.800, 0.805, 1.585
0.800, 0.805, 1.584
0.800, 0.803, 1.616
0.800, 0.803, 1.585
0.800, 0.803, 1.585
0.800, 0.802, 1.601
0.800, 0.802, 1.585
0.800, 0.802, 1.585
0.800, 0.802, 1.585
0.800, 0.801, 1.601
0.800, 0.798, 1.617
0.800, 0.798, 1.586
0.800, 0.797, 1.602
0.800, 0.797, 1.587
0.800, 0.796, 1.603
0.800, 0.796, 1.588
0.800, 0.796, 1.588
0.800, 0.796, 1.588
0.800, 0.794, 1.620
0.800, 0.794, 1.589
0.800, 0.794, 1.589
0.800, 0.794, 1.590
0.800, 0.794, 1.590
0.800, 0.794, 1.590
0.800, 0.794, 1.590
0.800, 0.796, 1.559
1.200, 0.796, 1.605
1.200, 0.797, 1.604
1.200, 0.798, 1.619
1.200, 0.801, 1.618
1.200, 0.801, 1.664
1.200, 0.802, 1.663
1.200, 0.802, 1.693
1.200, 0.803, 1.692
1.200, 0.805, 1.691
1.200, 0.806, 1.721
1.200, 0.808, 1.735
1.200, 0.810, 1.734
1.200, 0.811, 1.763
1.200, 0.815, 1.746
1.200, 0.817, 1.775
1.200, 0.821, 1.757
1.200, 0.825, 1.785
1.200, 0.830, 1.782
1.200, 0.834, 1.794
1.200, 0.840, 1.790
1.200, 0.847, 1.786
1.200, 0.854, 1.796
1.200, 0.861, 1.807
1.200, 0.870, 1.785
1.200, 0.877, 1.826
1.200, 0.888, 1.772
1.200, 0.899, 1.795
1.200, 0.909, 1.802
1.200, 0.920, 1.793
1.200, 0.932, 1.799
1.200, 0.945, 1.789
1.200, 0.957, 1.794
1.200, 0.971, 1.782
1.200, 0.985, 1.785
1.200, 0.999, 1.788
1.200, 1.012, 1.790
1.200, 1.027, 1.776
1.200, 1.041, 1.793
1.200, 1.056, 1.777
1.200, 1.072, 1.761
1.200, 1.087, 1.775
1.200, 1.102, 1.774
1.200, 1.118, 1.756
1.200, 1.133, 1.769
1.200, 1.147, 1.781
1.200, 1.161, 1.778
1.200, 1.175, 1.774
1.200, 1.188, 1.769
1.200, 1.201, 1.780
1.200, 1.211, 1.807
1.200, 1.224, 1.771
1.200, 1.234, 1.797
1.200, 1.245, 1.791
1.200, 1.254, 1.801
1.200, 1.262, 1.812
1.200, 1.270, 1.806
1.200, 1.277, 1.816
1.200, 1.284, 1.811
1.200, 1.290, 1.820
1.200, 1.294, 1.831
1.200, 1.299, 1.825
1.200, 1.304, 1.820
1.200, 1.307, 1.830
1.200, 1.308, 1.856
1.200, 1.309, 1.852
1.200, 1.312, 1.831
1.200, 1.313, 1.842
1.200, 1.313, 1.853
1.200, 1.313, 1.849
1.200, 1.313, 1.845
1.200, 1.312, 1.856
1.200, 1.312, 1.837
1.200, 1.309, 1.864
1.200, 1.307, 1.861
1.200, 1.304, 1.874
1.200, 1.300, 1.871
1.200, 1.299, 1.837
1.200, 1.294, 1.881
1.200, 1.291, 1.864
1.200, 1.289, 1.846
1.200, 1.284, 1.875
1.200, 1.279, 1.874
1.200, 1.276, 1.857
1.200, 1.271, 1.871
1.200, 1.267, 1.870
1.200, 1.262, 1.869
1.200, 1.257, 1.869
1.200, 1.253, 1.868
1.200, 1.247, 1.884
1.200, 1.244, 1.853
1.200, 1.239, 1.868
1.200, 1.234, 1.869
1.200, 1.229, 1.885
1.200, 1.224, 1.870
1.200, 1.220, 1.871
1.200, 1.215, 1.872
1.200, 1.211, 1.858
1.200, 1.207, 1.874
1.200, 1.202, 1.876
1.200, 1.198, 1.878
1.200, 1.194, 1.864
1.200, 1.190, 1.881
1.200, 1.185, 1.883
1.200, 1.183, 1.854
1.200, 1.179, 1.871
1.200, 1.176, 1.874
1.200, 1.173, 1.860
1.200, 1.170, 1.878
1.200, 1.169, 1.849
1.200, 1.167, 1.866
1.200, 1.165, 1.852
1.200, 1.164, 1.854
1.200, 1.162, 1.872
1.200, 1.161, 1.858
1.200, 1.161, 1.844
1.200, 1.160, 1.862
1.200, 1.160, 1.848
1.200, 1.160, 1.849
1.200, 1.161, 1.835
1.200, 1.161, 1.852
1.200, 1.161, 1.853
1.200, 1.164, 1.807
1.200, 1.164, 1.855
1.200, 1.167, 1.824
1.200, 1.169, 1.825
1.200, 1.170, 1.841
1.200, 1.171, 1.842
1.200, 1.175, 1.811
1.200, 1.176, 1.842
1.200, 1.178, 1.826
1.200, 1.180, 1.826
1.200, 1.183, 1.826
1.200, 1.184, 1.842
1.200, 1.185, 1.842
1.200, 1.188, 1.810
1.200, 1.190, 1.841
1.200, 1.192, 1.825
1.200, 1.192, 1.856
1.200, 1.193, 1.841
1.200, 1.194, 1.841
1.200, 1.197, 1.825
1.200, 1.198, 1.840
1.200, 1.199, 1.839
1.200, 1.199, 1.855
1.200, 1.201, 1.823
1.200, 1.202, 1.838
1.200, 1.202, 1.853
1.200, 1.202, 1.853
1.200, 1.202, 1.853
1.200, 1.202, 1.853
1.200, 1.203, 1.837
1.200, 1.203, 1.852
1.200, 1.203, 1.852
1.200, 1.203, 1.852
1.200, 1.203, 1.852
1.200, 1.203, 1.852
1.200, 1.203, 1.852
1.200, 1.203, 1.852
1.200, 1.202, 1.867
1.200, 1.202, 1.852
1.200, 1.202, 1.852
1.200, 1.202, 1.852
1.200, 1.202, 1.852
1.200, 1.202, 1.851
1.200, 1.201, 1.867
1.200, 1.201, 1.852
1.200, 1.201, 1.852
1.200, 1.199, 1.883
1.200, 1.199, 1.853
1.200, 1.199, 1.853
1.200, 1.198, 1.869
1.200, 1.198, 1.853
1.200, 1.198, 1.853
1.200, 1.197, 1.869
1.200, 1.197, 1.854
1.200, 1.197, 1.854
1.200, 1.197, 1.854
1.200, 1.194, 1.886
1.200, 1.194, 1.856
1.200, 1.194, 1.856
1.200, 1.194, 1.856
1.200, 1.194, 1.856
1.200, 1.194, 1.856
1.200, 1.194, 1.857
1.200, 1.194, 1.857
1.200, 1.194, 1.857
1.200, 1.194, 1.857
1.200, 1.194, 1.857
1.200, 1.194, 1.858
1.200, 1.194, 1.858
1.200, 1.194, 1.858
1.200, 1.197, 1.827
1.200, 1.197, 1.858
1.200, 1.197, 1.858
1.200, 1.197, 1.858
1.200, 1.197, 1.858
1.200, 1.198, 1.842
1.200, 1.198, 1.858
1.200, 1.198, 1.858
1.200, 1.198, 1.858
1.200, 1.198, 1.858
1.200, 1.198, 1.858
1.200, 1.199, 1.842
1.200, 1.199, 1.858
1.200, 1.199, 1.858
1.200, 1.199, 1.858
1.200, 1.201, 1.826
1.200, 1.201, 1.857
1.200, 1.201, 1.857
1.200, 1.201, 1.857
1.200, 1.202, 1.841
1.200, 1.202, 1.856
1.200, 1.202, 1.856
1.200, 1.202, 1.856
1.200, 1.202, 1.856
1.200, 1.203, 1.840
1.200, 1.203, 1.855
1.200, 1.203, 1.855
1.200, 1.203, 1.855
1.200, 1.203, 1.855
1.200, 1.203, 1.855
1.200, 1.203, 1.855
1.200, 1.203, 1.855
1.200, 1.203, 1.855
1.200, 1.203, 1.854
1.200, 1.203, 1.854
1.200, 1.203, 1.854
1.200, 1.203, 1.854
1.200, 1.203, 1.854
1.200, 1.202, 1.870
1.200, 1.202, 1.854
1.200, 1.202, 1.854
1.200, 1.202, 1.854
1.200, 1.202, 1.854
1.200, 1.202, 1.854
1.200, 1.202, 1.854
1.200, 1.201, 1.869
1.200, 1.201, 1.854
1.200, 1.199, 1.886
1.200, 1.199, 1.855
1.200, 1.198, 1.871
1.200, 1.198, 1.855
1.200, 1.198, 1.856
1.200, 1.197, 1.871
1.200, 1.197, 1.856
1.200, 1.197, 1.856
1.200, 1.197, 1.857
1.200, 1.197, 1.857
1.200, 1.197, 1.857
1.200, 1.197, 1.857
1.200, 1.197, 1.857
1.200, 1.197, 1.857
1.200, 1.198, 1.841
1.200, 1.198, 1.857
1.200, 1.198, 1.857
1.200, 1.199, 1.841
1.200, 1.199, 1.857
1.200, 1.201, 1.825
1.200, 1.202, 1.840
1.200, 1.202, 1.855
1.200, 1.203, 1.839
1.200, 1.203, 1.855
1.200, 1.206, 1.823
1.200, 1.207, 1.838
1.200, 1.207, 1.853
1.200, 1.208, 1.837
1.200, 1.210, 1.820
1.200, 1.210, 1.850
1.200, 1.211, 1.834
1.200, 1.211, 1.849
1.200, 1.211, 1.849
1.200, 1.213, 1.832
1.200, 1.213, 1.847
1.200, 1.213, 1.847
1.200, 1.213, 1.846
1.200, 1.215, 1.814
1.200, 1.215, 1.844
1.200, 1.215, 1.844
1.200, 1.215, 1.843
1.200, 1.215, 1.843
1.200, 1.215, 1.842
1.200, 1.213, 1.873
1.200, 1.213, 1.842
1.200, 1.211, 1.857
1.200, 1.211, 1.842
1.200, 1.211, 1.841
1.200, 1.210, 1.857
1.200, 1.210, 1.841
1.200, 1.208, 1.872
1.200, 1.207, 1.857
1.200, 1.206, 1.857
1.200, 1.206, 1.841
1.200, 1.203, 1.873
1.200, 1.203, 1.842
1.200, 1.202, 1.858
1.200, 1.202, 1.842
1.200, 1.202, 1.842
1.200, 1.201, 1.858
1.200, 1.201, 1.842
1.200, 1.201, 1.842
1.200, 1.201, 1.842
1.200, 1.201, 1.842
1.200, 1.201, 1.842
1.200, 1.201, 1.842
1.200, 1.199, 1.874
1.200, 1.199, 1.843
1.200, 1.199, 1.843
1.200, 1.199, 1.843
1.200, 1.198, 1.859
1.200, 1.198, 1.844
1.200, 1.198, 1.844
1.200, 1.198, 1.844
1.200, 1.198, 1.844
1.200, 1.198, 1.844
1.200, 1.198, 1.844
1.200, 1.197, 1.860
1.200, 1.197, 1.845
1.200, 1.197, 1.845
1.200, 1.197, 1.845
1.200, 1.194, 1.877
1.200, 1.194, 1.846
1.200, 1.193, 1.862
1.200, 1.193, 1.847
1.200, 1.192, 1.863
1.200, 1.192, 1.848
1.200, 1.190, 1.880
1.200, 1.188, 1.866
1.200, 1.187, 1.867
1.200, 1.185, 1.883
1.200, 1.184, 1.869
1.200, 1.183, 1.870
1.200, 1.183, 1.855
1.200, 1.180, 1.888
1.200, 1.180, 1.858
1.200, 1.180, 1.858
1.200, 1.179, 1.875
1.200, 1.179, 1.860
1.200, 1.179, 1.861
1.200, 1.179, 1.862
1.200, 1.179, 1.863
1.200, 1.180, 1.848
1.200, 1.180, 1.864
1.200, 1.180, 1.865
1.200, 1.183, 1.834
1.200, 1.184, 1.849
1.200, 1.185, 1.849
1.200, 1.187, 1.834
1.200, 1.188, 1.849
1.200, 1.192, 1.817
1.200, 1.192, 1.864
1.200, 1.194, 1.832
1.200, 1.197, 1.832
1.200, 1.198, 1.847
1.200, 1.199, 1.847
1.200, 1.201, 1.830
1.200, 1.202, 1.845
1.200, 1.202, 1.860
1.200, 1.203, 1.845
1.200, 1.203, 1.860
1.200, 1.206, 1.828
1.200, 1.206, 1.859
1.200, 1.206, 1.858
1.200, 1.206, 1.858
1.200, 1.206, 1.858
1.200, 1.207, 1.842
1.200, 1.206, 1.873
1.200, 1.207, 1.841
1.200, 1.207, 1.857
1.200, 1.207, 1.856
1.200, 1.207, 1.856
1.200, 1.207, 1.856
1.200, 1.206, 1.871
1.200, 1.206, 1.856
1.200, 1.206, 1.856
1.200, 1.206, 1.855
1.200, 1.203, 1.887
1.200, 1.203, 1.856
1.200, 1.203, 1.856
1.200, 1.202, 1.871
1.200, 1.202, 1.856
1.200, 1.202, 1.856
1.200, 1.202, 1.856
1.200, 1.203, 1.840
1.200, 1.203, 1.855
1.200, 1.203, 1.855
1.200, 1.202, 1.871
1.200, 1.202, 1.855
1.200, 1.202, 1.855
1.200, 1.202, 1.855
1.200, 1.202, 1.855
1.200, 1.201, 1.871
1.200, 1.201, 1.855
1.200, 1.199, 1.887
1.200, 1.199, 1.856
1.200, 1.198, 1.872
1.200, 1.198, 1.857
1.200, 1.198, 1.857
1.200, 1.198, 1.857
1.200, 1.198, 1.857
1.200, 1.199, 1.841
1.200, 1.201, 1.825
1.200, 1.201, 1.856
1.200, 1.203, 1.824
1.200, 1.206, 1.823
1.200, 1.208, 1.822
1.200, 1.210, 1.821
1.200, 1.213, 1.819
1.200, 1.215, 1.818
1.200, 1.217, 1.817
1.200, 1.220, 1.815
1.200, 1.222, 1.813
1.200, 1.224, 1.812
1.200, 1.224, 1.842
1.200, 1.225, 1.825
1.200, 1.226, 1.823
1.200, 1.229, 1.806
1.200, 1.229, 1.836
1.200, 1.229, 1.835
1.200, 1.229, 1.834
1.200, 1.226, 1.864
1.200, 1.225, 1.848
1.200, 1.225, 1.832
1.200, 1.224, 1.847
1.200, 1.221, 1.878
1.200, 1.220, 1.847
1.200, 1.217, 1.863
1.200, 1.215, 1.863
1.200, 1.211, 1.879
1.200, 1.210, 1.848
1.200, 1.207, 1.880
1.200, 1.203, 1.881
1.200, 1.201, 1.866
1.200, 1.198, 1.883
1.200, 1.194, 1.885
1.200, 1.193, 1.854
1.200, 1.190, 1.887
1.200, 1.188, 1.857
1.200, 1.187, 1.858
1.200, 1.185, 1.875
1.200, 1.184, 1.860
1.200, 1.183, 1.861
1.200, 1.180, 1.878
1.200, 1.180, 1.848
1.200, 1.180, 1.849
1.200, 1.179, 1.865
1.200, 1.179, 1.851
1.200, 1.179, 1.852
1.200, 1.179, 1.852
1.200, 1.179, 1.853
1.200, 1.180, 1.838
1.200, 1.180, 1.854
1.200, 1.180, 1.855
1.200, 1.183, 1.824
1.200, 1.183, 1.855
1.200, 1.184, 1.840
1.200, 1.184, 1.856
1.200, 1.185, 1.841
1.200, 1.187, 1.825
1.200, 1.188, 1.841
1.200, 1.188, 1.857
1.200, 1.190, 1.841
1.200, 1.192, 1.825
1.200, 1.193, 1.841
1.200, 1.193, 1.856
1.200, 1.194, 1.841
1.200, 1.197, 1.825
1.200, 1.197, 1.855
1.200, 1.198, 1.840
1.200, 1.198, 1.855
1.200, 1.199, 1.839
1.200, 1.199, 1.855
1.200, 1.199, 1.855
1.200, 1.201, 1.823
1.200, 1.201, 1.854
1.200, 1.201, 1.854
1.200, 1.201, 1.854
1.200, 1.201, 1.854
1.200, 1.201, 1.854
1.200, 1.201, 1.854
1.200, 1.199, 1.885
1.200, 1.199, 1.855
1.200, 1.198, 1.871
1.200, 1.198, 1.855
1.200, 1.197, 1.871
1.200, 1.197, 1.856
1.200, 1.194, 1.888
1.200, 1.193, 1.873
1.200, 1.193, 1.858
1.200, 1.192, 1.874
1.200, 1.190, 1.891
1.200, 1.188, 1.876
1.200, 1.188, 1.861
1.200, 1.187, 1.877
1.200, 1.185, 1.894
1.200, 1.185, 1.864
1.200, 1.184, 1.880
1.200, 1.183, 1.881
1.200, 1.183, 1.867
1.200, 1.183, 1.867
1.200, 1.183, 1.868
1.200, 1.183, 1.869
1.200, 1.183, 1.869
1.200, 1.183, 1.870
1.200, 1.184, 1.855
1.200, 1.184, 1.871
1.200, 1.185, 1.856
1.200, 1.187, 1.840
1.200, 1.188, 1.855
1.200, 1.190, 1.855
1.200, 1.192, 1.839
1.200, 1.192, 1.870
1.200, 1.194, 1.839
1.200, 1.197, 1.838
1.200, 1.198, 1.853
1.200, 1.199, 1.853
1.200, 1.201, 1.837
1.200, 1.202, 1.852
1.200, 1.203, 1.851
1.200, 1.203, 1.866
1.200, 1.206, 1.835
1.200, 1.207, 1.849
1.200, 1.208, 1.849
1.200, 1.208, 1.864
1.200, 1.210, 1.832
1.200, 1.210, 1.862
1.200, 1.211, 1.846
1.200, 1.211, 1.861
1.200, 1.211, 1.860
1.200, 1.211, 1.860
1.200, 1.211, 1.860
1.200, 1.211, 1.859
1.200, 1.211, 1.859
1.200, 1.211, 1.858
1.200, 1.213, 1.842
1.200, 1.213, 1.857
1.200, 1.213, 1.856
1.200, 1.213, 1.856
1.200, 1.213, 1.856
1.200, 1.213, 1.855
1.200, 1.213, 1.855
1.200, 1.213, 1.854
1.200, 1.215, 1.822
1.200, 1.215, 1.852
1.200, 1.216, 1.836
1.200, 1.217, 1.835
1.200, 1.217, 1.849
1.200, 1.220, 1.817
1.200, 1.220, 1.847
1.200, 1.221, 1.831
1.200, 1.222, 1.829
1.200, 1.222, 1.844
1.200, 1.224, 1.811
1.200, 1.224, 1.841
1.200, 1.224, 1.840
1.200, 1.224, 1.839
1.200, 1.224, 1.839
1.200, 1.224, 1.838
1.200, 1.224, 1.837
1.200, 1.224, 1.836
1.200, 1.224, 1.835
1.200, 1.224, 1.834
1.200, 1.222, 1.865
1.200, 1.221, 1.849
1.200, 1.220, 1.849
1.200, 1.220, 1.833
1.200, 1.217, 1.864
1.200, 1.216, 1.848
1.200, 1.215, 1.848
1.200, 1.211, 1.879
1.200, 1.211, 1.833
1.200, 1.208, 1.880
1.200, 1.207, 1.849
1.200, 1.206, 1.849
1.200, 1.203, 1.865
1.200, 1.202, 1.850
1.200, 1.202, 1.835
1.200, 1.201, 1.851
1.200, 1.199, 1.867
1.200, 1.198, 1.852
1.200, 1.197, 1.853
1.200, 1.194, 1.869
1.200, 1.193, 1.854
1.200, 1.192, 1.855
1.200, 1.190, 1.872
1.200, 1.190, 1.841
1.200, 1.188, 1.857
1.200, 1.187, 1.858
1.200, 1.187, 1.843
1.200, 1.185, 1.876
1.200, 1.185, 1.845
1.200, 1.185, 1.846
1.200, 1.184, 1.862
1.200, 1.184, 1.848
1.200, 1.184, 1.848
1.200, 1.184, 1.849
1.200, 1.183, 1.865
1.200, 1.183, 1.850
1.200, 1.183, 1.851
1.200, 1.183, 1.852
1.200, 1.183, 1.852
0.000, 1.183, 1.808