r     y     u
0.800 0.000 0.038
0.800 0.000 0.076
0.800 0.000 0.114
0.800 0.000 0.152
0.800 0.000 0.190
0.800 0.000 0.228
0.800 0.000 0.266
0.800 0.000 0.304
0.800 0.000 0.342
0.800 0.000 0.380
0.800 0.000 0.418
0.800 0.000 0.456
0.800 0.000 0.494
0.800 0.000 0.532
0.800 0.000 0.570
0.800 0.000 0.609
0.800 0.000 0.647
0.800 0.000 0.685
0.800 0.000 0.723
0.800 0.000 0.761
0.800 0.000 0.799
0.800 0.000 0.837
0.800 0.001 0.847
0.800 0.001 0.912
0.800 0.001 0.950
0.800 0.001 0.988
0.800 0.001 1.026
0.800 0.001 1.064
0.800 0.002 1.074
0.800 0.002 1.139
0.800 0.005 1.122
0.800 0.006 1.185
0.800 0.007 1.222
0.800 0.010 1.204
0.800 0.012 1.294
0.800 0.015 1.276
0.800 0.020 1.283
0.800 0.024 1.316
0.800 0.030 1.322
0.800 0.038 1.300
0.800 0.046 1.330
0.800 0.056 1.305
0.800 0.067 1.332
0.800 0.079 1.304
0.800 0.094 1.274
0.800 0.110 1.269
0.800 0.129 1.234
0.800 0.147 1.252
0.800 0.168 1.215
0.800 0.190 1.201
0.800 0.212 1.214
0.800 0.236 1.171
0.800 0.259 1.207
0.800 0.285 1.133
0.800 0.309 1.192
0.800 0.336 1.142
0.800 0.360 1.199
0.800 0.387 1.147
0.800 0.411 1.202
0.800 0.435 1.202
0.800 0.458 1.229
0.800 0.480 1.255
0.800 0.499 1.309
0.800 0.520 1.281
0.800 0.536 1.389
0.800 0.552 1.390
0.800 0.566 1.444
0.800 0.578 1.500
0.800 0.589 1.502
0.800 0.598 1.558
0.800 0.605 1.616
0.800 0.612 1.620
0.800 0.618 1.651
0.800 0.624 1.656
0.800 0.628 1.687
0.800 0.633 1.692
0.800 0.637 1.696
0.800 0.641 1.728
0.800 0.645 1.706
0.800 0.650 1.710
0.800 0.655 1.713
0.800 0.660 1.689
0.800 0.667 1.664
0.800 0.673 1.693
0.800 0.681 1.639
0.800 0.688 1.666
0.800 0.697 1.611
0.800 0.706 1.609
0.800 0.716 1.607
0.800 0.725 1.604
0.00 0.736 1.546
0.800 0.747 1.568
0.800 0.756 1.590
0.800 0.766 1.557
0.800 0.775 1.579
0.800 0.785 1.573
0.800 0.796 1.512
0.800 0.803 1.613
0.800 0.812 1.553
0.800 0.820 1.573
0.800 0.828 1.566
0.800 0.834 1.614
0.800 0.839 1.635
0.800 0.843 1.630
0.800 0.847 1.652
0.800 0.849 1.675
0.800 0.851 1.671
0.800 0.853 1.694
0.800 0.853 1.718
0.00 0.853 1.716
0.800 0.853 1.713
0.800 0.851 1.738
0.800 0.851 1.709
0.800 0.849 1.762
0.800 0.848 1.733
0.800 0.847 1.732
0.800 0.844 1.758
0.800 0.843 1.730
0.800 0.842 1.729
0.800 0.840 1.755
0.800 0.840 1.700
0.800 0.839 1.726
0.800 0.839 1.697
0.800 0.839 1.696
0.800 0.839 1.694
0.800 0.839 1.692
0.800 0.840 1.663
0.800 0.840 1.687
0.800 0.842 1.630
0.800 0.842 1.682
0.800 0.843 1.652
0.800 0.843 1.677
0.800 0.844 1.647
0.800 0.844 1.672
0.800 0.844 1.670
0.800 0.847 1.612
0.800 0.844 1.719
0.800 0.844 1.663
0.800 0.844 1.661
0.800 0.843 1.686
0.800 0.843 1.658
0.800 0.842 1.683
0.800 0.842 1.654
0.800 0.840 1.708
0.800 0.839 1.680
0.800 0.838 1.679
0.800 0.835 1.705
0.800 0.834 1.678
0.800 0.833 1.677
0.800 0.831 1.704
0.800 0.830 1.677
0.800 0.830 1.649
0.800 0.828 1.675
0.800 0.828 1.647
0.800 0.828 1.646
0.800 0.826 1.699
0.800 0.826 1.645
0.800 0.826 1.643
0.800 0.826 1.642
0.800 0.826 1.641
0.800 0.826 1.640
0.800 0.826 1.638
0.800 0.826 1.637
0.800 0.826 1.636
0.800 0.828 1.580
0.800 0.828 1.632
0.800 0.826 1.685
0.800 0.826 1.631
0.800 0.826 1.630
0.800 0.826 1.628
0.800 0.826 1.627
0.800 0.825 1.653
0.800 0.825 1.626
0.800 0.824 1.652
0.800 0.824 1.624
0.800 0.821 1.678
0.800 0.821 1.624
0.800 0.820 1.650
0.800 0.819 1.650
0.800 0.817 1.678
0.800 0.816 1.651
0.800 0.816 1.624
0.800 0.815 1.650
0.800 0.812 1.678
0.800 0.812 1.624
0.800 0.811 1.651
0.800 0.811 1.624
0.800 0.810 1.651
0.800 0.808 1.679
0.800 0.806 1.653
0.800 0.806 1.626
0.800 0.805 1.653
0.800 0.805 1.626
0.800 0.805 1.626
0.800 0.803 1.681
0.800 0.803 1.627
0.800 0.803 1.627
0.800 0.803 1.627
0.800 0.803 1.627
0.800 0.803 1.627
0.800 0.803 1.626
0.800 0.803 1.626
0.800 0.803 1.626
0.800 0.803 1.626
0.800 0.805 1.571
0.800 0.805 1.624
0.800 0.805 1.624
0.800 0.805 1.623
0.800 0.805 1.623
0.800 0.805 1.623
0.800 0.805 1.623
0.800 0.805 1.622
0.800 0.805 1.622
0.800 0.805 1.622
0.800 0.805 1.622
0.800 0.805 1.621
0.800 0.805 1.621
0.800 0.805 1.621
0.800 0.803 1.676
0.800 0.803 1.622
0.800 0.803 1.622
0.800 0.803 1.622
0.800 0.803 1.622
0.800 0.803 1.622
0.800 0.802 1.649
0.800 0.802 1.622
0.800 0.801 1.650
0.800 0.801 1.623
0.800 0.798 1.678
0.800 0.798 1.625
0.800 0.798 1.625
0.800 0.798 1.625
0.800 0.798 1.625
0.800 0.798 1.625
0.800 0.801 1.570
0.800 0.801 1.623
0.800 0.801 1.623
0.800 0.802 1.596
0.800 0.802 1.622
0.800 0.803 1.595
0.800 0.803 1.621
0.800 0.805 1.566
0.800 0.805 1.619
0.800 0.805 1.619
0.800 0.806 1.591
0.800 0.806 1.617
0.800 0.806 1.617
0.800 0.806 1.617
0.800 0.806 1.616
0.800 0.805 1.644
0.800 0.805 1.617
0.800 0.805 1.616
0.800 0.805 1.616
0.800 0.803 1.671
0.800 0.803 1.618
0.800 0.802 1.645
0.800 0.802 1.618
0.800 0.801 1.646
0.800 0.798 1.674
0.800 0.798 1.621
0.800 0.797 1.648
0.00 0.797 1.622
0.800 0.797 1.622
0.800 0.797 1.622
0.800 0.796 1.650
0.800 0.796 1.623
0.800 0.796 1.623
0.800 0.796 1.624
0.800 0.797 1.596
0.800 0.797 1.623
0.800 0.797 1.623
0.800 0.797 1.623
0.800 0.798 1.596
0.800 0.798 1.623
0.800 0.798 1.623
0.800 0.801 1.568
0.800 0.802 1.593
0.800 0.802 1.620
0.800 0.802 1.620
0.800 0.802 1.620
0.800 0.802 1.620
0.800 0.802 1.620
0.800 0.802 1.620
0.800 0.802 1.620
0.800 0.801 1.647
0.800 0.801 1.620
0.800 0.801 1.620
0.800 0.798 1.675
0.800 0.798 1.622
0.800 0.797 1.650
0.800 0.797 1.623
0.800 0.796 1.651
0.800 0.796 1.624
0.800 0.794 1.679
0.800 0.794 1.626
0.800 0.794 1.627
0.800 0.794 1.627
0.800 0.794 1.627
0.800 0.796 1.573
0.800 0.796 1.626
0.800 0.796 1.626
0.800 0.796 1.626
0.800 0.797 1.599
0.800 0.797 1.626
0.800 0.797 1.626
0.800 0.798 1.599
0.800 0.798 1.625
0.800 0.801 1.570
0.800 0.802 1.596
0.800 0.802 1.623
0.800 0.803 1.595
0.800 0.803 1.622
0.800 0.803 1.621
0.800 0.803 1.621
0.800 0.803 1.621
0.800 0.803 1.621
0.800 0.803 1.621
0.800 0.803 1.621
0.800 0.802 1.648
0.800 0.802 1.621
0.800 0.802 1.621
0.800 0.801 1.649
0.800 0.798 1.677
0.800 0.798 1.624
0.800 0.797 1.651
0.800 0.797 1.625
0.800 0.796 1.653
0.800 0.796 1.626
0.800 0.796 1.626
0.800 0.796 1.626
0.800 0.796 1.627
0.800 0.796 1.627
0.800 0.796 1.627
0.800 0.797 1.600
0.800 0.797 1.626
0.800 0.798 1.599
0.800 0.798 1.626
0.800 0.801 1.571
0.800 0.801 1.624
0.800 0.802 1.597
0.800 0.802 1.623
0.800 0.803 1.595
0.800 0.803 1.622
0.800 0.803 1.622
0.800 0.803 1.622
0.800 0.803 1.622
0.800 0.803 1.621
0.800 0.803 1.621
0.800 0.803 1.621
0.800 0.803 1.621
0.800 0.803 1.621
0.800 0.803 1.621
0.800 0.802 1.648
0.800 0.802 1.621
0.800 0.801 1.649
0.800 0.801 1.622
0.800 0.798 1.677
0.800 0.798 1.624
0.800 0.797 1.651
0.800 0.797 1.625
0.800 0.797 1.625
0.800 0.796 1.653
0.800 0.796 1.626
0.800 0.796 1.626
0.800 0.796 1.627
0.800 0.796 1.627
0.800 0.797 1.599
0.00 0.797 1.626
0.800 0.797 1.626
0.800 0.798 1.599
0.800 0.798 1.626
0.800 0.798 1.626
0.800 0.801 1.571
0.800 0.801 1.624
0.800 0.801 1.624
0.800 0.801 1.624
0.800 0.802 1.596
0.800 0.802 1.623
0.800 0.802 1.623
0.800 0.802 1.623
0.800 0.802 1.623
0.800 0.802 1.623
0.800 0.802 1.623
0.800 0.802 1.622
0.800 0.802 1.622
0.800 0.802 1.622
0.800 0.801 1.650
0.800 0.801 1.623
0.800 0.801 1.623
0.800 0.802 1.595
0.800 0.802 1.622
0.800 0.802 1.622
0.800 0.802 1.622
0.800 0.801 1.649
0.800 0.801 1.623
0.00 0.801 1.623
0.800 0.801 1.622
0.800 0.801 1.622
0.800 0.798 1.677
0.800 0.798 1.624
0.800 0.798 1.624
0.800 0.798 1.624
0.800 0.798 1.624
0.800 0.798 1.625
0.800 0.798 1.625
0.800 0.798 1.625
0.800 0.801 1.570
0.800 0.801 1.623
0.800 0.801 1.623
0.800 0.801 1.623
0.800 0.802 1.595
0.800 0.802 1.622
0.800 0.802 1.622
0.800 0.802 1.622
0.800 0.802 1.622
0.800 0.802 1.622
0.800 0.802 1.621
0.800 0.802 1.621
0.800 0.802 1.621
0.800 0.802 1.621
0.800 0.802 1.621
0.800 0.802 1.621
0.800 0.801 1.648
0.00 0.801 1.622
0.800 0.801 1.622
0.800 0.801 1.622
0.800 0.798 1.677
0.800 0.798 1.623
0.800 0.798 1.624
0.800 0.797 1.651
0.800 0.797 1.625
0.800 0.797 1.625
0.800 0.797 1.625
0.800 0.797 1.625
0.800 0.797 1.625
0.800 0.797 1.625
0.800 0.797 1.625
0.800 0.797 1.625
0.800 0.797 1.626
0.800 0.797 1.626
0.800 0.798 1.598
0.800 0.798 1.625
0.800 0.801 1.570
0.800 0.801 1.623
0.800 0.802 1.596
0.800 0.802 1.622
0.800 0.802 1.622
0.800 0.803 1.595
0.800 0.803 1.621
0.800 0.803 1.621
0.800 0.803 1.621
0.800 0.803 1.621
0.800 0.803 1.621
0.800 0.803 1.620
0.800 0.803 1.620
0.800 0.803 1.620
0.800 0.803 1.620
0.800 0.802 1.647
0.800 0.802 1.621
0.800 0.802 1.621
0.800 0.801 1.648
0.800 0.801 1.621
0.800 0.798 1.676
0.800 0.798 1.623
0.800 0.797 1.651
0.800 0.797 1.624
0.800 0.797 1.624
0.800 0.796 1.652
0.800 0.796 1.625
0.800 0.796 1.626
0.800 0.796 1.626
0.800 0.796 1.626
0.800 0.796 1.626
0.800 0.796 1.626
0.800 0.797 1.599
0.800 0.797 1.626
0.800 0.798 1.598
0.800 0.798 1.625
0.800 0.798 1.625
0.800 0.801 1.570
0.800 0.801 1.624
0.800 0.802 1.596
0.800 0.802 1.623
0.800 0.802 1.622
0.800 0.802 1.622
0.800 0.802 1.622
0.800 0.802 1.622
0.800 0.802 1.622
0.800 0.802 1.622
0.800 0.802 1.622
0.800 0.802 1.622
0.800 0.802 1.622
0.800 0.802 1.622
0.800 0.802 1.622
0.800 0.802 1.622
0.800 0.802 1.621
0.800 0.802 1.621
0.800 0.802 1.621
0.800 0.802 1.621
0.800 0.801 1.649
1.000 0.801 1.631
1.000 0.801 1.641
1.000 0.798 1.705
1.000 0.798 1.662
1.000 0.798 1.671
1.000 0.798 1.681
1.000 0.798 1.690
1.000 0.798 1.700
1.000 0.801 1.655
1.000 0.802 1.690
1.000 0.803 1.698
1.000 0.803 1.734
1.000 0.806 1.661
1.000 0.808 1.723
1.000 0.811 1.676
1.000 0.815 1.682
1.000 0.817 1.716
1.000 0.820 1.696
1.000 0.825 1.674
1.000 0.830 1.679
1.000 0.834 1.684
1.000 0.838 1.716
1.000 0.842 1.693
1.000 0.847 1.697
1.000 0.853 1.674
1.000 0.856 1.731
1.000 0.862 1.680
1.000 0.866 1.710
1.000 0.871 1.713
1.000 0.877 1.688
1.000 0.881 1.717
1.000 0.886 1.719
1.000 0.890 1.721
1.000 0.895 1.723
1.00 0.902 1.670
1.000 0.904 1.779
1.000 0.911 1.672
1.000 0.916 1.726
1.000 0.920 1.727
1.000 0.923 1.782
1.000 0.927 1.729
1.000 0.932 1.729
1.000 0.936 1.729
1.000 0.941 1.728
1.000 0.945 1.755
1.000 0.949 1.728
1.000 0.954 1.727
1.000 0.957 1.753
1.000 0.962 1.725
1.000 0.964 1.778
1.000 0.969 1.723
1.000 0.972 1.749
1.000 0.976 1.747
1.000 0.978 1.773
1.000 0.983 1.718
1.000 0.986 1.743
1.000 0.987 1.796
1.000 0.991 1.740
1.00 0.994 1.738
1.000 0.995 1.791
1.000 0.996 1.790
1.000 1.000 1.735
1.000 1.001 1.787
1.000 1.003 1.759
1.000 1.004 1.784
1.000 1.006 1.783
1.000 1.008 1.754
1.000 1.009 1.780
1.000 1.010 1.779
1.000 1.012 1.750
1.000 1.014 1.775
1.000 1.014 1.801
1.000 1.015 1.773
1.000 1.017 1.744
1.000 1.017 1.796
1.000 1.018 1.768
1.000 1.018 1.794
1.000 1.018 1.793
1.000 1.019 1.764
1.000 1.019 1.790
1.000 1.022 1.734
1.000 1.022 1.786
1.000 1.022 1.785
1.000 1.022 1.784
1.000 1.022 1.783
1.000 1.023 1.755
1.000 1.023 1.780
1.000 1.023 1.779
1.000 1.023 1.778
1.000 1.023 1.777
1.000 1.022 1.804
1.000 1.023 1.748
1.000 1.022 1.801
1.000 1.022 1.774
1.000 1.022 1.773
1.000 1.022 1.772
1.000 1.019 1.826
1.000 1.019 1.772
1.00 1.018 1.798
1.000 1.018 1.771
1.000 1.017 1.797
1.000 1.017 1.770
1.000 1.015 1.824
1.000 1.015 1.770
1.000 1.014 1.797
1.000 1.014 1.770
1.00 1.012 1.796
1.000 1.012 1.769
1.000 1.012 1.769
1.000 1.010 1.823
1.000 1.010 1.769
1.000 1.010 1.769
1.000 1.009 1.796
1.000 1.009 1.769
1.000 1.009 1.768
1.000 1.009 1.768
1.000 1.009 1.767
1.000 1.009 1.767
1.000 1.009 1.767
1.000 1.009 1.766
1.000 1.009 1.766
1.000 1.009 1.765
1.000 1.009 1.765
1.000 1.009 1.764
1.00 1.008 1.792
1.000 1.008 1.764
1.000 1.008 1.764
1.000 1.008 1.764
1.000 1.008 1.763
1.000 1.006 1.818
1.000 1.006 1.764
1.000 1.006 1.764
1.00 1.004 1.791
1.000 1.004 1.765
1.000 1.004 1.764
1.000 1.004 1.764
1.000 1.004 1.764
1.000 1.003 1.791
1.000 1.003 1.764
1.000 1.004 1.737
1.000 1.004 1.763
1.000 1.004 1.763
1.000 1.003 1.790
1.000 1.003 1.764
1.000 1.003 1.763
1.000 1.003 1.763
1.000 1.003 1.763
1.000 1.001 1.818
1.000 1.001 1.765
1.000 1.000 1.792
1.000 1.000 1.765
1.000 0.999 1.793
1.000 0.999 1.766
1.000 0.999 1.766
1.000 0.996 1.822
1.000 0.996 1.768
1.000 0.996 1.769
1.000 0.995 1.796
1.000 0.995 1.770
1.000 0.995 1.770
1.000 0.995 1.770
1.000 0.995 1.771
1.000 0.995 1.771
1.000 0.995 1.771
1.000 0.995 1.771
1.000 0.995 1.771
1.000 0.995 1.772
1.000 0.996 1.744
1.000 0.996 1.771
1.000 0.996 1.771
1.000 0.996 1.772
1.000 0.999 1.717
1.000 0.999 1.770
1.000 0.999 1.770
1.000 1.000 1.743
1.000 1.000 1.769
1.00 1.001 1.742
1.000 1.001 1.769
1.000 1.001 1.768
1.000 1.003 1.713
1.000 1.003 1.767
1.000 1.003 1.766
1.000 1.003 1.766
1.000 1.003 1.766
1.000 1.003 1.766
1.000 1.003 1.766
1.000 1.003 1.766
1.000 1.003 1.765
1.000 1.003 1.765
1.000 1.001 1.820
1.000 1.001 1.767
1.000 1.001 1.767
1.000 1.001 1.767
1.000 1.001 1.767
1.000 1.001 1.767
1.000 1.001 1.767
1.000 1.001 1.767
1.000 1.001 1.767
1.000 1.001 1.766
1.000 1.001 1.766
1.000 1.003 1.711
1.000 1.003 1.765
1.000 1.003 1.764
1.000 1.003 1.764
1.000 1.003 1.764
1.000 1.003 1.764
1.000 1.003 1.764
1.000 1.003 1.764
1.000 1.003 1.763
1.000 1.003 1.763
1.000 1.003 1.763
1.000 1.003 1.763
1.000 1.003 1.763
1.000 1.003 1.763
1.000 1.003 1.763
1.000 1.001 1.817
1.000 1.001 1.764
1.000 1.001 1.764
1.00 1.000 1.791
1.000 1.000 1.765
1.000 1.000 1.765
1.000 0.999 1.792
1.000 0.999 1.766
1.000 0.999 1.766
1.000 0.999 1.766
1.000 0.999 1.766
1.000 0.999 1.766
1.000 0.999 1.766
1.00 0.999 1.766
1.000 0.999 1.766
1.000 0.999 1.766
1.000 0.999 1.766
1.000 0.999 1.766
1.000 1.000 1.739
1.000 1.000 1.766
1.000 1.000 1.766
1.000 1.000 1.766
1.000 1.000 1.766
1.000 1.000 1.766
1.000 1.001 1.738
1.000 1.001 1.765
1.000 1.001 1.765
1.000 1.001 1.765
1.000 1.001 1.765
1.000 1.001 1.765
1.000 1.001 1.765
1.000 1.001 1.765
1.000 1.001 1.765
1.000 1.001 1.764
1.000 1.001 1.764
1.000 1.001 1.764
1.000 1.001 1.764
1.000 1.001 1.764
1.000 1.000 1.792
1.000 1.000 1.765
1.000 1.000 1.765
1.000 1.000 1.765
1.000 0.999 1.793
1.000 0.999 1.766
1.000 0.999 1.766
1.000 0.999 1.766
1.000 0.999 1.766
1.00 0.999 1.766
1.000 0.999 1.766
1.000 0.999 1.766
1.000 0.999 1.767
1.000 0.999 1.767
1.000 0.999 1.767
1.000 1.000 1.739
1.000 1.000 1.766
1.000 1.000 1.766
1.000 1.000 1.766
1.000 1.001 1.738
1.000 1.001 1.765
1.000 1.001 1.765
1.000 1.001 1.765
1.000 1.003 1.710
1.000 1.003 1.763
1.000 1.003 1.763
1.000 1.003 1.763
1.000 1.003 1.763
1.000 1.003 1.762
1.000 1.003 1.762
1.00 1.001 1.817
1.000 1.001 1.764
1.000 1.001 1.764
1.000 1.001 1.764
1.000 1.000 1.791
1.000 1.000 1.764
1.000 1.000 1.765
1.000 1.000 1.765
1.000 1.000 1.765
1.000 0.999 1.792
1.000 0.999 1.765
1.000 0.999 1.766
1.000 0.996 1.821
1.000 0.996 1.768
1.000 0.996 1.768
1.000 0.996 1.768
1.000 0.996 1.768
1.000 0.996 1.768
1.000 0.999 1.713
1.000 0.999 1.767
1.000 0.999 1.767
1.000 0.999 1.767
1.000 1.000 1.739
1.000 1.000 1.766
1.000 1.000 1.766
1.000 1.000 1.766
1.000 1.001 1.739
1.000 1.001 1.765
1.000 1.001 1.765
1.000 1.001 1.765
1.000 1.001 1.765
1.000 1.001 1.765
1.000 1.003 1.710
1.000 1.003 1.763
1.000 1.003 1.763
1.000 1.003 1.763
1.000 1.003 1.763
1.000 1.003 1.762
1.000 1.001 1.817
1.000 1.001 1.764
1.000 1.001 1.764
1.000 1.001 1.764
1.000 1.000 1.791
1.000 1.000 1.765
1.000 1.000 1.765
1.000 1.000 1.765
1.000 0.999 1.792
1.000 0.999 1.766
1.000 0.999 1.766
1.000 0.999 1.766
1.000 0.999 1.766
1.000 0.999 1.766
1.000 0.996 1.821
1.000 0.996 1.768
1.000 0.999 1.713
1.000 0.999 1.766
1.000 0.999 1.767
1.000 1.000 1.739
1.000 1.000 1.766
1.000 1.000 1.766
1.000 1.000 1.766
1.000 1.001 1.738
1.000 1.001 1.765
1.000 1.001 1.765
1.000 1.003 1.710
1.000 1.003 1.763
1.000 1.003 1.763
1.000 1.003 1.763
1.000 1.003 1.762
1.000 1.003 1.762
1.000 1.003 1.762
1.000 1.003 1.762
1.000 1.001 1.817
1.000 1.001 1.763
1.000 1.001 1.763
1.000 1.000 1.791
1.000 1.000 1.764
1.000 0.999 1.792
1.000 0.999 1.765
1.000 0.999 1.765
1.000 0.996 1.820
1.000 0.996 1.767
1.000 0.996 1.767
1.000 0.996 1.768
1.000 0.996 1.768
1.000 0.996 1.768
1.000 0.996 1.768
1.000 0.996 1.768
1.000 0.996 1.768
1.000 0.999 1.714
1.000 0.999 1.767
1.000 0.999 1.767
1.000 1.000 1.740
1.000 1.000 1.766
1.000 1.000 1.766
1.000 1.001 1.739
1.000 1.001 1.765
1.000 1.001 1.765
1.000 1.001 1.765
1.000 1.003 1.710
1.000 1.003 1.763
1.000 1.003 1.763
1.000 1.003 1.763
1.000 1.003 1.763
1.000 1.003 1.763
1.00 1.001 1.818
1.000 1.001 1.764
1.000 1.001 1.764
1.000 1.000 1.792
1.000 1.000 1.765
1.000 0.999 1.793
1.000 0.996 1.821
1.000 0.996 1.768
1.000 0.996 1.768
1.000 0.995 1.796
1.000 0.995 1.769
1.000 0.994 1.797
1.000 0.994 1.771
1.000 0.994 1.771
1.000 0.994 1.771
1.000 0.994 1.772
1.000 0.992 1.827
1.000 0.994 1.719
1.000 0.994 1.773
1.000 0.994 1.773
1.000 0.994 1.773
1.000 0.995 1.746
1.000 0.995 1.773
1.000 0.996 1.746
1.000 0.996 1.772
1.000 0.996 1.772
1.000 0.999 1.718
1.000 0.999 1.771
1.000 0.999 1.771
1.000 1.000 1.744
1.000 1.000 1.770
1.000 1.000 1.770
1.000 1.000 1.770
1.000 1.000 1.770
1.000 1.000 1.770
1.000 1.000 1.770
1.000 1.000 1.770
1.000 1.000 1.770
1.000 1.000 1.770
1.000 1.000 1.770
1.000 1.000 1.770
1.000 0.999 1.798
1.000 0.999 1.771
1.000 0.999 1.771
1.000 0.999 1.771
1.000 0.996 1.827
1.000 0.996 1.773
1.000 0.996 1.774
1.000 0.996 1.774
1.000 0.996 1.774
1.000 0.999 1.719
1.000 0.999 1.772
1.000 0.999 1.773
1.000 0.999 1.773
1.000 0.999 1.773
1.000 0.999 1.773
1.000 0.999 1.773
1.000 1.000 1.745
1.000 1.000 1.772
1.000 1.000 1.772
1.000 1.000 1.772
1.000 1.000 1.772
1.000 1.000 1.772
1.000 1.000 1.772
1.000 1.001 1.745
1.000 1.001 1.771
1.000 1.001 1.771
1.000 1.001 1.771
1.000 1.001 1.771
1.00 1.001 1.771
1.000 1.000 1.798
1.000 1.000 1.772
1.000 1.000 1.772
1.000 1.000 1.772
1.000 1.000 1.772
1.000 1.000 1.772
1.00 1.000 1.772
1.000 1.000 1.772
1.000 1.000 1.772
1.000 1.000 1.772
1.000 1.000 1.772
1.000 1.000 1.772
1.000 1.000 1.772
1.000 1.000 1.772
1.000 1.000 1.772
1.000 1.000 1.772
1.000 1.000 1.772
1.000 1.000 1.772
1.000 1.001 1.744
1.000 1.001 1.771
1.000 1.001 1.771
1.000 1.001 1.771
1.000 1.001 1.771
1.000 1.001 1.771
1.000 1.001 1.771
1.000 1.001 1.771
1.000 1.001 1.771
1.000 1.001 1.771
1.000 1.001 1.771
1.000 1.001 1.771
1.000 1.001 1.771
1.000 1.000 1.798
1.000 1.000 1.771
1.000 1.000 1.771
1.000 1.000 1.771
1.000 1.000 1.771
1.000 0.999 1.799
1.000 0.999 1.772
1.000 0.996 1.828
1.000 0.996 1.774
1.000 0.996 1.775
1.000 0.996 1.775
0.350 0.996 1.744
0.350 0.996 1.713
0.350 0.996 1.683
0.350 0.996 1.652
0.350 0.996 1.621
0.350 0.996 1.590
0.350 0.996 1.560
0.350 0.996 1.529
0.350 0.995 1.526
0.350 0.992 1.551
0.350 0.991 1.468
0.350 0.986 1.521
0.350 0.981 1.494
0.350 0.976 1.495
0.350 0.969 1.497
0.350 0.962 1.473
0.350 0.953 1.504
0.350 0.941 1.537
0.350 0.930 1.518
0.350 0.917 1.527
0.350 0.903 1.537
0.350 0.888 1.548
0.350 0.872 1.561
0.350 0.856 1.549
0.350 0.838 1.592
0.350 0.819 1.582
0.350 0.801 1.574
0.350 0.780 1.621
0.350 0.760 1.589
0.350 0.741 1.584
0.350 0.720 1.608
0.350 0.702 1.551
0.350 0.682 1.576
0.350 0.664 1.547
0.350 0.645 1.546
0.350 0.628 1.518
0.350 0.612 1.490
0.350 0.596 1.490
0.350 0.581 1.463
0.350 0.566 1.463
0.350 0.553 1.409
0.350 0.541 1.409
0.350 0.529 1.382
0.350 0.518 1.382
0.350 0.507 1.355
0.350 0.499 1.301
0.350 0.490 1.327
0.350 0.483 1.272
0.350 0.476 1.271
0.350 0.469 1.270
0.350 0.465 1.215
0.350 0.458 1.268
0.350 0.453 1.213
0.350 0.449 1.211
0.350 0.444 1.210
0.350 0.439 1.209
0.350 0.435 1.208
0.350 0.433 1.153
0.350 0.429 1.178
0.350 0.425 1.205
0.350 0.421 1.177
0.350 0.419 1.149
0.350 0.415 1.175
0.350 0.412 1.174
0.350 0.407 1.201
0.350 0.405 1.147
0.350 0.402 1.174
0.350 0.397 1.201
0.350 0.393 1.175
0.350 0.391 1.148
0.350 0.387 1.203
0.350 0.383 1.177
0.350 0.380 1.178
0.350 0.377 1.152
0.350 0.374 1.180
0.350 0.370 1.181
0.350 0.368 1.155
0.350 0.365 1.184
0.350 0.364 1.130
0.350 0.360 1.186
0.350 0.359 1.133
0.350 0.356 1.188
0.350 0.354 1.136
0.350 0.352 1.164
0.350 0.351 1.138
0.350 0.350 1.139
0.350 0.347 1.167
0.350 0.347 1.114
0.350 0.346 1.142
0.350 0.345 1.143
0.350 0.345 1.116
0.350 0.345 1.116
0.350 0.345 1.117
0.350 0.343 1.172
0.350 0.343 1.119
0.350 0.343 1.119
0.350 0.343 1.120
0.350 0.343 1.120
0.350 0.343 1.120
0.350 0.343 1.121
0.350 0.343 1.121
0.350 0.345 1.066
0.350 0.345 1.120
0.350 0.345 1.120
0.350 0.345 1.120
0.350 0.345 1.121
0.350 0.345 1.121
0.350 0.343 1.176
0.350 0.345 1.068
0.350 0.343 1.177
0.350 0.343 1.124
0.350 0.343 1.124
0.350 0.342 1.152
0.350 0.342 1.126
0.350 0.342 1.126
0.350 0.342 1.126
0.350 0.342 1.127
0.350 0.342 1.127
0.350 0.342 1.128
0.350 0.341 1.155
0.350 0.341 1.129
0.350 0.341 1.130
0.350 0.341 1.130
0.350 0.341 1.131
0.350 0.341 1.131
0.350 0.338 1.187
0.350 0.338 1.134
0.350 0.338 1.134
0.350 0.338 1.135
0.350 0.341 1.080
0.350 0.341 1.134
0.350 0.341 1.135
0.350 0.341 1.135
0.350 0.341 1.136
0.350 0.341 1.136
0.350 0.342 1.109
0.350 0.341 1.163
0.350 0.342 1.110
0.350 0.342 1.137
0.350 0.342 1.137
0.350 0.342 1.138
0.350 0.342 1.138
0.350 0.342 1.138
0.350 0.342 1.139
0.350 0.342 1.139
0.350 0.342 1.140
0.350 0.342 1.140
0.350 0.342 1.140
0.350 0.342 1.141
0.350 0.342 1.141
0.350 0.343 1.114
0.350 0.343 1.141
0.350 0.343 1.141
0.350 0.343 1.142
0.350 0.343 1.142
0.350 0.345 1.087
0.350 0.345 1.141
0.350 0.345 1.141
0.350 0.345 1.141
0.350 0.346 1.114
0.350 0.346 1.141
0.350 0.346 1.141
0.350 0.346 1.141
0.350 0.346 1.141
0.350 0.346 1.142
0.350 0.347 1.114
0.350 0.347 1.141
0.350 0.347 1.141
0.350 0.347 1.141
0.350 0.346 1.169
0.350 0.346 1.142
0.350 0.346 1.143
0.350 0.346 1.143
0.350 0.346 1.143
0.350 0.346 1.143
0.350 0.346 1.143
0.350 0.346 1.143
0.350 0.346 1.144
0.350 0.346 1.144
0.350 0.346 1.144
0.350 0.346 1.144
0.350 0.346 1.144
0.350 0.346 1.145
0.350 0.346 1.145
0.350 0.346 1.145
0.350 0.346 1.145
0.350 0.346 1.145
0.350 0.347 1.118
0.350 0.347 1.145
0.350 0.347 1.145
0.350 0.347 1.145
0.350 0.347 1.145
0.350 0.347 1.145
0.350 0.347 1.145
0.350 0.347 1.145
0.350 0.347 1.146
0.350 0.347 1.146
0.350 0.347 1.146
0.350 0.347 1.146
0.350 0.347 1.146
0.350 0.347 1.146
0.350 0.347 1.146
0.350 0.347 1.146
0.350 0.347 1.146
0.350 0.347 1.147
0.350 0.347 1.147
0.350 0.347 1.147
0.350 0.347 1.147
0.350 0.347 1.147
0.350 0.347 1.147
0.350 0.346 1.175
0.350 0.347 1.121
0.350 0.346 1.175
0.350 0.346 1.149
0.350 0.346 1.149
0.350 0.346 1.149
0.350 0.346 1.149
0.350 0.346 1.149
0.350 0.346 1.150
0.350 0.346 1.150
0.350 0.346 1.150
0.350 0.346 1.150
0.350 0.346 1.150
0.350 0.346 1.150
0.350 0.346 1.151
0.350 0.346 1.151
0.350 0.346 1.151
0.350 0.347 1.124
0.350 0.347 1.150
0.350 0.347 1.151
0.350 0.347 1.151
0.350 0.347 1.151
0.350 0.347 1.151
0.350 0.347 1.151
0.350 0.347 1.151
0.350 0.347 1.151
0.350 0.347 1.151
0.350 0.347 1.151
0.350 0.347 1.152
0.350 0.347 1.152
0.350 0.347 1.152
0.350 0.347 1.152
0.350 0.347 1.152
0.350 0.347 1.152
0.350 0.347 1.152
0.350 0.347 1.152
0.350 0.347 1.153
0.350 0.347 1.153
0.350 0.347 1.153
0.350 0.347 1.153
0.350 0.347 1.153
0.350 0.347 1.153
0.350 0.347 1.153
0.350 0.347 1.153
0.350 0.347 1.154
0.350 0.347 1.154
0.350 0.347 1.154
0.350 0.347 1.154
0.350 0.347 1.154
0.350 0.347 1.154
0.350 0.347 1.154
0.350 0.347 1.154
0.350 0.347 1.155
0.350 0.347 1.155
0.350 0.347 1.155
0.350 0.347 1.155
0.350 0.347 1.155
0.350 0.347 1.155
0.350 0.347 1.155
0.350 0.347 1.155
0.350 0.347 1.156
0.350 0.347 1.156
0.350 0.347 1.156
0.350 0.347 1.156
0.350 0.347 1.156
0.350 0.347 1.156
0.350 0.347 1.156
0.350 0.347 1.156
0.350 0.347 1.156
0.350 0.347 1.157
0.350 0.347 1.157
0.350 0.347 1.157
0.350 0.347 1.157
0.350 0.347 1.157
0.350 0.347 1.157
0.350 0.347 1.157
0.350 0.347 1.157
0.350 0.350 1.103
0.350 0.350 1.156
0.350 0.350 1.156
0.350 0.350 1.156
0.350 0.350 1.156
0.350 0.350 1.156
0.350 0.350 1.156
0.350 0.350 1.156
0.350 0.350 1.156
0.350 0.350 1.156
0.350 0.350 1.156
0.350 0.350 1.156
0.350 0.350 1.156
0.350 0.350 1.156
0.350 0.347 1.211
0.350 0.347 1.158
0.350 0.347 1.158
0.350 0.347 1.158
0.350 0.347 1.158
0.350 0.347 1.158
0.350 0.347 1.158
0.350 0.347 1.159
0.350 0.347 1.159
0.350 0.347 1.159
0.350 0.347 1.159
0.350 0.347 1.159
0.350 0.347 1.159
0.350 0.347 1.159
0.350 0.347 1.159
0.350 0.347 1.160
0.350 0.350 1.105
0.350 0.350 1.158
0.350 0.351 1.130
0.350 0.351 1.157
0.350 0.351 1.157
0.350 0.352 1.129
0.350 0.352 1.156
0.350 0.354 1.101
0.350 0.354 1.154
0.350 0.354 1.154
0.350 0.354 1.154
0.350 0.354 1.153
0.350 0.354 1.153
0.350 0.354 1.153
0.350 0.354 1.153
0.350 0.354 1.153
0.350 0.352 1.207
0.350 0.352 1.154
0.350 0.352 1.154
0.350 0.351 1.181
0.350 0.351 1.155
0.350 0.350 1.182
0.350 0.350 1.155
0.350 0.350 1.155
0.350 0.347 1.210
0.350 0.347 1.157
0.350 0.347 1.157
0.350 0.347 1.158
0.350 0.347 1.158
0.350 0.347 1.158
0.350 0.347 1.158
0.350 0.347 1.158
0.350 0.347 1.158
0.350 0.347 1.158
0.350 0.347 1.158
0.350 0.347 1.159
0.350 0.347 1.159
0.350 0.347 1.159
0.350 0.350 1.104
0.350 0.350 1.157
0.350 0.350 1.157
0.350 0.350 1.157
0.350 0.350 1.157
0.350 0.350 1.157
0.350 0.350 1.157
0.350 0.351 1.130
0.350 0.350 1.184
0.350 0.350 1.157
0.350 0.351 1.130
0.350 0.351 1.156
0.350 0.351 1.156
0.350 0.351 1.156
0.350 0.351 1.156
0.350 0.351 1.156
0.350 0.351 1.156
0.350 0.351 1.156
0.350 0.351 1.156
0.350 0.351 1.156
0.350 0.351 1.156
0.350 0.351 1.156
0.350 0.351 1.156
0.350 0.351 1.156
0.350 0.351 1.156
0.350 0.351 1.156
0.350 0.351 1.156
0.350 0.351 1.156
0.350 0.351 1.156
0.350 0.351 1.156
0.350 0.351 1.155
0.350 0.351 1.155
0.350 0.351 1.155
0.350 0.351 1.155
0.350 0.351 1.155
0.350 0.351 1.155
0.350 0.351 1.155
0.350 0.350 1.183
0.350 0.350 1.156
0.350 0.350 1.156
0.350 0.350 1.156
0.350 0.350 1.156
0.350 0.350 1.156
0.350 0.350 1.156
0.350 0.350 1.156
0.350 0.350 1.156
0.350 0.350 1.156
0.350 0.351 1.129
0.350 0.351 1.155
0.350 0.351 1.155
0.350 0.351 1.155
0.350 0.350 1.183
0.350 0.351 1.129
0.350 0.351 1.155
0.350 0.351 1.155
0.350 0.351 1.155
0.350 0.351 1.155
0.350 0.351 1.155
0.350 0.351 1.155
0.350 0.351 1.155
0.350 0.351 1.155
0.350 0.351 1.155
0.350 0.351 1.155
0.350 0.351 1.155
0.350 0.351 1.155
0.350 0.351 1.155
0.350 0.351 1.155
0.350 0.350 1.182
0.350 0.351 1.128
0.350 0.350 1.182
0.350 0.350 1.155
0.350 0.350 1.155
0.350 0.350 1.155
0.350 0.350 1.155
0.350 0.350 1.155
0.350 0.350 1.155
0.350 0.350 1.155
0.350 0.350 1.155
0.350 0.350 1.155
0.350 0.350 1.155
0.350 0.350 1.155
0.350 0.350 1.155
0.350 0.350 1.155
0.350 0.350 1.156
0.350 0.350 1.156
0.350 0.350 1.156
0.350 0.350 1.156
0.350 0.350 1.156
0.350 0.350 1.156
0.350 0.350 1.156
0.350 0.350 1.156
0.350 0.350 1.156
0.350 0.350 1.156
0.350 0.350 1.156
0.350 0.350 1.156
0.350 0.350 1.156
0.350 0.347 1.211
0.350 0.350 1.102
0.350 0.350 1.156
0.350 0.350 1.156
0.350 0.350 1.156
0.350 0.350 1.156
0.350 0.350 1.156
0.350 0.350 1.156
0.350 0.350 1.156
0.350 0.351 1.128
0.350 0.351 1.155
0.350 0.351 1.155
0.350 0.351 1.155
0.350 0.351 1.155
0.350 0.351 1.155
0.350 0.351 1.155
0.350 0.351 1.155
0.350 0.351 1.155
0.350 0.351 1.155
0.350 0.351 1.155
0.350 0.351 1.155
0.350 0.351 1.155
0.350 0.351 1.154
0.350 0.351 1.154
0.350 0.351 1.154
0.350 0.351 1.154
0.350 0.351 1.154
0.350 0.351 1.154
0.350 0.351 1.154
0.350 0.351 1.154
0.350 0.351 1.154
0.350 0.351 1.154
0.350 0.351 1.154
0.350 0.351 1.154
0.350 0.351 1.154
0.350 0.350 1.181
0.350 0.350 1.155
0.350 0.350 1.155
0.350 0.350 1.155
0.350 0.350 1.155
0.350 0.350 1.155
0.350 0.350 1.155
0.350 0.350 1.155
0.350 0.350 1.155
0.350 0.350 1.155
0.350 0.350 1.155
0.350 0.350 1.155
0.350 0.350 1.155
0.350 0.350 1.155
1.300 0.350 1.200
1.300 0.350 1.245
1.300 0.350 1.290
1.300 0.350 1.336
1.300 0.350 1.381
1.300 0.351 1.398
1.300 0.351 1.470
1.300 0.352 1.488
1.300 0.356 1.477
1.300 0.357 1.574
1.300 0.360 1.563
1.300 0.365 1.578
1.300 0.370 1.591
1.300 0.379 1.576
1.300 0.387 1.614
1.300 0.397 1.596
1.300 0.407 1.631
1.300 0.421 1.584
1.300 0.435 1.615
1.300 0.452 1.563
1.300 0.469 1.591
1.300 0.488 1.590
1.300 0.507 1.587
1.300 0.529 1.555
1.300 0.552 1.547
1.300 0.575 1.566
1.300 0.599 1.555
1.300 0.622 1.598
1.300 0.647 1.585
1.300 0.673 1.543
1.300 0.697 1.608
1.300 0.724 1.564
1.300 0.748 1.626
1.300 0.773 1.607
1.300 0.797 1.640
1.300 0.821 1.646
1.300 0.844 1.678
1.300 0.866 1.710
1.300 0.888 1.714
1.300 0.909 1.745
1.300 0.930 1.748
1.300 0.948 1.805
1.300 0.966 1.808
1.300 0.985 1.810
1.300 1.001 1.866
1.00 1.018 1.840
1.300 1.033 1.896
1.300 1.050 1.842
1.300 1.064 1.924
1.300 1.079 1.897
1.300 1.095 1.869
1.300 1.109 1.921
1.300 1.123 1.920
1.300 1.137 1.918
1.300 1.152 1.888
1.300 1.165 1.911
1.300 1.180 1.880
1.300 1.194 1.902
1.300 1.208 1.896
1.300 1.224 1.835
1.300 1.238 1.882
1.300 1.252 1.874
1.300 1.267 1.839
1.300 1.280 1.857
1.300 1.293 1.875
1.300 1.307 1.838
1.300 1.318 1.882
1.300 1.331 1.845
1.300 1.344 1.834
1.300 1.354 1.878
1.300 1.364 1.867
1.300 1.374 1.884
1.300 1.383 1.873
1.300 1.392 1.863
1.300 1.400 1.879
1.300 1.409 1.841
1.300 1.415 1.911
1.300 1.422 1.874
1.300 1.428 1.890
1.300 1.432 1.907
1.300 1.437 1.897
1.300 1.442 1.888
1.300 1.445 1.905
1.300 1.447 1.923
1.300 1.451 1.887
1.300 1.452 1.932
1.300 1.454 1.896
1.300 1.455 1.915
1.300 1.455 1.934
1.300 1.457 1.899
1.300 1.457 1.918
1.300 1.457 1.911
1.300 1.455 1.931
1.300 1.455 1.897
1.300 1.454 1.917
1.300 1.454 1.883
1.300 1.452 1.931
1.300 1.450 1.925
1.300 1.447 1.920
1.300 1.445 1.915
1.300 1.443 1.909
1.300 1.440 1.904
1.300 1.438 1.899
1.300 1.434 1.950
1.300 1.431 1.892
1.300 1.428 1.915
1.300 1.424 1.911
1.300 1.422 1.880
1.300 1.417 1.931
1.300 1.413 1.929
1.300 1.409 1.900
1.300 1.405 1.925
1.300 1.400 1.923
1.300 1.396 1.922
1.300 1.391 1.921
1.300 1.386 1.920
1.300 1.383 1.892
1.300 1.377 1.945
1.300 1.373 1.919
1.300 1.368 1.919
1.300 1.363 1.919
1.300 1.359 1.919
1.300 1.354 1.920
1.300 1.350 1.921
1.300 1.345 1.922
1.300 1.340 1.923
1.300 1.337 1.897
1.300 1.332 1.926
1.300 1.327 1.955
1.300 1.322 1.931
1.300 1.318 1.906
1.300 1.314 1.935
1.300 1.309 1.938
1.300 1.307 1.886
1.300 1.302 1.942
1.300 1.299 1.918
1.300 1.294 1.948
1.300 1.291 1.924
1.300 1.289 1.900
1.300 1.284 1.957
1.300 1.282 1.906
1.300 1.279 1.909
1.300 1.276 1.939
1.300 1.272 1.943
1.300 1.271 1.892
1.300 1.270 1.894
1.300 1.268 1.924
1.300 1.266 1.927
1.300 1.263 1.930
1.300 1.262 1.906
1.300 1.261 1.909
1.300 1.261 1.884
1.300 1.259 1.941
1.300 1.257 1.917
1.300 1.257 1.893
1.300 1.257 1.895
1.300 1.257 1.897
1.300 1.256 1.926
1.300 1.257 1.874
1.300 1.257 1.903
1.300 1.259 1.877
1.300 1.259 1.906
1.300 1.261 1.853
1.300 1.262 1.881
1.300 1.263 1.882
1.300 1.266 1.855
1.300 1.266 1.910
1.300 1.267 1.884
1.300 1.268 1.885
1.300 1.270 1.858
1.300 1.270 1.913
1.300 1.271 1.886
1.300 1.271 1.914
1.300 1.272 1.888
1.300 1.272 1.916
1.300 1.275 1.863
1.300 1.275 1.917
1.300 1.276 1.891
1.300 1.276 1.919
1.300 1.277 1.892
1.300 1.279 1.865
1.300 1.279 1.919
1.300 1.280 1.893
1.300 1.282 1.893
1.300 1.282 1.920
1.300 1.284 1.866
1.300 1.285 1.893
1.300 1.286 1.892
1.300 1.289 1.865
1.300 1.290 1.891
1.300 1.290 1.918
1.300 1.291 1.891
1.300 1.291 1.918
1.300 1.293 1.864
1.300 1.293 1.917
1.300 1.293 1.918
1.300 1.293 1.918
1.300 1.293 1.918
1.300 1.293 1.919
1.300 1.293 1.919
1.300 1.293 1.919
1.300 1.293 1.920
1.300 1.293 1.920
1.300 1.293 1.920
1.300 1.293 1.921
1.300 1.293 1.921
1.300 1.293 1.921
1.300 1.293 1.922
1.300 1.293 1.922
1.300 1.293 1.922
1.300 1.294 1.895
1.300 1.294 1.922
1.300 1.295 1.895
1.300 1.295 1.922
1.300 1.295 1.922
1.300 1.298 1.867
1.300 1.298 1.920
1.300 1.299 1.893
1.300 1.299 1.920
1.300 1.300 1.892
1.300 1.300 1.919
1.300 1.300 1.919
1.300 1.302 1.864
1.300 1.302 1.917
1.300 1.302 1.917
1.300 1.302 1.917
1.300 1.304 1.889
1.300 1.304 1.916
1.300 1.304 1.915
1.300 1.304 1.915
1.300 1.304 1.915
1.300 1.304 1.915
1.300 1.302 1.942
1.300 1.302 1.916
1.300 1.302 1.915
1.300 1.302 1.915
1.300 1.302 1.915
1.300 1.302 1.915
1.300 1.302 1.915
1.300 1.302 1.915
1.300 1.302 1.915
1.300 1.302 1.915
1.300 1.302 1.914
1.300 1.302 1.914
1.300 1.302 1.914
1.300 1.302 1.914
1.300 1.304 1.887
1.300 1.304 1.913
1.300 1.304 1.913
1.300 1.305 1.885
1.300 1.305 1.912
1.300 1.307 1.856
1.300 1.307 1.909
1.300 1.307 1.909
1.300 1.308 1.881
1.300 1.308 1.907
1.300 1.309 1.880
1.300 1.309 1.906
1.300 1.309 1.905
1.300 1.309 1.905
1.300 1.312 1.849
1.300 1.312 1.902
1.300 1.312 1.902
1.300 1.312 1.901
1.300 1.309 1.955
1.300 1.312 1.847
1.300 1.309 1.954
1.300 1.309 1.901
1.300 1.309 1.900
1.300 1.308 1.927
1.300 1.308 1.900
1.300 1.307 1.927
1.300 1.307 1.901
1.300 1.307 1.900
1.300 1.307 1.900
1.300 1.305 1.955
1.300 1.305 1.901
1.300 1.305 1.901
1.300 1.304 1.928
1.300 1.304 1.901
1.300 1.304 1.901
1.300 1.302 1.928
1.300 1.302 1.902
1.300 1.302 1.902
1.300 1.302 1.901
1.300 1.302 1.901
1.300 1.302 1.901
1.00 1.300 1.956
1.300 1.300 1.903
1.300 1.300 1.903
1.300 1.300 1.903
1.300 1.300 1.903
1.300 1.302 1.848
1.300 1.302 1.901
1.300 1.302 1.901
1.300 1.302 1.901
1.300 1.302 1.901
1.300 1.302 1.901
1.300 1.302 1.900
1.300 1.304 1.873
1.300 1.304 1.899
1.300 1.304 1.899
1.300 1.304 1.899
1.300 1.304 1.899
1.300 1.305 1.871
1.300 1.305 1.898
1.300 1.305 1.897
1.300 1.305 1.897
1.300 1.305 1.897
1.300 1.305 1.897
1.300 1.305 1.896
1.300 1.305 1.896
1.300 1.305 1.896
1.300 1.305 1.896
1.300 1.304 1.923
1.300 1.304 1.896
1.300 1.304 1.896
1.300 1.304 1.896
1.300 1.304 1.896
1.300 1.304 1.896
1.300 1.304 1.895
1.300 1.304 1.895
1.300 1.304 1.895
1.300 1.302 1.922
1.300 1.302 1.896
1.300 1.302 1.896
1.300 1.300 1.951
1.300 1.300 1.897
1.300 1.299 1.925
1.300 1.299 1.898
1.300 1.299 1.898
1.300 1.298 1.926
1.300 1.298 1.899
1.300 1.298 1.899
1.300 1.295 1.954
1.300 1.295 1.901
1.300 1.295 1.902
1.300 1.295 1.902
1.300 1.295 1.902
1.300 1.295 1.902
1.300 1.294 1.930
1.300 1.294 1.904
1.300 1.294 1.904
1.300 1.294 1.904
1.300 1.294 1.904
1.300 1.294 1.905
1.300 1.295 1.877
1.300 1.294 1.932
1.300 1.295 1.878
1.300 1.294 1.932
1.300 1.294 1.906
1.300 1.294 1.906
1.300 1.294 1.906
1.300 1.294 1.907
1.300 1.294 1.907
1.300 1.294 1.907
1.300 1.294 1.908
1.300 1.294 1.908
1.300 1.294 1.908
1.300 1.294 1.908
1.300 1.293 1.936
1.00 1.293 1.910
1.300 1.293 1.910
1.300 1.293 1.910
1.300 1.291 1.966
1.300 1.291 1.913
1.300 1.291 1.913
1.300 1.290 1.941
1.300 1.290 1.915
1.300 1.290 1.916
1.300 1.290 1.916
1.300 1.291 1.889
1.300 1.291 1.916
1.300 1.291 1.917
1.300 1.293 1.862
1.300 1.293 1.916
1.300 1.294 1.889
1.300 1.294 1.915
1.300 1.295 1.888
1.300 1.295 1.915
1.300 1.298 1.860
1.300 1.299 1.886
1.300 1.299 1.913
1.300 1.300 1.885
1.300 1.300 1.912
1.300 1.302 1.857
1.300 1.302 1.910
1.300 1.304 1.883
1.300 1.304 1.909
1.00 1.304 1.909
1.300 1.304 1.909
1.300 1.305 1.881
1.300 1.305 1.907
1.300 1.305 1.907
1.300 1.305 1.907
1.300 1.305 1.907
1.300 1.304 1.934
1.300 1.304 1.907
1.300 1.304 1.907
1.300 1.304 1.907
1.300 1.304 1.907
1.300 1.304 1.907
1.300 1.302 1.934
1.300 1.302 1.907
1.300 1.302 1.907
1.300 1.302 1.907
1.300 1.302 1.907
1.300 1.302 1.907
1.300 1.302 1.907
1.300 1.302 1.907
1.300 1.302 1.906
1.300 1.302 1.906
1.300 1.302 1.906
1.300 1.300 1.961
1.300 1.300 1.908
1.300 1.300 1.908
1.300 1.300 1.908
1.300 1.302 1.853
1.300 1.300 1.961
1.300 1.300 1.908
1.300 1.300 1.908
1.300 1.300 1.908
1.300 1.300 1.908
1.300 1.302 1.853
1.300 1.300 1.961
1.300 1.302 1.853
1.300 1.302 1.906
1.300 1.302 1.906
1.300 1.302 1.905
1.300 1.302 1.905
1.300 1.302 1.905
1.300 1.302 1.905
1.300 1.302 1.905
1.300 1.302 1.905
1.300 1.302 1.905
1.300 1.302 1.905
1.300 1.302 1.905
1.300 1.302 1.904
1.300 1.302 1.904
1.300 1.302 1.904
1.300 1.302 1.904
1.300 1.302 1.904
1.300 1.302 1.904
1.300 1.302 1.904
1.300 1.302 1.904
1.300 1.302 1.904
1.300 1.302 1.903
1.300 1.302 1.903
1.300 1.302 1.903
1.300 1.302 1.903
1.300 1.302 1.903
1.300 1.304 1.875
1.300 1.304 1.902
1.300 1.304 1.902
1.300 1.304 1.902
1.300 1.304 1.901
1.300 1.304 1.901
1.300 1.304 1.901
1.300 1.304 1.901
1.300 1.304 1.901
1.300 1.302 1.928
1.300 1.304 1.874
1.300 1.302 1.928
1.300 1.302 1.901
1.300 1.302 1.901
1.300 1.302 1.901
1.300 1.302 1.901
1.300 1.302 1.901
1.300 1.302 1.900
1.300 1.302 1.900
1.300 1.302 1.900
1.300 1.302 1.900
1.300 1.302 1.900
1.300 1.302 1.900
1.300 1.302 1.900
1.300 1.302 1.900
1.300 1.302 1.900
1.300 1.302 1.899
1.300 1.302 1.899
1.300 1.300 1.954
1.300 1.300 1.901
1.300 1.300 1.901
1.300 1.300 1.901
1.300 1.299 1.928
1.300 1.299 1.902
1.300 1.299 1.902
1.300 1.298 1.929
1.300 1.298 1.903
1.300 1.298 1.903
1.300 1.295 1.958
1.300 1.295 1.905
1.300 1.294 1.933
1.300 1.294 1.906
1.300 1.294 1.907
1.300 1.293 1.935
1.300 1.293 1.908
1.300 1.293 1.909
1.300 1.293 1.909
1.300 1.293 1.909
1.300 1.293 1.909
1.000 1.293 1.896
1.000 1.291 1.937
1.000 1.291 1.870
1.000 1.293 1.801
1.000 1.291 1.895
1.000 1.291 1.828
1.000 1.291 1.814
1.00 1.290 1.828
1.000 1.290 1.787
1.00 1.289 1.801
1.000 1.286 1.816
1.00 1.285 1.776
1.000 1.282 1.819
1.000 1.279 1.780
1.000 1.276 1.796
1.00 1.271 1.813
1.000 1.267 1.804
1.000 1.262 1.795
1.000 1.256 1.813
1.000 1.249 1.833
1.000 1.243 1.826
1.000 1.236 1.820
1.000 1.229 1.814
1.000 1.220 1.863
1.000 1.211 1.832
1.000 1.202 1.856
1.000 1.193 1.853
1.000 1.184 1.851
1.000 1.175 1.849
1.000 1.165 1.848
1.000 1.156 1.847
1.000 1.147 1.846
1.000 1.138 1.846
1.000 1.129 1.846
1.000 1.119 1.847
1.000 1.111 1.821
1.000 1.104 1.794
1.000 1.096 1.822
1.000 1.088 1.823
1.000 1.081 1.798
1.000 1.073 1.827
1.000 1.068 1.774
1.000 1.061 1.803
1.000 1.055 1.778
1.000 1.049 1.779
1.000 1.042 1.809
1.000 1.038 1.757
1.000 1.032 1.786
1.000 1.027 1.761
1.000 1.023 1.764
1.000 1.018 1.766
1.000 1.015 1.741
1.000 1.010 1.770
1.000 1.008 1.718
1.000 1.003 1.775
1.000 1.000 1.751
1.000 0.996 1.753
1.000 0.994 1.728
1.000 0.989 1.786
1.000 0.987 1.734
1.000 0.983 1.792
1.000 0.980 1.741
1.000 0.978 1.744
1.000 0.976 1.747
1.000 0.973 1.749
1.000 0.971 1.752
1.000 0.968 1.783
1.000 0.966 1.732
1.000 0.964 1.762
1.000 0.963 1.738
1.000 0.962 1.741
1.000 0.960 1.771
1.000 0.958 1.747
1.000 0.957 1.750
1.000 0.957 1.725
1.000 0.955 1.782
1.000 0.955 1.731
1.000 0.955 1.733
1.000 0.955 1.735
1.000 0.955 1.738
1.000 0.955 1.740
1.000 0.955 1.742
1.000 0.955 1.744
1.000 0.957 1.691
1.000 0.957 1.746
1.000 0.958 1.721
1.000 0.960 1.722
1.000 0.960 1.751
1.000 0.962 1.698
1.000 0.962 1.753
1.000 0.963 1.727
1.000 0.963 1.755
1.000 0.963 1.757
1.000 0.964 1.731
1.000 0.964 1.760
1.000 0.964 1.761
1.000 0.964 1.763
1.000 0.966 1.710
1.00 0.966 1.765
1.000 0.968 1.739
1.000 0.968 1.767
1.000 0.968 1.769
1.000 0.968 1.770
1.000 0.969 1.744
1.000 0.969 1.772
1.000 0.971 1.719
1.000 0.971 1.773
1.000 0.971 1.775
1.000 0.972 1.749
1.000 0.972 1.777
1.000 0.973 1.750
1.000 0.973 1.778
1.000 0.976 1.725
1.00 0.976 1.779
1.000 0.976 1.780
1.000 0.976 1.781
1.000 0.977 1.755
1.000 0.977 1.783
1.000 0.978 1.756
1.000 0.978 1.784
1.000 0.980 1.730
1.000 0.980 1.784
1.000 0.981 1.758
1.000 0.981 1.785
1.000 0.983 1.759
1.000 0.983 1.786
1.000 0.985 1.732
1.000 0.985 1.786
1.000 0.986 1.759
1.000 0.986 1.786
1.000 0.986 1.787
1.000 0.986 1.788
1.000 0.987 1.761
1.000 0.987 1.788
1.000 0.987 1.789
1.000 0.987 1.789
1.000 0.987 1.790
1.000 0.989 1.736
1.000 0.989 1.789
1.000 0.989 1.790
1.000 0.991 1.763
1.000 0.991 1.790
1.000 0.992 1.763
1.000 0.992 1.790
1.000 0.994 1.735
1.000 0.994 1.789
1.000 0.995 1.762
1.000 0.995 1.789
1.000 0.996 1.761
1.000 0.996 1.788
1.000 0.999 1.733
1.000 0.999 1.787
1.000 1.000 1.759
1.000 1.000 1.786
1.000 1.000 1.786
1.000 1.001 1.758
1.000 1.001 1.785
1.000 1.003 1.730
1.000 1.003 1.783
1.000 1.003 1.783
1.000 1.004 1.755
1.000 1.004 1.782
1.000 1.004 1.781
1.000 1.004 1.781
1.000 1.006 1.754
1.000 1.006 1.780
1.000 1.006 1.780
1.000 1.008 1.724
1.000 1.008 1.777
1.000 1.008 1.777
1.000 1.008 1.777
1.000 1.008 1.776
1.000 1.009 1.748
1.000 1.009 1.775
1.000 1.009 1.774
1.000 1.009 1.774
1.000 1.009 1.773
1.000 1.009 1.773
1.000 1.008 1.800
1.000 1.009 1.745
1.000 1.008 1.799
1.000 1.008 1.772
1.000 1.008 1.772
1.000 1.008 1.771
1.000 1.008 1.771
1.000 1.008 1.771
1.000 1.006 1.825
1.000 1.006 1.772
1.000 1.006 1.771
1.000 1.006 1.771
1.000 1.004 1.798
1.00 1.004 1.772
1.000 1.004 1.771
1.000 1.004 1.771
1.000 1.004 1.771
1.000 1.004 1.771
1.000 1.004 1.771
1.000 1.004 1.770
1.000 1.004 1.770
1.000 1.004 1.770
1.000 1.004 1.770
1.000 1.006 1.742
1.000 1.006 1.768
1.000 1.006 1.768
1.000 1.006 1.768
1.000 1.006 1.768
1.000 1.006 1.767
1.000 1.006 1.767
1.000 1.006 1.767
1.000 1.006 1.767
1.000 1.006 1.766
1.000 1.006 1.766
1.000 1.006 1.766
1.000 1.006 1.765
1.000 1.006 1.765
1.000 1.006 1.765
1.000 1.006 1.765
1.000 1.006 1.764
1.000 1.006 1.764
1.000 1.006 1.764
1.000 1.004 1.791
1.000 1.004 1.764
1.00 1.003 1.792
1.000 1.001 1.820
1.000 1.001 1.766
1.000 1.000 1.794
1.000 0.999 1.795
1.000 0.996 1.823
1.000 0.996 1.770
1.000 0.995 1.798
1.000 0.995 1.771
1.000 0.995 1.772
1.000 0.995 1.772
1.000 0.995 1.772
1.000 0.995 1.772
1.000 0.995 1.773
1.000 0.996 1.745
1.000 0.996 1.772
1.000 0.999 1.717
1.000 1.000 1.743
1.000 1.001 1.742
1.000 1.003 1.714
1.000 1.003 1.767
1.000 1.004 1.739
1.000 1.004 1.766
1.000 1.006 1.738
1.000 1.006 1.764
1.000 1.008 1.709
1.000 1.008 1.762
1.000 1.008 1.762
1.000 1.008 1.761
1.000 1.008 1.761
1.000 1.006 1.816
1.000 1.006 1.762
1.000 1.004 1.789
1.000 1.004 1.762
1.000 1.003 1.790
1.000 1.001 1.818
1.000 1.001 1.765
1.000 1.000 1.792
1.000 1.000 1.765
1.000 0.999 1.793
1.000 0.999 1.766
1.000 0.996 1.821
1.000 0.996 1.768
1.000 0.996 1.769
1.000 0.996 1.769
1.000 0.996 1.769
1.000 0.996 1.769
1.000 0.996 1.769
1.000 0.996 1.769
1.000 0.996 1.770
1.000 0.996 1.770
1.000 0.999 1.715
1.000 0.999 1.768
1.00 0.999 1.768
1.000 1.000 1.741
1.000 1.000 1.768
1.000 1.001 1.740
1.000 1.001 1.767
1.000 1.001 1.767
1.000 1.003 1.712
1.000 1.003 1.765
1.000 1.003 1.765
1.000 1.003 1.764
1.000 1.003 1.764
1.000 1.004 1.737
1.000 1.004 1.763
1.000 1.004 1.763
1.000 1.004 1.763
1.000 1.004 1.762
1.000 1.004 1.762
1.000 1.004 1.762
1.000 1.004 1.762
1.000 1.003 1.789
1.000 1.003 1.762
1.000 1.003 1.762
1.000 1.003 1.762
1.000 1.001 1.817
1.000 1.001 1.763
1.000 1.000 1.791
1.000 0.999 1.792
1.000 0.999 1.765
1.000 0.996 1.820
1.000 0.996 1.767
1.000 0.995 1.795
1.000 0.995 1.768
1.000 0.995 1.769
1.000 0.994 1.796
1.000 0.994 1.770
1.000 0.995 1.743
1.000 0.995 1.770
1.000 0.995 1.770
1.000 0.995 1.770
1.000 0.996 1.743
1.000 0.996 1.770
1.000 0.996 1.770
1.000 0.999 1.715
1.000 0.999 1.768
1.000 0.999 1.768
1.000 1.000 1.741
1.000 1.000 1.768
1.000 1.000 1.768
1.000 1.000 1.768
1.000 1.000 1.768
1.000 1.001 1.740
1.000 1.000 1.794
1.000 1.000 1.768
1.000 1.000 1.768
1.000 1.000 1.768
1.00 1.000 1.768
1.000 1.000 1.768
1.000 1.000 1.768
1.000 1.000 1.768
1.000 1.000 1.768
1.000 0.999 1.795
1.000 0.999 1.769
1.000 0.999 1.769
1.000 0.996 1.824
1.000 0.996 1.771
1.000 0.996 1.771
1.000 0.996 1.771
1.000 0.996 1.771
1.000 0.996 1.771
1.000 0.995 1.799
1.000 0.995 1.773
1.000 0.995 1.773
1.000 0.995 1.773
1.000 0.995 1.773
1.000 0.994 1.801
1.000 0.994 1.775
1.000 0.992 1.830
1.000 0.992 1.777
1.000 0.992 1.778
1.000 0.991 1.805
1.000 0.991 1.779
1.000 0.991 1.780
1.000 0.991 1.780
1.000 0.991 1.781
1.00 0.991 1.781
1.000 0.991 1.782
1.000 0.991 1.782
1.000 0.992 1.755
1.000 0.992 1.782
1.000 0.992 1.782
1.000 0.994 1.728
1.000 0.994 1.781
1.000 0.994 1.782
1.000 0.995 1.754
1.000 0.996 1.754
1.000 0.996 1.781
1.000 0.996 1.781
1.000 0.999 1.726
1.000 0.999 1.779
1.000 1.000 1.752
1.000 1.000 1.778
1.000 1.001 1.751
1.000 1.001 1.778
1.000 1.001 1.777
1.000 1.003 1.722
1.000 1.003 1.776
1.000 1.003 1.775
1.000 1.003 1.775
1.000 1.003 1.775
1.000 1.003 1.775
1.000 1.003 1.775
1.000 1.003 1.775
1.000 1.003 1.774
1.000 1.003 1.774
1.000 1.001 1.829
1.000 1.001 1.776
1.000 1.001 1.776
1.000 1.001 1.776
1.000 1.000 1.803
1.000 1.000 1.777
1.000 1.000 1.777
1.000 1.000 1.777
1.000 1.000 1.777
1.000 1.000 1.777
1.000 1.000 1.777
1.000 0.999 1.804
1.000 1.000 1.750
1.000 1.000 1.777
1.000 1.000 1.777
1.000 1.000 1.777
1.000 1.000 1.777
1.000 1.000 1.777
1.000 1.000 1.777
1.000 1.000 1.777
1.000 1.000 1.777
1.000 1.000 1.777
1.000 1.000 1.777
1.000 1.000 1.777
1.000 1.000 1.777
1.000 1.001 1.749
1.000 1.000 1.803
1.000 1.000 1.777
1.000 1.000 1.777
1.000 1.000 1.777
1.000 1.000 1.777
1.000 1.000 1.777
1.000 1.000 1.777
1.000 0.999 1.804
1.000 0.999 1.778
1.000 0.996 1.833
1.000 0.996 1.780
1.000 0.996 1.780
1.000 0.996 1.780
1.000 0.996 1.780
1.000 0.996 1.781
1.000 0.996 1.781
1.000 0.996 1.781
1.000 0.996 1.781
1.000 0.996 1.781
1.000 0.996 1.781
1.000 0.999 1.727
1.000 0.999 1.780
1.000 1.000 1.752
1.000 1.000 1.779
1.000 1.001 1.752
1.000 1.001 1.778
1.000 1.001 1.778
1.000 1.001 1.778
1.000 1.001 1.778
1.000 1.001 1.778
1.000 1.001 1.778
1.000 1.001 1.778
1.000 1.001 1.778
1.000 1.001 1.778
1.000 1.001 1.778
1.000 1.000 1.805
1.000 1.000 1.779
1.000 0.999 1.806
1.000 0.996 1.835
1.000 0.996 1.782
1.000 0.995 1.809
1.000 0.995 1.783
1.000 0.994 1.811
1.000 0.992 1.839
1.000 0.992 1.786
1.000 0.991 1.814
1.000 0.989 1.816
1.000 0.989 1.789
1.000 0.989 1.790
1.000 0.989 1.790
1.000 0.989 1.791
1.000 0.991 1.764
1.000 0.991 1.791
1.000 0.992 1.764
1.000 0.992 1.791
1.000 0.994 1.736
1.000 0.995 1.762
1.000 0.995 1.789
1.000 0.996 1.762
1.000 0.999 1.734
1.000 1.000 1.760
1.000 1.000 1.786
1.000 1.001 1.759
1.000 1.003 1.730
1.00 1.003 1.783
1.000 1.004 1.756
1.000 1.004 1.782
1.000 1.006 1.755
1.000 1.006 1.781
1.000 1.008 1.726
1.000 1.008 1.779
1.000 1.008 1.778
1.000 1.008 1.778
1.000 1.008 1.777
1.000 1.006 1.832
1.000 1.006 1.779
1.000 1.006 1.778
1.000 1.004 1.806
1.000 1.004 1.779
1.000 1.004 1.778
1.000 1.003 1.806
1.000 1.003 1.779
1.000 1.003 1.779
1.000 1.001 1.834
1.000 1.001 1.780
0.350 1.001 1.749
0.350 1.001 1.718
0.350 1.001 1.688
0.350 1.001 1.657
0.350 1.001 1.626
0.50 1.001 1.595
0.350 1.000 1.591
0.350 1.000 1.534
0.350 0.996 1.585
0.350 0.995 1.502
0.350 0.994 1.472
0.350 0.989 1.525
0.350 0.985 1.498
0.350 0.978 1.527
0.350 0.971 1.502
0.350 0.963 1.505
0.350 0.954 1.509
0.350 0.943 1.515
0.350 0.931 1.550
0.350 0.917 1.559
0.350 0.903 1.543
0.350 0.888 1.554
0.350 0.871 1.595
0.350 0.854 1.583
0.350 0.835 1.600
0.350 0.817 1.590
0.350 0.797 1.610
0.350 0.778 1.603
0.350 0.757 1.625
0.350 0.737 1.594
0.350 0.718 1.590
0.350 0.697 1.615
0.350 0.678 1.586
0.350 0.658 1.585
0.350 0.640 1.558
0.350 0.621 1.558
0.350 0.604 1.532
0.350 0.587 1.532
0.350 0.572 1.479
0.350 0.558 1.452
0.350 0.545 1.425
0.350 0.534 1.398
0.350 0.522 1.398
0.350 0.513 1.343
0.350 0.504 1.343
0.350 0.498 1.260
0.350 0.490 1.312
0.350 0.486 1.229
0.350 0.481 1.226
0.350 0.476 1.223
0.350 0.474 1.166
0.350 0.471 1.189
0.350 0.469 1.131
0.350 0.467 1.153
0.350 0.465 1.150
0.350 0.461 1.173
0.350 0.460 1.116
0.350 0.458 1.139
0.350 0.456 1.135
0.350 0.452 1.160
0.350 0.449 1.157
0.350 0.446 1.128
0.350 0.443 1.152
0.350 0.438 1.178
0.350 0.434 1.177
0.350 0.429 1.177
0.350 0.425 1.177
0.350 0.420 1.176
0.350 0.414 1.204
0.350 0.410 1.178
0.350 0.403 1.234
0.350 0.397 1.209
0.350 0.391 1.211
0.350 0.383 1.268
0.350 0.377 1.218
0.350 0.370 1.248
0.350 0.366 1.197
0.350 0.360 1.228
0.350 0.356 1.204
0.350 0.351 1.207
0.350 0.346 1.211
0.350 0.342 1.214
0.350 0.338 1.191
0.350 0.337 1.139
0.350 0.334 1.195
0.350 0.332 1.144
0.350 0.331 1.145
0.350 0.331 1.119
0.350 0.331 1.120
0.350 0.331 1.121
0.350 0.332 1.095
0.350 0.334 1.095
0.350 0.334 1.122
0.350 0.337 1.040
0.350 0.338 1.093
0.350 0.341 1.065
0.350 0.342 1.092
0.350 0.345 1.036
0.50 0.346 1.089
0.350 0.347 1.088
0.350 0.350 1.060
0.350 0.351 1.086
0.350 0.352 1.085
0.50 0.352 1.111
0.350 0.352 1.111
0.350 0.352 1.111
0.350 0.352 1.111
0.350 0.352 1.111
0.350 0.351 1.138
0.350 0.350 1.139
0.350 0.347 1.168
0.350 0.346 1.142
0.50 0.345 1.143
0.350 0.343 1.172
0.350 0.342 1.146
0.350 0.338 1.202
0.50 0.338 1.123
0.350 0.337 1.151
0.350 0.336 1.153
0.50 0.336 1.127
0.350 0.334 1.182
0.350 0.334 1.130
0.350 0.332 1.158
0.350 0.334 1.105
0.350 0.334 1.132
0.350 0.334 1.133
0.350 0.334 1.134
0.350 0.336 1.079
0.350 0.336 1.133
0.350 0.337 1.107
0.350 0.338 1.106
0.350 0.338 1.134
0.350 0.338 1.134
0.350 0.341 1.080
0.350 0.341 1.133
0.350 0.342 1.106
0.350 0.342 1.133
0.350 0.342 1.134
0.350 0.342 1.134
0.350 0.343 1.107
0.350 0.342 1.162
0.350 0.342 1.135
0.350 0.342 1.136
0.350 0.341 1.164
0.350 0.341 1.137
0.350 0.341 1.138
0.350 0.338 1.193
0.350 0.338 1.141
0.350 0.338 1.141
0.350 0.338 1.142
0.350 0.338 1.142
0.350 0.337 1.170
0.350 0.337 1.144
0.350 0.337 1.145
0.350 0.338 1.118
0.350 0.338 1.145
0.350 0.338 1.146
0.350 0.338 1.146
0.350 0.338 1.147
0.350 0.341 1.092
0.350 0.341 1.146
0.350 0.342 1.119
0.350 0.343 1.119
0.350 0.343 1.146
0.350 0.345 1.091
0.350 0.345 1.144
0.350 0.346 1.117
0.350 0.346 1.144
0.350 0.346 1.144
0.350 0.346 1.144
0.350 0.347 1.117
0.350 0.347 1.144
0.350 0.347 1.144
0.350 0.347 1.144
0.350 0.347 1.144
0.350 0.346 1.172
0.350 0.346 1.145
0.350 0.346 1.145
0.350 0.345 1.173
0.350 0.345 1.147
0.350 0.343 1.202
0.350 0.343 1.149
0.350 0.342 1.177
0.350 0.342 1.151
0.350 0.341 1.179
0.350 0.338 1.207
0.350 0.338 1.155
0.350 0.338 1.155
0.350 0.338 1.156
0.350 0.338 1.156
0.350 0.337 1.184
0.350 0.338 1.131
0.350 0.337 1.186
0.350 0.338 1.132
0.350 0.338 1.159
0.350 0.338 1.160
0.350 0.338 1.160
0.350 0.341 1.106
0.350 0.341 1.160
0.350 0.341 1.160
0.350 0.342 1.133
0.350 0.343 1.133
0.350 0.343 1.160
0.350 0.343 1.160
0.350 0.343 1.160
0.350 0.343 1.161
0.350 0.343 1.161
0.350 0.343 1.161
0.350 0.343 1.162
0.350 0.343 1.162
0.350 0.343 1.162
0.350 0.343 1.163
0.350 0.342 1.190
0.350 0.342 1.164
0.350 0.342 1.165
0.350 0.342 1.165
0.350 0.342 1.165
0.350 0.342 1.166
0.350 0.342 1.166
0.350 0.342 1.167
0.350 0.343 1.139
0.350 0.343 1.166
0.350 0.343 1.167
0.350 0.343 1.167
0.350 0.343 1.167
0.350 0.343 1.168
0.350 0.343 1.168
0.350 0.343 1.168
0.350 0.345 1.114
0.350 0.345 1.167
0.350 0.345 1.168
0.350 0.345 1.168
0.350 0.345 1.168
0.350 0.346 1.141
0.350 0.346 1.168
0.350 0.346 1.168
0.350 0.346 1.168
0.350 0.346 1.168
0.350 0.347 1.141
0.350 0.347 1.168
0.350 0.347 1.168
0.350 0.347 1.168
0.350 0.350 1.113
0.350 0.350 1.166
0.350 0.350 1.166
0.350 0.350 1.166
0.350 0.351 1.139
0.350 0.351 1.165
0.350 0.351 1.165
0.350 0.351 1.165
0.350 0.352 1.138
0.350 0.352 1.164
0.350 0.352 1.164
0.350 0.352 1.164
0.350 0.352 1.164
0.50 0.354 1.109
0.350 0.354 1.162
0.350 0.354 1.162
0.350 0.356 1.134
0.350 0.356 1.160
0.350 0.356 1.160
0.350 0.356 1.160
0.350 0.356 1.160
0.350 0.356 1.159
0.350 0.356 1.159
0.350 0.356 1.159
0.350 0.356 1.159
0.350 0.357 1.131
0.350 0.357 1.157
0.350 0.356 1.184
0.350 0.356 1.157
0.350 0.356 1.157
0.350 0.356 1.157
0.350 0.356 1.157
0.350 0.356 1.156
0.350 0.356 1.156
0.350 0.354 1.183
0.350 0.354 1.156
0.350 0.354 1.156
0.350 0.352 1.211
0.350 0.352 1.158
0.350 0.352 1.158
0.350 0.351 1.185
0.350 0.351 1.158
0.350 0.351 1.158
0.350 0.351 1.158
0.350 0.351 1.158
0.350 0.351 1.158
0.350 0.351 1.158
0.350 0.351 1.158
0.350 0.351 1.158
0.350 0.351 1.158
0.350 0.351 1.158
0.350 0.351 1.158
0.350 0.351 1.158
0.350 0.351 1.158
0.350 0.351 1.158
0.350 0.351 1.158
0.350 0.351 1.158
0.350 0.351 1.158
0.350 0.351 1.158
0.350 0.351 1.158
0.350 0.351 1.157
0.350 0.351 1.157
0.350 0.350 1.185
0.350 0.350 1.158
0.350 0.350 1.158
0.350 0.350 1.158
0.350 0.350 1.158
0.350 0.350 1.158
0.350 0.350 1.158
0.350 0.347 1.213
0.350 0.350 1.105
0.350 0.347 1.213
0.350 0.347 1.160
0.50 0.347 1.160
0.350 0.347 1.161
0.350 0.347 1.161
0.350 0.347 1.161
0.50 0.350 1.106
0.350 0.347 1.214
0.350 0.350 1.106
0.350 0.350 1.159
0.50 0.350 1.159
0.350 0.350 1.159
0.350 0.351 1.132
0.350 0.351 1.158
0.350 0.351 1.158
0.350 0.351 1.158
0.350 0.352 1.131
0.350 0.352 1.157
0.350 0.352 1.157
0.350 0.352 1.157
0.350 0.352 1.157
0.350 0.352 1.157
0.350 0.352 1.157
0.350 0.351 1.184
0.350 0.351 1.158
0.350 0.351 1.158
0.350 0.350 1.185
0.350 0.350 1.158
0.350 0.350 1.158
0.350 0.347 1.213
0.350 0.347 1.160
0.350 0.347 1.160
0.350 0.347 1.161
0.350 0.346 1.188
0.350 0.346 1.162
0.350 0.346 1.162
0.350 0.346 1.162
0.350 0.346 1.162
0.350 0.346 1.162
0.350 0.347 1.135
0.350 0.347 1.162
0.350 0.347 1.162
0.350 0.347 1.162
0.350 0.350 1.107
0.350 0.350 1.160
0.50 0.350 1.160
0.350 0.351 1.133
0.350 0.351 1.160
0.350 0.351 1.160
0.350 0.352 1.132
0.350 0.352 1.159
0.350 0.352 1.158
0.350 0.352 1.158
0.350 0.352 1.158
0.350 0.352 1.158
0.350 0.352 1.158
0.350 0.352 1.158
0.350 0.351 1.185
0.350 0.351 1.159
0.350 0.350 1.186
0.350 0.350 1.160
0.350 0.350 1.160
0.350 0.347 1.215
0.350 0.347 1.161
0.350 0.347 1.162
0.350 0.347 1.162
0.350 0.347 1.162
0.350 0.347 1.162
0.350 0.347 1.162
0.350 0.347 1.162
0.350 0.347 1.162
0.350 0.350 1.107
0.350 0.350 1.161
0.350 0.350 1.161
0.350 0.351 1.133
0.350 0.351 1.160
0.350 0.351 1.160
0.350 0.352 1.132
0.350 0.352 1.159
0.350 0.352 1.159
0.350 0.352 1.159
0.350 0.352 1.158
0.350 0.352 1.158
0.350 0.352 1.158
0.350 0.351 1.186
0.350 0.351 1.159
0.350 0.351 1.159
0.350 0.350 1.186
0.350 0.350 1.160
0.350 0.350 1.160
0.350 0.347 1.215
0.350 0.347 1.162
0.350 0.347 1.162
0.350 0.346 1.189
0.350 0.346 1.163
0.350 0.346 1.163
0.350 0.346 1.163
0.350 0.346 1.163
0.350 0.346 1.164
0.350 0.347 1.136
0.350 0.347 1.163
0.350 0.347 1.163
0.350 0.350 1.108
0.350 0.350 1.162
0.350 0.351 1.134
0.350 0.351 1.161
0.350 0.352 1.133
0.350 0.352 1.160
0.350 0.354 1.105
0.350 0.354 1.158
0.350 0.354 1.157
0.350 0.354 1.157
0.350 0.356 1.130
0.350 0.354 1.183
0.350 0.354 1.157
0.350 0.354 1.156
0.350 0.354 1.156
0.350 0.352 1.211
0.350 0.352 1.158
0.350 0.351 1.185
0.350 0.351 1.158
0.350 0.351 1.158
0.350 0.350 1.186
0.350 0.350 1.159
0.350 0.347 1.214
0.350 0.347 1.161
0.350 0.347 1.161
0.350 0.347 1.161
0.350 0.347 1.161
0.350 0.347 1.161
0.350 0.347 1.162
0.350 0.347 1.162
0.350 0.350 1.107
0.350 0.350 1.160
0.350 0.350 1.160
0.350 0.351 1.133
0.350 0.351 1.159
0.350 0.352 1.132
0.350 0.352 1.158
0.350 0.354 1.103
0.350 0.354 1.156
0.350 0.354 1.156
0.350 0.354 1.156
0.350 0.354 1.156
0.350 0.354 1.155
0.350 0.354 1.155
0.350 0.354 1.155
0.350 0.352 1.210
0.350 0.352 1.156
0.350 0.351 1.184
0.350 0.351 1.157
0.350 0.350 1.185
0.350 0.350 1.158
0.350 0.347 1.213
0.350 0.347 1.160
0.350 0.347 1.160
0.350 0.346 1.188
0.350 0.346 1.161
0.350 0.346 1.161
0.350 0.346 1.161
0.350 0.346 1.162
0.350 0.346 1.162
0.350 0.346 1.162
0.350 0.347 1.135
0.350 0.347 1.161
0.350 0.350 1.106
0.350 0.350 1.160
0.350 0.351 1.132
0.350 0.351 1.159
0.350 0.352 1.131
0.350 0.352 1.158
0.350 0.352 1.158
0.350 0.354 1.103
0.350 0.354 1.156
0.350 0.354 1.156
0.350 0.354 1.155
0.350 0.352 1.210
0.350 0.352 1.157
0.350 0.352 1.157
0.350 0.351 1.184
0.350 0.350 1.185
0.350 0.350 1.158
0.350 0.347 1.213
0.350 0.347 1.160
0.350 0.347 1.160
0.350 0.346 1.188
0.350 0.346 1.161
0.800 0.346 1.183
0.800 0.346 1.205
0.800 0.346 1.226
0.800 0.346 1.248
0.800 0.346 1.269
0.800 0.347 1.263
0.800 0.347 1.311
0.800 0.350 1.278
0.800 0.351 1.325
0.800 0.352 1.346
0.800 0.354 1.339
0.800 0.357 1.358
0.800 0.360 1.350
0.800 0.364 1.368
0.800 0.368 1.359
0.800 0.370 1.431
0.800 0.375 1.395
0.800 0.382 1.356
0.800 0.388 1.398
0.800 0.393 1.414
0.800 0.400 1.401
0.800 0.407 1.415
0.800 0.415 1.401
0.800 0.425 1.386
0.800 0.434 1.397
0.800 0.443 1.407
0.800 0.453 1.390
0.800 0.465 1.371
0.800 0.475 1.406
0.00 0.486 1.413
0.800 0.497 1.393
0.800 0.509 1.399
0.800 0.520 1.404
0.800 0.532 1.409
0.800 0.543 1.413
0.800 0.553 1.444
0.800 0.564 1.448
0.800 0.575 1.424
0.800 0.584 1.481
0.800 0.594 1.484
0.800 0.603 1.487
0.800 0.610 1.544
0.800 0.618 1.521
0.800 0.626 1.523
0.800 0.633 1.553
0.800 0.640 1.556
0.800 0.645 1.586
0.800 0.651 1.589
0.800 0.658 1.564
0.800 0.663 1.621
0.800 0.668 1.596
0.800 0.674 1.598
0.800 0.681 1.572
0.800 0.686 1.628
0.800 0.691 1.602
0.800 0.697 1.603
0.800 0.704 1.576
0.800 0.710 1.603
0.800 0.716 1.603
0.800 0.724 1.547
0.800 0.729 1.600
0.800 0.736 1.572
0.800 0.742 1.597
0.800 0.748 1.595
0.800 0.756 1.539
0.800 0.762 1.590
0.800 0.769 1.560
0.800 0.773 1.611
0.800 0.780 1.554
0.800 0.785 1.604
0.800 0.789 1.602
0.800 0.794 1.599
0.800 0.798 1.596
0.800 0.803 1.592
0.800 0.806 1.616
0.800 0.811 1.586
0.800 0.815 1.609
0.800 0.816 1.661
0.800 0.819 1.604
0.800 0.821 1.628
0.800 0.824 1.626
0.800 0.824 1.678
0.800 0.825 1.649
0.800 0.826 1.647
0.800 0.828 1.617
0.800 0.828 1.669
0.800 0.830 1.641
0.800 0.831 1.638
0.800 0.831 1.663
0.800 0.831 1.662
0.800 0.833 1.605
0.800 0.834 1.630
0.800 0.834 1.655
0.800 0.834 1.653
0.800 0.835 1.624
0.800 0.835 1.649
0.800 0.835 1.647
0.800 0.838 1.591
0.800 0.839 1.615
0.800 0.839 1.639
0.800 0.839 1.638
0.800 0.840 1.608
0.800 0.840 1.633
0.800 0.840 1.631
0.800 0.840 1.629
0.800 0.840 1.627
0.800 0.840 1.625
0.800 0.840 1.623
0.800 0.840 1.622
0.800 0.839 1.647
0.800 0.838 1.646
0.800 0.838 1.618
0.800 0.838 1.616
0.800 0.835 1.669
0.800 0.835 1.614
0.800 0.834 1.640
0.800 0.834 1.612
0.800 0.833 1.638
0.800 0.831 1.665
0.800 0.831 1.610
0.800 0.830 1.636
0.800 0.828 1.635
0.800 0.828 1.607
0.800 0.826 1.661
0.800 0.824 1.661
0.800 0.824 1.607
0.800 0.824 1.606
0.800 0.821 1.660
0.800 0.821 1.606
0.800 0.820 1.632
0.800 0.819 1.632
0.800 0.817 1.659
0.800 0.817 1.605
0.800 0.816 1.632
0.800 0.816 1.605
0.800 0.815 1.631
0.800 0.815 1.604
0.800 0.812 1.658
0.800 0.812 1.604
0.800 0.811 1.631
0.800 0.811 1.604
0.800 0.810 1.631
0.800 0.808 1.659
0.800 0.806 1.633
0.800 0.805 1.634
0.800 0.805 1.607
0.800 0.803 1.661
0.800 0.803 1.608
0.800 0.802 1.635
0.800 0.802 1.609
0.800 0.802 1.609
0.800 0.801 1.636
0.800 0.801 1.609
0.800 0.798 1.664
0.800 0.798 1.611
0.800 0.798 1.611
0.800 0.798 1.611
0.800 0.798 1.611
0.800 0.798 1.611
0.800 0.798 1.611
0.800 0.798 1.611
0.800 0.798 1.612
0.800 0.798 1.612
0.800 0.798 1.612
0.800 0.798 1.612
0.800 0.798 1.612
0.800 0.798 1.612
0.800 0.798 1.612
0.800 0.798 1.612
0.800 0.801 1.557
0.800 0.801 1.610
0.800 0.801 1.610
0.800 0.801 1.610
0.800 0.801 1.610
0.800 0.801 1.610
0.800 0.801 1.610
0.800 0.801 1.610
0.800 0.801 1.610
0.800 0.801 1.610
0.800 0.801 1.610
0.800 0.798 1.665
0.800 0.798 1.612
0.800 0.797 1.639
0.800 0.797 1.613
0.800 0.797 1.613
0.800 0.796 1.641
0.800 0.796 1.614
0.800 0.796 1.614
0.800 0.794 1.670
0.800 0.794 1.617
0.800 0.794 1.617
0.800 0.794 1.617
0.800 0.793 1.645
0.800 0.794 1.591
0.800 0.793 1.646
0.800 0.793 1.619
0.800 0.793 1.620
0.800 0.793 1.620
0.800 0.793 1.620
0.800 0.793 1.621
0.800 0.793 1.621
0.800 0.793 1.621
0.800 0.793 1.622
0.800 0.794 1.595
0.800 0.794 1.622
0.800 0.794 1.622
0.800 0.794 1.622
0.800 0.796 1.567
0.800 0.796 1.621
0.800 0.796 1.621
0.800 0.797 1.594
0.800 0.797 1.620
0.800 0.797 1.621
0.800 0.798 1.593
0.800 0.798 1.620
0.800 0.801 1.565
0.800 0.801 1.618
0.800 0.802 1.591
0.800 0.802 1.617
0.800 0.802 1.617
0.800 0.802 1.617
0.800 0.803 1.590
0.800 0.803 1.616
0.800 0.803 1.616
0.800 0.803 1.616
0.800 0.803 1.616
0.800 0.802 1.643
0.800 0.802 1.616
0.800 0.802 1.616
0.800 0.802 1.616
0.800 0.802 1.616
0.800 0.802 1.616
0.800 0.802 1.616
0.800 0.802 1.616
0.800 0.801 1.643
0.800 0.802 1.589
0.800 0.802 1.615
0.800 0.801 1.643
0.800 0.801 1.616
0.800 0.801 1.616
0.800 0.801 1.616
0.800 0.801 1.616
0.800 0.801 1.616
0.800 0.801 1.616
0.800 0.801 1.616
0.800 0.801 1.616
0.800 0.801 1.616
0.800 0.801 1.616
0.800 0.801 1.616
0.800 0.801 1.616
0.800 0.801 1.616
0.800 0.798 1.671
0.800 0.798 1.618
0.800 0.798 1.618
0.800 0.798 1.618
0.800 0.798 1.618
0.800 0.801 1.563
0.800 0.801 1.616
0.800 0.801 1.616
0.800 0.801 1.616
0.800 0.801 1.616
0.800 0.801 1.616
0.800 0.801 1.616
0.800 0.801 1.616
0.800 0.801 1.616
0.800 0.801 1.616
0.800 0.801 1.616
0.800 0.801 1.616
0.800 0.798 1.671
0.800 0.798 1.617
0.800 0.798 1.618
0.800 0.798 1.618
0.800 0.798 1.618
0.800 0.798 1.618
0.800 0.798 1.618
0.800 0.797 1.645
0.800 0.797 1.619
0.800 0.797 1.619
0.800 0.796 1.647
0.800 0.796 1.620
0.800 0.797 1.593
0.800 0.797 1.620
0.800 0.796 1.647
0.800 0.797 1.593
0.800 0.797 1.620
0.800 0.797 1.620
0.800 0.797 1.620
0.800 0.797 1.621
0.800 0.797 1.621
0.800 0.798 1.593
0.800 0.798 1.620
0.800 0.798 1.620
0.800 0.798 1.620
0.800 0.801 1.565
0.800 0.801 1.618
0.800 0.801 1.618
0.800 0.801 1.618
0.800 0.801 1.618
0.800 0.801 1.618
0.800 0.801 1.618
0.800 0.801 1.618
0.800 0.801 1.618
0.00 0.801 1.618
0.800 0.801 1.618
0.800 0.801 1.618
0.800 0.798 1.673
0.800 0.798 1.620
0.800 0.798 1.620
0.800 0.798 1.620
0.800 0.798 1.620
0.800 0.798 1.620
0.800 0.798 1.620
0.800 0.797 1.648
0.800 0.798 1.594
0.800 0.797 1.648
0.800 0.797 1.622
0.800 0.797 1.622
0.800 0.797 1.622
0.800 0.797 1.622
0.800 0.797 1.622
0.800 0.797 1.622
0.800 0.797 1.622
0.800 0.797 1.622
0.800 0.797 1.623
0.800 0.797 1.623
0.800 0.797 1.623
0.800 0.798 1.595
0.800 0.798 1.622
0.800 0.798 1.622
0.800 0.798 1.622
0.800 0.798 1.622
0.800 0.801 1.567
0.800 0.801 1.621
0.800 0.801 1.621
0.800 0.801 1.621
0.800 0.801 1.621
0.800 0.801 1.621
0.800 0.802 1.593
0.800 0.802 1.620
0.800 0.801 1.647
0.800 0.802 1.593
0.800 0.801 1.647
0.800 0.801 1.620
0.00 0.801 1.620
0.800 0.801 1.620
0.800 0.801 1.620
0.800 0.801 1.620
0.800 0.801 1.620
0.800 0.801 1.620
0.800 0.801 1.620
0.800 0.801 1.620
0.800 0.801 1.620
0.800 0.801 1.620
0.800 0.801 1.620
0.800 0.801 1.620
0.800 0.801 1.620
0.800 0.801 1.620
0.800 0.801 1.620
0.800 0.801 1.620
0.800 0.801 1.620
0.800 0.801 1.620
0.800 0.798 1.675
0.800 0.801 1.566
0.800 0.801 1.620
0.800 0.801 1.619
0.800 0.801 1.619
0.800 0.801 1.619
0.800 0.801 1.619
0.00 0.801 1.619
0.800 0.802 1.592
0.800 0.801 1.646
0.800 0.802 1.592
0.800 0.802 1.618
0.00 0.802 1.618
0.800 0.802 1.618
0.800 0.802 1.618
0.800 0.802 1.618
0.800 0.802 1.618
0.800 0.802 1.618
0.800 0.802 1.618
0.800 0.801 1.645
0.800 0.801 1.618
0.800 0.801 1.618
0.800 0.801 1.618
0.800 0.801 1.618
0.800 0.801 1.618
0.800 0.801 1.618
0.800 0.801 1.618
0.800 0.801 1.618
0.800 0.801 1.618
0.800 0.798 1.673
0.800 0.798 1.620
0.800 0.798 1.620
0.800 0.798 1.620
0.800 0.798 1.620
0.800 0.798 1.620
0.00 0.798 1.620
0.800 0.798 1.620
0.800 0.801 1.565
0.800 0.801 1.619
0.800 0.801 1.619
0.800 0.801 1.619
0.800 0.802 1.591
0.800 0.802 1.618
0.800 0.802 1.617
0.00 0.802 1.617
0.800 0.802 1.617
0.800 0.802 1.617
0.800 0.802 1.617
0.800 0.802 1.617
0.800 0.802 1.617
0.00 0.802 1.617
0.800 0.802 1.617
0.800 0.802 1.617
0.800 0.802 1.617
0.00 0.802 1.616
0.800 0.802 1.616
0.800 0.802 1.616
0.800 0.802 1.616
0.00 0.802 1.616
0.800 0.802 1.616
0.800 0.802 1.616
0.00 0.802 1.616
0.800 0.802 1.616
0.800 0.802 1.616
0.00 0.802 1.616
0.800 0.801 1.643
0.00 0.802 1.589
0.800 0.801 1.643
0.800 0.801 1.616
0.800 0.801 1.616
0.800 0.801 1.616
0.800 0.801 1.616
0.800 0.801 1.616
0.800 0.801 1.616
0.800 0.802 1.588
0.800 0.801 1.643
0.800 0.801 1.616
0.800 0.801 1.616
0.800 0.801 1.616
0.800 0.801 1.616
0.800 0.801 1.616
0.800 0.802 1.588
0.800 0.801 1.642
0.800 0.801 1.616
0.800 0.801 1.615
0.800 0.801 1.615
0.800 0.801 1.615
0.800 0.801 1.615
0.800 0.801 1.615
0.800 0.801 1.615
0.800 0.798 1.670
0.800 0.798 1.617
0.800 0.798 1.617
0.800 0.798 1.617
0.800 0.798 1.617
0.800 0.801 1.562
0.800 0.801 1.616
0.800 0.798 1.671
0.800 0.801 1.562
0.800 0.801 1.616
0.800 0.798 1.671
0.800 0.798 1.617
0.800 0.798 1.617
0.800 0.798 1.618
0.800 0.798 1.618
0.800 0.798 1.618
0.800 0.798 1.618
0.800 0.801 1.563
0.800 0.798 1.671
0.800 0.798 1.618
0.800 0.801 1.563
0.800 0.798 1.671
0.800 0.798 1.618
0.800 0.798 1.618
0.00 0.798 1.618
0.00 0.798 1.618
0.800 0.798 1.618
0.800 0.798 1.618
0.800 0.798 1.618
0.00 0.798 1.619
0.800 0.798 1.619
0.800 0.798 1.619
0.800 0.798 1.619
0.800 0.801 1.564
0.800 0.801 1.617
0.00 0.801 1.617
0.800 0.801 1.617
0.800 0.801 1.617
0.800 0.801 1.617
0.800 0.801 1.617
0.800 0.801 1.617
0.800 0.801 1.617
0.800 0.801 1.617
0.800 0.798 1.672
0.800 0.801 1.564
0.800 0.801 1.617
0.800 0.801 1.617
0.800 0.801 1.617
0.800 0.801 1.617
1.200 0.798 1.691
1.200 0.798 1.656
1.200 0.798 1.676
1.200 0.798 1.695
1.200 0.798 1.714
1.200 0.798 1.733
1.200 0.801 1.697
1.200 0.802 1.742
1.200 0.802 1.787
1.200 0.803 1.779
1.200 0.806 1.742
1.200 0.810 1.758
1.200 0.815 1.746
1.200 0.819 1.761
1.200 0.824 1.776
1.200 0.828 1.790
1.200 0.835 1.749
1.200 0.843 1.734
1.200 0.851 1.745
1.200 0.858 1.783
1.200 0.867 1.739
1.200 0.879 1.693
1.200 0.889 1.727
1.200 0.900 1.734
1.200 0.911 1.713
1.200 0.923 1.718
1.200 0.934 1.722
1.200 0.946 1.726
1.200 0.957 1.730
1.200 0.968 1.760
1.200 0.978 1.764
1.200 0.989 1.739
1.200 0.999 1.795
1.200 1.009 1.770
1.200 1.019 1.772
1.200 1.029 1.800
1.200 1.038 1.801
1.200 1.047 1.802
1.200 1.055 1.830
1.200 1.064 1.803
1.200 1.072 1.830
1.200 1.081 1.803
1.200 1.088 1.856
1.200 1.096 1.829
1.200 1.102 1.883
1.200 1.110 1.828
1.200 1.116 1.881
1.200 1.124 1.826
1.200 1.132 1.824
1.200 1.138 1.876
1.200 1.146 1.819
1.200 1.152 1.871
1.200 1.160 1.814
1.200 1.165 1.865
1.200 1.171 1.862
1.200 1.178 1.832
1.200 1.184 1.855
1.200 1.192 1.796
1.200 1.197 1.873
1.200 1.202 1.842
1.200 1.207 1.866
1.200 1.213 1.834
1.200 1.217 1.857
1.200 1.222 1.853
1.200 1.225 1.876
1.00 1.230 1.844
1.200 1.234 1.839
1.200 1.238 1.862
1.200 1.240 1.885
1.200 1.244 1.854
1.200 1.245 1.904
1.200 1.248 1.846
1.200 1.249 1.896
1.200 1.252 1.865
1.200 1.253 1.889
1.200 1.254 1.885
1.200 1.256 1.854
1.200 1.256 1.905
1.200 1.257 1.875
1.200 1.257 1.899
1.200 1.259 1.869
1.200 1.259 1.892
1.200 1.259 1.890
1.200 1.259 1.887
1.200 1.259 1.884
1.200 1.259 1.881
1.200 1.259 1.878
1.200 1.259 1.876
1.200 1.257 1.900
1.200 1.257 1.871
1.200 1.257 1.868
1.200 1.256 1.893
1.200 1.256 1.864
1.200 1.254 1.916
1.200 1.254 1.860
1.200 1.253 1.885
1.200 1.252 1.884
1.200 1.252 1.854
1.200 1.249 1.907
1.200 1.248 1.879
1.200 1.247 1.877
1.200 1.245 1.904
1.200 1.245 1.848
1.200 1.243 1.901
1.200 1.240 1.901
1.200 1.239 1.873
1.200 1.239 1.845
1.200 1.236 1.925
1.200 1.236 1.844
1.200 1.234 1.869
1.200 1.231 1.924
1.200 1.231 1.842
1.200 1.230 1.868
1.200 1.229 1.868
1.200 1.225 1.922
1.200 1.225 1.841
1.200 1.224 1.867
1.200 1.222 1.895
1.200 1.221 1.868
1.200 1.220 1.868
1.200 1.216 1.923
1.200 1.215 1.869
1.200 1.213 1.897
1.200 1.211 1.871
1.200 1.210 1.871
1.200 1.208 1.899
1.200 1.207 1.873
1.200 1.207 1.846
1.200 1.206 1.873
1.200 1.203 1.901
1.200 1.202 1.875
1.200 1.201 1.876
1.200 1.201 1.849
1.200 1.199 1.904
1.200 1.198 1.878
1.200 1.198 1.852
1.200 1.197 1.880
1.200 1.197 1.853
1.200 1.194 1.908
1.200 1.194 1.855
1.200 1.193 1.883
1.200 1.193 1.857
1.200 1.192 1.885
1.200 1.192 1.858
1.200 1.192 1.859
1.200 1.192 1.859
1.200 1.190 1.915
1.200 1.190 1.862
1.200 1.188 1.890
1.200 1.188 1.864
1.200 1.188 1.864
1.200 1.188 1.865
1.200 1.188 1.865
1.200 1.188 1.866
1.200 1.188 1.866
1.200 1.188 1.867
1.200 1.188 1.867
1.200 1.188 1.868
1.200 1.187 1.896
1.200 1.188 1.843
1.200 1.188 1.870
1.200 1.188 1.870
1.200 1.188 1.871
1.200 1.188 1.871
1.200 1.188 1.872
1.200 1.188 1.872
1.200 1.188 1.873
1.200 1.188 1.874
1.200 1.188 1.874
1.200 1.190 1.847
1.200 1.190 1.874
1.200 1.190 1.875
1.200 1.190 1.875
1.200 1.192 1.821
1.200 1.192 1.874
1.200 1.192 1.875
1.200 1.192 1.875
1.200 1.192 1.876
1.200 1.192 1.876
1.200 1.192 1.876
1.200 1.192 1.877
1.200 1.192 1.877
1.200 1.193 1.850
1.200 1.193 1.877
1.200 1.193 1.877
1.200 1.193 1.878
1.200 1.193 1.878
1.200 1.193 1.878
1.200 1.194 1.851
1.200 1.194 1.878
1.200 1.194 1.878
1.200 1.194 1.879
1.200 1.194 1.879
1.200 1.194 1.879
1.200 1.194 1.879
1.200 1.194 1.880
1.200 1.197 1.825
1.200 1.197 1.878
1.200 1.197 1.879
1.200 1.197 1.879
1.200 1.197 1.879
1.200 1.197 1.879
1.200 1.197 1.879
1.200 1.197 1.879
1.200 1.197 1.880
1.200 1.197 1.880
1.200 1.197 1.880
1.200 1.197 1.880
1.200 1.197 1.880
1.200 1.194 1.935
1.200 1.194 1.882
1.200 1.194 1.883
1.200 1.194 1.883
1.200 1.194 1.883
1.200 1.194 1.883
1.200 1.197 1.829
1.200 1.197 1.882
1.200 1.197 1.882
1.200 1.197 1.883
1.200 1.197 1.883
1.200 1.198 1.855
1.200 1.198 1.882
1.200 1.198 1.882
1.200 1.199 1.855
1.200 1.199 1.882
1.200 1.199 1.882
1.200 1.199 1.882
1.200 1.199 1.882
1.200 1.201 1.827
1.200 1.199 1.935
1.200 1.201 1.827
1.00 1.201 1.880
1.200 1.201 1.880
1.200 1.201 1.880
1.200 1.201 1.880
1.00 1.201 1.880
1.200 1.199 1.935
1.200 1.199 1.881
1.200 1.199 1.882
1.200 1.199 1.882
1.200 1.199 1.882
1.200 1.199 1.882
1.200 1.199 1.882
1.200 1.198 1.909
1.200 1.198 1.883
1.200 1.198 1.883
1.200 1.198 1.883
1.200 1.198 1.883
1.200 1.198 1.883
1.200 1.198 1.883
1.200 1.198 1.883
1.200 1.198 1.884
1.200 1.198 1.884
1.200 1.198 1.884
1.200 1.198 1.884
1.200 1.198 1.884
1.200 1.198 1.884
1.200 1.199 1.857
1.200 1.199 1.883
1.200 1.201 1.828
1.200 1.201 1.882
1.200 1.202 1.854
1.200 1.202 1.881
1.200 1.203 1.853
1.200 1.203 1.880
1.200 1.203 1.879
1.200 1.203 1.879
1.200 1.203 1.879
1.200 1.203 1.879
1.200 1.206 1.824
1.200 1.206 1.877
1.200 1.206 1.876
1.200 1.206 1.876
1.200 1.206 1.876
1.200 1.203 1.931
1.200 1.203 1.877
1.200 1.203 1.877
1.200 1.203 1.877
1.200 1.203 1.877
1.200 1.202 1.904
1.200 1.202 1.877
1.200 1.202 1.877
1.00 1.202 1.877
1.200 1.202 1.877
1.200 1.201 1.904
1.200 1.201 1.878
1.200 1.201 1.878
1.200 1.201 1.878
1.200 1.199 1.933
1.200 1.199 1.879
1.200 1.199 1.879
1.200 1.199 1.879
1.200 1.199 1.880
1.200 1.199 1.880
1.200 1.199 1.880
1.200 1.199 1.880
1.200 1.199 1.880
1.200 1.199 1.880
1.200 1.199 1.880
1.200 1.199 1.880
1.200 1.199 1.880
1.200 1.199 1.880
1.200 1.199 1.880
1.200 1.199 1.880
1.200 1.199 1.880
1.200 1.199 1.880
1.200 1.199 1.880
1.200 1.199 1.880
1.200 1.199 1.880
1.200 1.199 1.880
1.200 1.198 1.908
1.200 1.198 1.882
1.200 1.198 1.882
1.200 1.198 1.882
1.200 1.197 1.909
1.200 1.197 1.883
1.200 1.197 1.883
1.200 1.197 1.883
1.200 1.197 1.883
1.200 1.197 1.884
1.200 1.197 1.884
1.200 1.197 1.884
1.200 1.197 1.884
1.200 1.197 1.884
1.200 1.198 1.857
1.200 1.198 1.884
1.200 1.198 1.884
1.200 1.198 1.884
1.200 1.199 1.856
1.200 1.199 1.883
1.200 1.199 1.883
1.200 1.201 1.828
1.200 1.201 1.881
1.200 1.201 1.881
1.200 1.202 1.854
1.200 1.202 1.880
1.00 1.202 1.880
1.200 1.203 1.853
1.200 1.203 1.879
1.200 1.203 1.879
1.200 1.203 1.879
1.200 1.203 1.879
1.200 1.203 1.879
1.200 1.203 1.878
1.200 1.203 1.878
1.200 1.202 1.906
1.200 1.202 1.879
1.200 1.202 1.879
1.200 1.201 1.906
1.200 1.201 1.879
1.200 1.201 1.879
1.200 1.199 1.934
1.200 1.199 1.881
1.200 1.198 1.909
1.200 1.198 1.882
1.200 1.198 1.882
1.200 1.197 1.910
1.200 1.197 1.883
1.200 1.194 1.939
1.200 1.194 1.886
1.200 1.194 1.886
1.200 1.193 1.914
1.200 1.193 1.887
1.200 1.193 1.888
1.200 1.193 1.888
1.200 1.192 1.916
1.200 1.192 1.890
1.200 1.193 1.862
1.200 1.193 1.889
1.200 1.193 1.890
1.200 1.193 1.890
1.200 1.194 1.863
1.200 1.194 1.890
1.200 1.194 1.890
1.200 1.197 1.835
1.200 1.197 1.889
1.200 1.197 1.889
1.200 1.198 1.862
1.200 1.198 1.888
1.200 1.198 1.888
1.200 1.199 1.861
1.200 1.199 1.888
1.200 1.199 1.888
1.200 1.199 1.888
1.200 1.199 1.888
1.200 1.199 1.888
1.200 1.199 1.888
1.200 1.199 1.888
1.200 1.198 1.916
1.200 1.198 1.889
1.200 1.198 1.889
1.200 1.198 1.889
1.200 1.198 1.889
1.200 1.197 1.917
1.200 1.197 1.891
1.200 1.197 1.891
1.200 1.197 1.891
1.200 1.197 1.891
1.200 1.197 1.891
1.200 1.194 1.946
1.200 1.194 1.893
1.200 1.194 1.894
1.200 1.194 1.894
1.200 1.193 1.922
1.200 1.193 1.895
1.200 1.193 1.896
1.200 1.193 1.896
1.200 1.193 1.896
1.200 1.193 1.897
1.200 1.193 1.897
1.200 1.193 1.897
1.200 1.193 1.898
1.200 1.193 1.898
1.200 1.193 1.898
1.200 1.193 1.899
1.200 1.193 1.899
1.200 1.193 1.899
1.200 1.194 1.872
1.200 1.194 1.899
1.200 1.194 1.899
1.200 1.197 1.845
1.200 1.197 1.898
1.200 1.197 1.898
1.200 1.197 1.898
1.200 1.197 1.899
1.200 1.197 1.899
1.200 1.198 1.871
1.200 1.198 1.898
1.200 1.198 1.898
1.200 1.199 1.871
1.200 1.199 1.898
1.200 1.199 1.898
1.00 1.199 1.898
1.200 1.199 1.898
1.200 1.201 1.843
1.200 1.201 1.896
1.200 1.201 1.896
1.200 1.201 1.896
1.200 1.202 1.868
1.200 1.202 1.895
1.200 1.203 1.867
1.200 1.203 1.894
1.200 1.203 1.894
1.200 1.203 1.894
1.200 1.206 1.838
1.200 1.206 1.891
1.200 1.206 1.891
1.200 1.206 1.891
1.200 1.207 1.863
1.200 1.207 1.889
1.200 1.207 1.889
1.200 1.207 1.889
1.200 1.207 1.888
1.200 1.207 1.888
1.200 1.206 1.915
1.200 1.206 1.888
1.200 1.206 1.888
1.200 1.206 1.888
1.200 1.206 1.887
1.200 1.206 1.887
1.200 1.206 1.887
1.200 1.206 1.887
1.200 1.206 1.886
1.200 1.206 1.886
1.200 1.203 1.941
1.200 1.203 1.887
1.200 1.203 1.887
1.200 1.203 1.887
1.200 1.206 1.832
1.200 1.206 1.885
1.200 1.206 1.885
1.200 1.206 1.884
1.200 1.207 1.857
1.200 1.207 1.883
1.200 1.207 1.883
1.200 1.207 1.882
1.200 1.207 1.882
1.200 1.208 1.854
1.200 1.208 1.880
1.200 1.208 1.880
1.200 1.208 1.880
1.200 1.208 1.879
1.200 1.208 1.879
1.200 1.210 1.823
1.200 1.210 1.876
1.200 1.210 1.876
1.200 1.210 1.875
1.200 1.210 1.875
1.200 1.208 1.929
1.200 1.208 1.876
1.200 1.208 1.875
1.200 1.208 1.875
1.200 1.208 1.874
1.200 1.208 1.874
1.200 1.207 1.901
1.200 1.207 1.874
1.200 1.207 1.874
1.200 1.207 1.874
1.200 1.206 1.901
1.200 1.206 1.874
0.000 1.206 1.817