r     y     u
0.800 0.000 0.038
0.800 0.000 0.076
0.800 0.000 0.114
0.800 0.000 0.152
0.800 0.000 0.190
0.800 0.000 0.228
0.800 0.000 0.266
0.800 0.000 0.304
0.800 0.000 0.342
0.800 0.000 0.380
0.800 0.000 0.418
0.800 0.000 0.456
0.800 0.000 0.494
0.800 0.000 0.532
0.800 0.000 0.570
0.800 0.000 0.609
0.800 0.000 0.647
0.800 0.000 0.685
0.800 0.000 0.723
0.800 0.000 0.761
0.800 0.000 0.799
0.800 0.000 0.837
0.800 0.000 0.875
0.800 0.001 0.885
0.800 0.001 0.950
0.800 0.001 0.988
0.800 0.001 1.026
0.800 0.002 1.036
0.800 0.002 1.101
0.800 0.005 1.084
0.800 0.005 1.175
0.800 0.006 1.185
0.800 0.009 1.167
0.800 0.010 1.257
0.800 0.014 1.239
0.800 0.018 1.246
0.800 0.023 1.280
0.800 0.029 1.286
0.800 0.035 1.318
0.800 0.043 1.295
0.800 0.052 1.298
0.800 0.064 1.244
0.800 0.076 1.297
0.800 0.090 1.267
0.800 0.107 1.208
0.800 0.124 1.228
0.800 0.144 1.192
0.800 0.166 1.154
0.800 0.185 1.222
0.800 0.209 1.127
0.800 0.232 1.164
0.800 0.259 1.091
0.800 0.283 1.152
0.800 0.309 1.104
0.800 0.334 1.162
0.800 0.359 1.139
0.800 0.383 1.168
0.800 0.407 1.170
0.800 0.430 1.198
0.800 0.453 1.198
0.800 0.475 1.225
0.800 0.495 1.279
0.800 0.513 1.306
0.800 0.532 1.306
0.800 0.549 1.332
0.800 0.564 1.386
0.800 0.578 1.414
0.800 0.590 1.441
0.800 0.601 1.497
0.800 0.612 1.471
0.800 0.621 1.526
0.800 0.628 1.583
0.800 0.635 1.586
0.800 0.641 1.616
0.800 0.645 1.647
0.800 0.651 1.623
0.800 0.655 1.681
0.800 0.660 1.630
0.800 0.664 1.688
0.800 0.670 1.636
0.800 0.674 1.666
0.800 0.679 1.668
0.800 0.683 1.671
0.800 0.691 1.590
0.800 0.697 1.644
0.800 0.704 1.617
0.800 0.711 1.617
0.800 0.719 1.588
0.800 0.728 1.559
0.800 0.736 1.583
0.800 0.746 1.552
0.800 0.755 1.548
0.800 0.762 1.598
0.800 0.771 1.540
0.800 0.780 1.534
0.800 0.789 1.528
0.800 0.798 1.522
0.800 0.806 1.542
0.800 0.815 1.536
0.800 0.824 1.502
0.800 0.830 1.576
0.800 0.835 1.570
0.800 0.842 1.537
0.800 0.847 1.585
0.800 0.849 1.634
0.800 0.854 1.575
0.800 0.856 1.624
0.800 0.857 1.647
0.800 0.858 1.643
0.800 0.861 1.612
0.800 0.861 1.663
0.800 0.861 1.660
0.800 0.861 1.657
0.800 0.858 1.709
0.800 0.858 1.653
0.800 0.857 1.678
0.800 0.857 1.648
0.800 0.857 1.646
0.800 0.856 1.671
0.800 0.854 1.696
0.800 0.854 1.640
0.800 0.854 1.638
0.800 0.854 1.635
0.800 0.854 1.633
0.800 0.854 1.630
0.800 0.854 1.628
0.800 0.856 1.570
0.800 0.856 1.621
0.800 0.856 1.618
0.800 0.857 1.588
0.800 0.857 1.612
0.800 0.857 1.609
0.800 0.858 1.579
0.800 0.858 1.603
0.800 0.858 1.600
0.800 0.858 1.597
0.800 0.857 1.622
0.800 0.857 1.593
0.800 0.857 1.590
0.800 0.856 1.615
0.800 0.856 1.585
0.800 0.854 1.638
0.800 0.853 1.609
0.800 0.849 1.663
0.800 0.848 1.608
0.800 0.847 1.607
0.800 0.844 1.633
0.800 0.843 1.605
0.800 0.842 1.604
0.800 0.839 1.658
0.800 0.838 1.603
0.800 0.835 1.630
0.800 0.834 1.602
0.800 0.833 1.602
0.800 0.830 1.656
0.800 0.828 1.602
0.800 0.826 1.629
0.800 0.825 1.602
0.800 0.824 1.602
0.800 0.821 1.629
0.800 0.820 1.602
0.800 0.819 1.602
0.800 0.819 1.575
0.800 0.817 1.629
0.800 0.816 1.602
0.800 0.816 1.575
0.800 0.816 1.574
0.800 0.815 1.601
0.800 0.815 1.573
0.800 0.815 1.573
0.800 0.815 1.572
0.800 0.815 1.571
0.800 0.815 1.571
0.800 0.815 1.570
0.800 0.815 1.569
0.800 0.812 1.624
0.800 0.812 1.570
0.800 0.812 1.569
0.800 0.811 1.596
0.800 0.811 1.569
0.800 0.811 1.568
0.800 0.811 1.568
0.800 0.810 1.595
0.800 0.808 1.623
0.800 0.808 1.569
0.800 0.808 1.569
0.800 0.806 1.596
0.800 0.806 1.569
0.800 0.805 1.596
0.800 0.805 1.569
0.800 0.803 1.624
0.800 0.803 1.571
0.800 0.803 1.570
0.800 0.803 1.570
0.800 0.803 1.570
0.800 0.802 1.598
0.800 0.802 1.571
0.800 0.802 1.571
0.800 0.802 1.571
0.800 0.802 1.571
0.800 0.801 1.598
0.800 0.801 1.571
0.800 0.801 1.571
0.800 0.801 1.571
0.800 0.801 1.571
0.800 0.798 1.626
0.800 0.798 1.573
0.800 0.798 1.573
0.800 0.798 1.573
0.800 0.798 1.573
0.800 0.798 1.573
0.800 0.798 1.573
0.800 0.798 1.573
0.800 0.798 1.573
0.800 0.798 1.574
0.800 0.798 1.574
0.800 0.798 1.574
0.800 0.801 1.519
0.800 0.801 1.572
0.800 0.801 1.572
0.800 0.801 1.572
0.800 0.802 1.544
0.800 0.802 1.571
0.800 0.802 1.571
0.800 0.802 1.571
0.800 0.802 1.571
0.800 0.802 1.571
0.800 0.802 1.570
0.800 0.802 1.570
0.800 0.801 1.598
0.800 0.801 1.571
0.800 0.801 1.571
0.800 0.798 1.626
0.800 0.798 1.573
0.800 0.797 1.600
0.800 0.797 1.574
0.800 0.797 1.574
0.800 0.796 1.602
0.800 0.796 1.575
0.800 0.796 1.575
0.800 0.796 1.576
0.800 0.796 1.576
0.800 0.796 1.576
0.800 0.796 1.576
0.800 0.796 1.576
0.800 0.796 1.577
0.800 0.796 1.577
0.800 0.796 1.577
0.800 0.797 1.550
0.800 0.797 1.576
0.800 0.797 1.576
0.800 0.797 1.577
0.800 0.798 1.549
0.800 0.798 1.576
0.800 0.798 1.576
0.800 0.798 1.576
0.800 0.798 1.576
0.800 0.801 1.521
0.800 0.801 1.574
0.800 0.801 1.574
0.800 0.801 1.574
0.800 0.801 1.574
0.800 0.801 1.574
0.800 0.801 1.574
0.800 0.801 1.574
0.800 0.801 1.574
0.800 0.801 1.574
0.800 0.798 1.629
0.800 0.798 1.576
0.800 0.798 1.576
0.800 0.798 1.576
0.800 0.798 1.576
0.800 0.798 1.576
0.800 0.798 1.576
0.800 0.798 1.576
0.800 0.798 1.576
0.800 0.798 1.577
0.800 0.798 1.577
0.800 0.798 1.577
0.800 0.798 1.577
0.800 0.801 1.522
0.800 0.801 1.575
0.800 0.801 1.575
0.800 0.801 1.575
0.800 0.801 1.575
0.800 0.801 1.575
0.800 0.801 1.575
0.800 0.801 1.575
0.800 0.801 1.575
0.800 0.801 1.575
0.800 0.801 1.575
0.800 0.801 1.575
0.800 0.798 1.630
0.800 0.798 1.577
0.800 0.798 1.577
0.800 0.798 1.577
0.800 0.798 1.577
0.800 0.798 1.577
0.800 0.798 1.577
0.800 0.798 1.577
0.800 0.798 1.577
0.800 0.798 1.577
0.800 0.798 1.577
0.800 0.798 1.577
0.800 0.798 1.577
0.800 0.798 1.577
0.800 0.798 1.577
0.800 0.798 1.578
0.800 0.798 1.578
0.800 0.798 1.578
0.800 0.798 1.578
0.800 0.798 1.578
0.800 0.798 1.578
0.800 0.798 1.578
0.800 0.798 1.578
0.800 0.798 1.578
0.800 0.798 1.578
0.800 0.801 1.523
0.800 0.798 1.632
0.800 0.798 1.578
0.800 0.801 1.523
0.800 0.801 1.577
0.800 0.798 1.632
0.800 0.798 1.578
0.800 0.798 1.578
0.800 0.798 1.579
0.800 0.798 1.579
0.800 0.798 1.579
0.800 0.798 1.579
0.800 0.798 1.579
0.800 0.798 1.579
0.800 0.801 1.524
0.800 0.798 1.632
0.800 0.798 1.579
0.800 0.801 1.524
0.800 0.801 1.577
0.800 0.801 1.577
0.800 0.798 1.632
0.800 0.801 1.524
0.800 0.801 1.577
0.800 0.801 1.577
0.800 0.801 1.577
0.800 0.801 1.577
0.800 0.801 1.577
0.800 0.801 1.577
0.800 0.801 1.577
0.800 0.801 1.577
0.800 0.801 1.577
0.800 0.801 1.577
0.800 0.798 1.632
0.800 0.798 1.579
0.800 0.798 1.579
0.800 0.798 1.579
0.800 0.801 1.524
0.800 0.801 1.577
0.800 0.801 1.577
0.800 0.801 1.577
0.800 0.801 1.577
0.800 0.801 1.577
0.800 0.801 1.577
0.800 0.801 1.577
0.800 0.801 1.577
0.800 0.801 1.577
0.800 0.801 1.577
0.800 0.801 1.577
0.800 0.801 1.577
0.800 0.801 1.577
0.800 0.801 1.577
0.800 0.801 1.577
0.800 0.801 1.577
0.800 0.802 1.549
0.800 0.802 1.576
0.800 0.802 1.576
0.800 0.802 1.576
0.800 0.802 1.575
0.800 0.802 1.575
0.800 0.802 1.575
0.800 0.802 1.575
0.800 0.802 1.575
0.800 0.802 1.575
0.800 0.802 1.575
0.800 0.802 1.575
0.800 0.802 1.575
0.800 0.802 1.575
0.800 0.802 1.575
0.800 0.802 1.574
0.800 0.802 1.574
0.800 0.802 1.574
0.800 0.802 1.574
0.800 0.803 1.547
0.800 0.803 1.573
0.800 0.803 1.573
0.800 0.802 1.600
0.800 0.803 1.546
0.800 0.802 1.600
0.800 0.802 1.573
0.800 0.802 1.573
0.800 0.802 1.573
0.800 0.802 1.573
0.800 0.802 1.573
0.800 0.802 1.573
0.800 0.802 1.573
0.800 0.802 1.573
0.800 0.802 1.573
0.800 0.802 1.573
0.800 0.802 1.572
0.800 0.802 1.572
0.800 0.802 1.572
0.800 0.802 1.572
0.800 0.802 1.572
0.800 0.802 1.572
0.800 0.802 1.572
0.800 0.802 1.572
0.800 0.803 1.544
0.800 0.803 1.571
0.800 0.803 1.571
0.800 0.803 1.570
0.800 0.803 1.570
0.800 0.803 1.570
0.800 0.803 1.570
0.800 0.802 1.597
0.800 0.802 1.571
0.800 0.802 1.571
0.800 0.802 1.570
0.800 0.801 1.598
0.800 0.801 1.571
0.800 0.801 1.571
0.800 0.798 1.626
0.800 0.798 1.573
0.800 0.798 1.573
0.800 0.797 1.601
0.800 0.797 1.574
0.800 0.797 1.574
0.800 0.797 1.574
0.800 0.797 1.574
0.800 0.797 1.575
0.800 0.797 1.575
0.800 0.798 1.547
0.800 0.798 1.574
0.800 0.798 1.574
0.800 0.801 1.519
0.800 0.801 1.572
0.800 0.801 1.572
0.800 0.802 1.545
0.800 0.802 1.571
0.800 0.802 1.571
0.800 0.802 1.571
0.800 0.802 1.571
0.800 0.802 1.571
0.800 0.802 1.571
0.800 0.802 1.571
0.800 0.802 1.571
0.800 0.802 1.571
0.800 0.801 1.598
0.800 0.801 1.571
0.800 0.798 1.626
0.800 0.798 1.573
0.800 0.797 1.601
0.800 0.797 1.574
0.800 0.796 1.602
0.800 0.796 1.575
0.800 0.796 1.576
0.800 0.796 1.576
0.800 0.796 1.576
0.800 0.796 1.576
0.800 0.796 1.576
0.800 0.796 1.577
0.800 0.796 1.577
0.800 0.797 1.549
0.800 0.797 1.576
0.800 0.797 1.576
0.800 0.797 1.576
0.800 0.798 1.549
0.800 0.798 1.576
0.800 0.801 1.521
0.800 0.801 1.574
0.800 0.801 1.574
0.800 0.802 1.547
0.800 0.802 1.573
0.800 0.802 1.573
0.800 0.802 1.573
0.800 0.802 1.573
0.800 0.802 1.573
0.800 0.802 1.573
0.800 0.803 1.545
0.800 0.803 1.572
0.800 0.803 1.571
0.800 0.803 1.571
0.800 0.802 1.599
0.800 0.802 1.572
0.800 0.802 1.572
0.800 0.802 1.572
0.800 0.802 1.572
0.800 0.801 1.599
0.800 0.798 1.627
0.800 0.798 1.574
0.800 0.797 1.602
0.800 0.797 1.575
0.800 0.797 1.575
0.800 0.796 1.603
1.000 0.796 1.586
1.000 0.794 1.651
1.000 0.794 1.607
1.000 0.794 1.617
1.000 0.794 1.627
1.000 0.794 1.637
1.000 0.794 1.646
1.000 0.796 1.601
1.000 0.796 1.664
1.000 0.796 1.674
1.000 0.798 1.629
1.000 0.801 1.636
1.000 0.802 1.672
1.000 0.805 1.625
1.000 0.808 1.659
1.000 0.811 1.639
1.000 0.815 1.646
1.000 0.817 1.679
1.000 0.821 1.631
1.000 0.826 1.636
1.000 0.831 1.641
1.000 0.835 1.646
1.000 0.840 1.650
1.000 0.844 1.654
1.000 0.851 1.603
1.000 0.857 1.633
1.000 0.862 1.663
1.000 0.867 1.638
1.000 0.872 1.668
1.000 0.879 1.615
1.000 0.885 1.643
1.000 0.889 1.672
1.000 0.895 1.646
1.000 0.900 1.674
1.000 0.907 1.621
1.000 0.911 1.675
1.000 0.917 1.648
1.000 0.922 1.675
1.000 0.926 1.676
1.000 0.931 1.676
1.000 0.935 1.676
1.000 0.940 1.675
1.000 0.943 1.702
1.000 0.948 1.675
1.000 0.953 1.674
1.000 0.955 1.727
1.000 0.958 1.700
1.000 0.963 1.672
1.000 0.966 1.698
1.000 0.969 1.725
1.000 0.972 1.697
1.000 0.976 1.696
1.000 0.978 1.722
1.000 0.981 1.693
1.000 0.983 1.747
1.000 0.986 1.692
1.000 0.987 1.745
1.000 0.991 1.689
1.000 0.992 1.742
1.000 0.994 1.714
1.000 0.995 1.740
1.000 0.996 1.740
1.000 0.999 1.712
1.000 1.000 1.737
1.000 1.001 1.737
1.000 1.003 1.708
1.000 1.003 1.761
1.000 1.004 1.734
1.000 1.006 1.733
1.000 1.008 1.704
1.000 1.008 1.757
1.000 1.009 1.729
1.000 1.010 1.728
1.000 1.010 1.754
1.000 1.012 1.698
1.000 1.014 1.724
1.000 1.015 1.722
1.000 1.017 1.693
1.000 1.017 1.745
1.000 1.018 1.717
1.000 1.019 1.715
1.000 1.022 1.686
1.000 1.022 1.738
1.000 1.023 1.710
1.000 1.023 1.735
1.000 1.024 1.707
1.000 1.024 1.732
1.000 1.026 1.676
1.000 1.026 1.728
1.000 1.026 1.727
1.000 1.026 1.726
1.000 1.027 1.697
1.000 1.026 1.750
1.000 1.026 1.722
1.000 1.026 1.721
1.000 1.026 1.719
1.000 1.024 1.773
1.000 1.023 1.746
1.000 1.023 1.718
1.000 1.022 1.745
1.000 1.022 1.717
1.000 1.019 1.771
1.000 1.018 1.745
1.000 1.018 1.717
1.000 1.017 1.744
1.000 1.015 1.771
1.000 1.015 1.717
1.000 1.014 1.744
1.000 1.014 1.717
1.000 1.012 1.744
1.000 1.010 1.771
1.000 1.010 1.718
1.000 1.009 1.745
1.000 1.009 1.718
1.000 1.009 1.717
1.000 1.008 1.744
1.000 1.008 1.717
1.000 1.006 1.772
1.000 1.006 1.718
1.000 1.004 1.746
1.000 1.004 1.719
1.000 1.003 1.746
1.000 1.003 1.719
1.000 1.003 1.719
1.000 1.001 1.774
1.000 1.001 1.721
1.000 1.000 1.748
1.000 1.000 1.721
1.000 1.000 1.721
1.000 1.000 1.721
1.000 1.000 1.721
1.000 1.000 1.722
1.000 0.999 1.749
1.000 0.999 1.722
1.000 0.999 1.723
1.000 0.999 1.723
1.000 0.999 1.723
1.000 0.999 1.723
1.000 0.999 1.723
1.000 0.999 1.723
1.000 0.996 1.778
1.000 0.996 1.725
1.000 0.996 1.725
1.000 0.995 1.753
1.000 0.995 1.726
1.000 0.995 1.726
1.000 0.995 1.727
1.000 0.994 1.754
1.000 0.994 1.728
1.000 0.994 1.728
1.000 0.994 1.729
1.000 0.994 1.729
1.000 0.992 1.784
1.000 0.992 1.731
1.000 0.992 1.732
1.000 0.992 1.732
1.000 0.992 1.733
1.000 0.992 1.733
1.000 0.992 1.733
1.000 0.992 1.734
1.000 0.992 1.734
1.000 0.992 1.735
1.000 0.992 1.735
1.000 0.994 1.680
1.000 0.994 1.734
1.000 0.994 1.734
1.000 0.994 1.734
1.000 0.994 1.735
1.000 0.995 1.707
1.000 0.995 1.734
1.000 0.995 1.735
1.000 0.995 1.735
1.000 0.995 1.735
1.000 0.995 1.735
1.000 0.996 1.708
1.000 0.996 1.735
1.000 0.996 1.735
1.000 0.996 1.735
1.000 0.999 1.680
1.000 0.999 1.734
1.000 0.999 1.734
1.000 0.999 1.734
1.000 0.999 1.734
1.000 0.999 1.734
1.000 0.999 1.734
1.000 0.999 1.734
1.000 0.999 1.734
1.000 0.996 1.789
1.000 0.996 1.736
1.000 0.996 1.736
1.000 0.996 1.736
1.000 0.996 1.737
1.000 0.996 1.737
1.000 0.996 1.737
1.000 0.996 1.737
1.000 0.996 1.737
1.000 0.996 1.737
1.000 0.996 1.738
1.000 0.996 1.738
1.000 0.996 1.738
1.000 0.996 1.738
1.000 0.996 1.738
1.000 0.996 1.739
1.000 0.996 1.739
1.000 0.995 1.766
1.000 0.995 1.740
1.000 0.995 1.740
1.000 0.995 1.740
1.000 0.995 1.741
1.000 0.995 1.741
1.000 0.994 1.769
1.000 0.994 1.742
1.000 0.994 1.743
1.000 0.994 1.743
1.000 0.994 1.743
1.000 0.994 1.743
1.000 0.994 1.744
1.000 0.995 1.716
1.000 0.995 1.743
1.000 0.995 1.744
1.000 0.995 1.744
1.000 0.996 1.717
1.000 0.996 1.743
1.000 0.996 1.744
1.000 0.996 1.744
1.000 0.999 1.689
1.000 0.999 1.742
1.000 0.999 1.742
1.000 0.999 1.742
1.000 1.000 1.715
1.000 1.000 1.742
1.000 1.000 1.742
1.000 1.000 1.742
1.000 1.000 1.742
1.000 1.000 1.742
1.000 1.000 1.742
1.000 1.000 1.742
1.000 1.000 1.742
1.000 1.000 1.742
1.000 1.000 1.742
1.000 1.000 1.742
1.000 1.000 1.742
1.000 1.000 1.742
1.000 1.001 1.714
1.000 1.001 1.741
1.000 1.001 1.741
1.000 1.001 1.741
1.000 1.001 1.741
1.000 1.001 1.741
1.000 1.001 1.741
1.000 1.001 1.741
1.000 1.003 1.685
1.000 1.003 1.739
1.000 1.003 1.738
1.000 1.003 1.738
1.000 1.003 1.738
1.000 1.003 1.738
1.000 1.003 1.738
1.000 1.003 1.738
1.000 1.003 1.738
1.000 1.003 1.737
1.000 1.003 1.737
1.000 1.003 1.737
1.000 1.003 1.737
1.000 1.003 1.737
1.000 1.003 1.737
1.000 1.004 1.709
1.000 1.003 1.763
1.000 1.003 1.736
1.000 1.003 1.736
1.000 1.003 1.736
1.000 1.003 1.736
1.000 1.003 1.735
1.000 1.003 1.735
1.000 1.003 1.735
1.000 1.003 1.735
1.000 1.003 1.735
1.000 1.003 1.735
1.000 1.003 1.735
1.000 1.003 1.734
1.000 1.003 1.734
1.000 1.004 1.707
1.000 1.004 1.733
1.000 1.004 1.733
1.000 1.006 1.705
1.000 1.006 1.731
1.000 1.006 1.731
1.000 1.006 1.731
1.000 1.008 1.676
1.000 1.008 1.729
1.000 1.008 1.728
1.000 1.008 1.728
1.000 1.008 1.727
1.000 1.008 1.727
1.000 1.008 1.727
1.000 1.008 1.726
1.000 1.008 1.726
1.000 1.006 1.781
1.000 1.006 1.727
1.000 1.006 1.727
1.000 1.004 1.754
1.000 1.004 1.727
1.000 1.004 1.727
1.000 1.004 1.727
1.000 1.003 1.754
1.000 1.003 1.727
1.000 1.003 1.727
1.000 1.001 1.782
1.000 1.001 1.729
1.000 1.001 1.729
1.000 1.001 1.729
1.000 1.000 1.756
1.000 1.001 1.702
1.000 1.000 1.756
1.000 1.000 1.729
1.000 1.000 1.729
1.000 1.000 1.729
1.000 1.000 1.729
1.000 1.000 1.729
1.000 1.000 1.729
1.000 1.000 1.729
1.000 1.000 1.729
1.000 1.000 1.729
1.000 0.999 1.757
1.000 0.999 1.730
1.000 0.999 1.730
1.000 0.999 1.731
1.000 0.996 1.786
1.000 0.996 1.733
1.000 0.996 1.733
1.000 0.995 1.760
1.000 0.995 1.734
1.000 0.995 1.734
1.000 0.994 1.762
1.000 0.994 1.736
1.000 0.992 1.791
1.000 0.992 1.738
1.000 0.992 1.738
1.000 0.991 1.766
1.000 0.991 1.740
1.000 0.991 1.741
1.000 0.991 1.741
1.000 0.991 1.741
1.000 0.991 1.742
1.000 0.991 1.742
1.000 0.991 1.743
1.000 0.991 1.743
1.000 0.992 1.716
1.000 0.992 1.743
1.000 0.992 1.744
1.000 0.992 1.744
1.000 0.992 1.744
1.000 0.992 1.745
1.000 0.994 1.690
1.000 0.994 1.744
1.000 0.994 1.744
1.000 0.994 1.744
1.000 0.994 1.745
1.000 0.994 1.745
1.000 0.992 1.800
1.000 0.992 1.747
1.000 0.992 1.748
1.000 0.992 1.748
1.000 0.991 1.776
1.000 0.991 1.750
1.000 0.991 1.750
1.000 0.989 1.778
1.000 0.989 1.752
1.000 0.989 1.753
1.000 0.989 1.753
1.000 0.989 1.754
1.000 0.989 1.754
1.000 0.989 1.755
1.000 0.989 1.755
1.000 0.989 1.756
1.000 0.991 1.729
1.000 0.991 1.756
1.000 0.991 1.756
1.000 0.992 1.729
1.000 0.992 1.756
1.000 0.992 1.756
1.000 0.992 1.757
1.000 0.994 1.702
1.000 0.994 1.756
1.000 0.994 1.756
1.000 0.994 1.756
1.000 0.995 1.729
1.000 0.995 1.756
1.000 0.995 1.756
1.000 0.995 1.756
1.000 0.995 1.757
1.000 0.995 1.757
1.000 0.994 1.785
1.000 0.994 1.758
1.000 0.994 1.759
1.000 0.994 1.759
1.000 0.994 1.759
1.000 0.994 1.759
1.000 0.994 1.760
1.000 0.994 1.760
1.000 0.994 1.760
1.000 0.995 1.733
1.000 0.995 1.760
1.000 0.995 1.760
1.000 0.996 1.733
1.000 0.996 1.760
1.000 0.996 1.760
1.000 0.999 1.705
1.000 0.999 1.758
1.000 1.000 1.731
1.000 1.000 1.758
1.000 1.001 1.730
1.000 1.001 1.757
1.000 1.001 1.757
1.000 1.003 1.702
1.000 1.003 1.755
1.000 1.003 1.755
1.000 1.003 1.754
1.000 1.003 1.754
1.000 1.003 1.754
1.000 1.003 1.754
1.000 1.003 1.754
1.000 1.003 1.754
1.000 1.001 1.809
1.000 1.001 1.755
1.000 1.001 1.755
1.000 1.001 1.755
1.000 1.001 1.755
1.000 1.000 1.783
1.000 1.001 1.728
1.000 1.001 1.755
1.000 1.000 1.782
1.000 1.001 1.728
1.000 1.001 1.755
1.000 1.001 1.755
1.000 1.001 1.755
1.000 1.001 1.755
1.000 1.003 1.700
1.000 1.003 1.753
1.000 1.003 1.753
1.000 1.004 1.725
1.000 1.004 1.751
1.000 1.004 1.751
1.000 1.006 1.724
1.000 1.006 1.750
1.000 1.008 1.695
1.000 1.008 1.748
1.000 1.008 1.747
1.000 1.009 1.719
1.000 1.009 1.746
1.000 1.009 1.745
1.000 1.009 1.745
1.000 1.009 1.744
1.000 1.009 1.744
1.000 1.009 1.743
1.000 1.009 1.743
1.000 1.009 1.743
1.000 1.008 1.770
1.000 1.008 1.743
1.000 1.008 1.742
1.000 1.006 1.797
1.000 1.006 1.743
1.000 1.004 1.771
1.000 1.004 1.744
1.000 1.003 1.771
1.000 1.003 1.744
1.000 1.001 1.799
1.000 1.001 1.746
1.000 1.000 1.773
1.000 1.000 1.747
1.000 1.000 1.747
1.000 0.999 1.774
1.000 0.999 1.748
1.000 0.999 1.748
1.000 0.996 1.803
1.000 0.996 1.750
1.000 0.996 1.750
1.000 0.996 1.750
1.000 0.996 1.750
1.000 0.996 1.750
1.000 0.996 1.750
1.000 0.996 1.751
1.000 0.996 1.751
1.000 0.996 1.751
1.000 0.996 1.751
1.000 0.996 1.751
1.000 0.996 1.752
1.000 0.999 1.697
1.000 0.999 1.750
1.000 1.000 1.723
1.000 1.000 1.749
1.000 1.001 1.722
1.000 1.001 1.748
1.000 1.001 1.748
1.000 1.003 1.693
1.000 1.003 1.746
1.000 1.003 1.746
1.000 1.003 1.746
1.000 1.003 1.746
1.000 1.003 1.746
0.350 1.001 1.770
0.350 1.000 1.713
0.350 1.000 1.655
0.350 0.999 1.652
0.350 0.996 1.650
0.350 0.995 1.593
0.350 0.994 1.563
0.350 0.991 1.589
0.350 0.987 1.561
0.350 0.985 1.506
0.350 0.981 1.505
0.350 0.976 1.532
0.350 0.969 1.534
0.350 0.963 1.483
0.350 0.955 1.513
0.350 0.946 1.518
0.350 0.936 1.496
0.350 0.926 1.503
0.350 0.913 1.538
0.350 0.900 1.548
0.350 0.886 1.533
0.350 0.871 1.545
0.350 0.854 1.587
0.350 0.838 1.548
0.350 0.819 1.592
0.350 0.802 1.556
0.350 0.782 1.603
0.350 0.764 1.569
0.350 0.746 1.563
0.350 0.727 1.558
0.350 0.709 1.554
0.350 0.690 1.551
0.350 0.673 1.521
0.350 0.655 1.546
0.350 0.637 1.518
0.350 0.621 1.490
0.350 0.607 1.434
0.350 0.591 1.488
0.350 0.578 1.433
0.350 0.566 1.378
0.350 0.553 1.404
0.350 0.541 1.403
0.350 0.530 1.349
0.350 0.521 1.321
0.350 0.513 1.292
0.350 0.506 1.263
0.350 0.498 1.288
0.350 0.490 1.287
0.350 0.486 1.204
0.350 0.480 1.228
0.350 0.475 1.199
0.350 0.471 1.196
0.350 0.466 1.194
0.350 0.462 1.165
0.350 0.460 1.134
0.350 0.456 1.186
0.350 0.452 1.157
0.350 0.449 1.155
0.350 0.446 1.125
0.350 0.443 1.150
0.350 0.439 1.148
0.350 0.437 1.119
0.350 0.434 1.144
0.350 0.429 1.170
0.350 0.426 1.142
0.350 0.421 1.169
0.350 0.419 1.114
0.350 0.415 1.140
0.350 0.411 1.167
0.350 0.406 1.167
0.350 0.402 1.168
0.350 0.397 1.169
0.350 0.392 1.170
0.350 0.388 1.172
0.350 0.383 1.173
0.350 0.380 1.148
0.350 0.375 1.176
0.350 0.370 1.179
0.350 0.366 1.181
0.350 0.361 1.184
0.350 0.359 1.132
0.350 0.354 1.188
0.350 0.350 1.191
0.350 0.346 1.167
0.350 0.342 1.198
0.350 0.338 1.174
0.350 0.336 1.150
0.350 0.332 1.180
0.350 0.328 1.210
0.350 0.327 1.132
0.350 0.323 1.189
0.350 0.322 1.138
0.350 0.319 1.195
0.350 0.318 1.145
0.350 0.318 1.119
0.350 0.315 1.176
0.350 0.315 1.124
0.350 0.314 1.154
0.350 0.314 1.129
0.350 0.314 1.130
0.350 0.314 1.132
0.350 0.314 1.134
0.350 0.315 1.108
0.350 0.315 1.136
0.350 0.315 1.138
0.350 0.315 1.140
0.350 0.318 1.086
0.350 0.318 1.141
0.350 0.318 1.143
0.350 0.318 1.144
0.350 0.318 1.146
0.350 0.318 1.147
0.350 0.318 1.149
0.350 0.318 1.150
0.350 0.318 1.152
0.350 0.318 1.153
0.350 0.318 1.155
0.350 0.318 1.156
0.350 0.318 1.158
0.350 0.315 1.215
0.350 0.315 1.163
0.350 0.315 1.165
0.350 0.315 1.166
0.350 0.315 1.168
0.350 0.315 1.170
0.350 0.315 1.171
0.350 0.315 1.173
0.350 0.318 1.119
0.350 0.318 1.174
0.350 0.319 1.148
0.350 0.319 1.176
0.350 0.320 1.150
0.350 0.322 1.123
0.350 0.323 1.151
0.350 0.324 1.151
0.350 0.327 1.124
0.350 0.327 1.178
0.350 0.328 1.152
0.350 0.329 1.152
0.350 0.331 1.125
0.350 0.331 1.179
0.350 0.332 1.152
0.350 0.334 1.152
0.350 0.334 1.180
0.350 0.336 1.125
0.350 0.336 1.179
0.350 0.337 1.152
0.350 0.337 1.180
0.350 0.337 1.180
0.350 0.337 1.181
0.350 0.337 1.182
0.350 0.338 1.155
0.350 0.338 1.182
0.350 0.338 1.182
0.350 0.338 1.183
0.350 0.338 1.184
0.350 0.337 1.212
0.350 0.337 1.186
0.350 0.338 1.159
0.350 0.337 1.213
0.350 0.338 1.160
0.350 0.338 1.187
0.350 0.338 1.188
0.350 0.338 1.188
0.350 0.341 1.134
0.350 0.341 1.187
0.350 0.341 1.188
0.350 0.342 1.161
0.350 0.342 1.188
0.350 0.343 1.161
0.350 0.343 1.188
0.350 0.345 1.133
0.350 0.345 1.187
0.350 0.346 1.159
0.350 0.346 1.186
0.350 0.347 1.159
0.350 0.350 1.131
0.350 0.350 1.184
0.350 0.351 1.156
0.350 0.352 1.155
0.350 0.352 1.182
0.350 0.354 1.127
0.350 0.356 1.152
0.350 0.356 1.179
0.350 0.357 1.151
0.350 0.357 1.177
0.350 0.357 1.177
0.350 0.359 1.122
0.350 0.359 1.175
0.350 0.359 1.174
0.350 0.359 1.174
0.350 0.357 1.228
0.350 0.357 1.175
0.350 0.357 1.174
0.350 0.357 1.174
0.350 0.356 1.201
0.350 0.356 1.174
0.350 0.356 1.174
0.350 0.356 1.174
0.350 0.356 1.174
0.350 0.356 1.173
0.350 0.356 1.173
0.350 0.356 1.173
0.350 0.356 1.173
0.350 0.356 1.172
0.350 0.356 1.172
0.350 0.356 1.172
0.350 0.356 1.172
0.350 0.356 1.171
0.350 0.356 1.171
0.350 0.356 1.171
0.350 0.356 1.170
0.350 0.356 1.170
0.350 0.356 1.170
0.350 0.356 1.170
0.350 0.356 1.169
0.350 0.356 1.169
0.350 0.356 1.169
0.350 0.356 1.169
0.350 0.356 1.168
0.350 0.356 1.168
0.350 0.354 1.195
0.350 0.354 1.169
0.350 0.354 1.168
0.350 0.354 1.168
0.350 0.354 1.168
0.350 0.354 1.168
0.350 0.352 1.222
0.350 0.354 1.114
0.350 0.352 1.222
0.350 0.352 1.169
0.350 0.352 1.169
0.350 0.352 1.169
0.350 0.352 1.169
0.350 0.352 1.168
0.350 0.354 1.113
0.350 0.354 1.166
0.350 0.354 1.166
0.350 0.354 1.166
0.350 0.354 1.166
0.350 0.354 1.166
0.350 0.354 1.165
0.350 0.354 1.165
0.350 0.354 1.165
0.350 0.354 1.165
0.350 0.354 1.165
0.350 0.354 1.164
0.350 0.352 1.219
0.350 0.352 1.166
0.350 0.352 1.166
0.350 0.352 1.166
0.350 0.352 1.165
0.350 0.352 1.165
0.350 0.352 1.165
0.350 0.352 1.165
0.350 0.352 1.165
0.350 0.352 1.165
0.350 0.352 1.165
0.350 0.352 1.165
0.350 0.352 1.165
0.350 0.352 1.165
0.350 0.354 1.109
0.350 0.354 1.163
0.350 0.354 1.162
0.350 0.354 1.162
0.350 0.354 1.162
0.350 0.354 1.162
0.350 0.354 1.161
0.350 0.354 1.161
0.350 0.354 1.161
0.350 0.354 1.161
0.350 0.354 1.161
0.350 0.352 1.215
0.350 0.352 1.162
0.350 0.352 1.162
0.350 0.352 1.162
0.350 0.352 1.162
0.350 0.352 1.162
0.350 0.352 1.162
0.350 0.352 1.162
0.350 0.352 1.161
0.350 0.354 1.106
0.350 0.354 1.159
0.350 0.354 1.159
0.350 0.354 1.159
0.350 0.354 1.159
0.350 0.354 1.159
0.350 0.354 1.158
0.350 0.354 1.158
0.350 0.354 1.158
0.350 0.354 1.158
0.350 0.354 1.158
0.350 0.352 1.212
0.350 0.352 1.159
0.350 0.352 1.159
0.350 0.352 1.159
0.350 0.352 1.159
0.350 0.351 1.186
0.350 0.351 1.159
0.350 0.351 1.159
0.350 0.351 1.159
0.350 0.351 1.159
0.350 0.351 1.159
0.350 0.351 1.159
0.350 0.352 1.132
0.350 0.352 1.158
0.350 0.352 1.158
0.350 0.352 1.158
0.350 0.352 1.158
0.350 0.352 1.158
0.350 0.352 1.158
0.350 0.354 1.103
0.350 0.352 1.211
0.350 0.354 1.102
0.350 0.352 1.210
0.350 0.352 1.157
0.350 0.352 1.157
0.350 0.352 1.157
0.350 0.352 1.157
0.350 0.352 1.157
0.350 0.351 1.184
0.350 0.351 1.157
0.350 0.351 1.157
0.350 0.351 1.157
0.350 0.350 1.185
0.350 0.350 1.158
0.350 0.350 1.158
0.350 0.350 1.158
0.350 0.350 1.158
0.350 0.350 1.158
0.350 0.350 1.158
0.350 0.350 1.158
0.350 0.350 1.158
0.350 0.350 1.158
0.350 0.347 1.213
0.350 0.350 1.105
0.350 0.350 1.158
0.350 0.350 1.158
0.350 0.350 1.158
0.350 0.350 1.158
0.350 0.350 1.158
0.350 0.350 1.158
0.350 0.350 1.158
0.350 0.347 1.213
0.350 0.347 1.160
0.350 0.347 1.160
0.350 0.347 1.160
0.350 0.347 1.161
0.350 0.347 1.161
0.350 0.350 1.106
0.350 0.347 1.214
0.350 0.350 1.106
0.350 0.350 1.159
0.350 0.350 1.159
0.350 0.350 1.159
0.350 0.350 1.159
0.350 0.350 1.159
0.350 0.350 1.159
0.350 0.350 1.159
0.350 0.350 1.159
0.350 0.350 1.159
0.350 0.350 1.159
0.350 0.351 1.132
0.350 0.351 1.158
0.350 0.351 1.158
0.350 0.351 1.158
0.350 0.351 1.158
0.350 0.351 1.158
0.350 0.351 1.158
0.350 0.350 1.186
0.350 0.350 1.159
0.350 0.350 1.159
0.350 0.350 1.159
0.350 0.350 1.159
0.350 0.350 1.159
0.350 0.350 1.159
0.350 0.350 1.159
0.350 0.347 1.214
0.350 0.347 1.161
0.350 0.347 1.161
0.350 0.347 1.161
0.350 0.350 1.106
0.350 0.350 1.160
0.350 0.350 1.160
0.350 0.350 1.160
0.350 0.350 1.160
0.350 0.350 1.160
0.350 0.350 1.160
0.350 0.351 1.132
0.350 0.351 1.159
0.350 0.351 1.159
0.350 0.351 1.159
0.350 0.351 1.159
0.350 0.351 1.159
0.350 0.351 1.159
0.350 0.351 1.159
0.350 0.352 1.131
0.350 0.351 1.185
0.350 0.351 1.158
0.350 0.352 1.131
0.350 0.351 1.185
0.350 0.351 1.158
0.350 0.351 1.158
0.350 0.351 1.158
0.350 0.351 1.158
0.350 0.350 1.186
0.350 0.350 1.159
0.350 0.350 1.159
0.350 0.350 1.159
0.350 0.350 1.159
0.350 0.347 1.214
0.350 0.347 1.161
0.350 0.347 1.161
0.350 0.347 1.161
0.350 0.347 1.161
0.350 0.347 1.161
0.350 0.347 1.161
0.350 0.347 1.162
0.350 0.350 1.107
0.350 0.350 1.160
0.350 0.350 1.160
0.350 0.350 1.160
0.350 0.350 1.160
0.350 0.350 1.160
0.350 0.351 1.132
0.350 0.351 1.159
0.350 0.351 1.159
0.350 0.351 1.159
0.350 0.352 1.131
0.350 0.352 1.158
0.350 0.352 1.158
0.350 0.352 1.158
0.350 0.352 1.158
0.350 0.352 1.158
0.350 0.351 1.185
0.350 0.351 1.158
0.350 0.351 1.158
0.350 0.351 1.158
0.350 0.350 1.186
0.350 0.350 1.159
0.350 0.350 1.159
0.350 0.347 1.214
0.350 0.347 1.161
0.350 0.346 1.189
0.350 0.347 1.135
0.350 0.347 1.161
0.350 0.347 1.162
0.350 0.347 1.162
0.350 0.347 1.162
0.350 0.350 1.107
0.350 0.350 1.160
0.350 0.350 1.160
0.350 0.350 1.160
0.350 0.351 1.133
0.350 0.351 1.159
0.350 0.351 1.159
0.350 0.351 1.159
0.350 0.352 1.132
0.350 0.352 1.158
0.350 0.352 1.158
0.350 0.352 1.158
0.350 0.352 1.158
0.350 0.352 1.158
0.350 0.352 1.158
0.350 0.352 1.158
0.350 0.352 1.158
0.350 0.351 1.185
0.350 0.351 1.158
0.350 0.350 1.186
0.350 0.350 1.159
0.350 0.350 1.159
0.350 0.350 1.159
0.350 0.350 1.159
0.350 0.347 1.214
0.350 0.347 1.161
0.350 0.347 1.161
0.350 0.347 1.161
0.350 0.347 1.161
0.350 0.350 1.106
0.350 0.350 1.160
0.350 0.350 1.160
0.350 0.350 1.160
0.350 0.350 1.160
0.350 0.351 1.132
0.350 0.351 1.159
0.350 0.351 1.159
0.350 0.352 1.131
0.350 0.352 1.158
0.350 0.352 1.158
0.350 0.352 1.158
0.350 0.352 1.158
0.350 0.352 1.157
0.350 0.352 1.157
0.350 0.352 1.157
0.350 0.352 1.157
0.350 0.351 1.185
0.350 0.351 1.158
0.350 0.351 1.158
0.350 0.350 1.185
0.350 0.350 1.159
1.300 0.350 1.204
1.300 0.347 1.304
1.300 0.347 1.296
1.300 0.347 1.341
1.300 0.347 1.387
1.300 0.347 1.432
1.300 0.350 1.422
1.300 0.351 1.493
1.300 0.352 1.537
1.300 0.356 1.527
1.300 0.359 1.569
1.300 0.364 1.583
1.300 0.369 1.597
1.300 0.377 1.582
1.300 0.384 1.647
1.300 0.396 1.576
1.300 0.407 1.610
1.300 0.421 1.589
1.300 0.435 1.620
1.300 0.453 1.541
1.300 0.474 1.512
1.300 0.494 1.563
1.300 0.517 1.504
1.300 0.541 1.497
1.300 0.567 1.460
1.300 0.594 1.475
1.300 0.621 1.461
1.300 0.649 1.472
1.300 0.676 1.483
1.300 0.704 1.491
1.300 0.732 1.499
1.300 0.757 1.560
1.300 0.783 1.539
1.300 0.810 1.544
1.300 0.834 1.603
1.300 0.857 1.634
1.300 0.880 1.638
1.300 0.902 1.668
1.300 0.923 1.698
1.300 0.943 1.700
1.300 0.962 1.757
1.300 0.978 1.814
1.300 0.995 1.790
1.300 1.010 1.846
1.300 1.026 1.821
1.300 1.040 1.877
1.300 1.054 1.879
1.300 1.068 1.880
1.300 1.079 1.936
1.300 1.093 1.883
1.300 1.107 1.882
1.300 1.119 1.909
1.300 1.133 1.880
1.300 1.147 1.878
1.300 1.161 1.875
1.300 1.173 1.898
1.300 1.188 1.840
1.300 1.202 1.861
1.300 1.216 1.856
1.300 1.230 1.849
1.300 1.244 1.842
1.300 1.257 1.834
1.300 1.271 1.826
1.300 1.285 1.817
1.300 1.299 1.807
1.300 1.312 1.825
1.300 1.323 1.842
1.300 1.336 1.805
1.300 1.346 1.849
1.300 1.359 1.784
1.300 1.369 1.826
1.300 1.378 1.843
1.300 1.387 1.832
1.300 1.397 1.821
1.300 1.405 1.837
1.300 1.413 1.826
1.300 1.420 1.842
1.300 1.427 1.831
1.300 1.431 1.875
1.300 1.437 1.838
1.300 1.442 1.854
1.300 1.446 1.844
1.300 1.450 1.861
1.300 1.452 1.879
1.300 1.454 1.870
1.300 1.455 1.889
1.300 1.457 1.880
1.300 1.459 1.845
1.300 1.460 1.863
1.300 1.460 1.882
1.300 1.460 1.874
1.300 1.459 1.894
1.300 1.459 1.860
1.300 1.457 1.907
1.300 1.455 1.874
1.300 1.454 1.868
1.300 1.451 1.916
1.300 1.450 1.857
1.300 1.446 1.905
1.300 1.443 1.901
1.300 1.440 1.869
1.300 1.437 1.892
1.300 1.434 1.888
1.300 1.431 1.857
1.300 1.427 1.907
1.300 1.423 1.877
1.300 1.420 1.874
1.300 1.415 1.898
1.300 1.410 1.896
1.300 1.408 1.840
1.300 1.404 1.891
1.300 1.399 1.890
1.300 1.394 1.888
1.300 1.390 1.887
1.300 1.385 1.887
1.300 1.381 1.886
1.300 1.376 1.886
1.300 1.371 1.885
1.300 1.367 1.886
1.300 1.363 1.858
1.300 1.359 1.885
1.300 1.354 1.886
1.300 1.350 1.887
1.300 1.345 1.888
1.300 1.341 1.862
1.300 1.337 1.890
1.300 1.332 1.892
1.300 1.330 1.839
1.300 1.325 1.894
1.300 1.321 1.896
1.300 1.317 1.871
1.300 1.314 1.873
1.300 1.309 1.902
1.300 1.307 1.850
1.300 1.302 1.907
1.300 1.299 1.883
1.300 1.295 1.885
1.300 1.293 1.861
1.300 1.290 1.890
1.300 1.286 1.893
1.300 1.285 1.842
1.300 1.282 1.898
1.300 1.279 1.874
1.300 1.277 1.877
1.300 1.276 1.852
1.300 1.272 1.909
1.300 1.271 1.858
1.300 1.270 1.860
1.300 1.268 1.890
1.300 1.267 1.866
1.300 1.266 1.868
1.300 1.263 1.898
1.300 1.263 1.847
1.300 1.262 1.876
1.300 1.261 1.879
1.300 1.261 1.854
1.300 1.261 1.856
1.300 1.259 1.913
1.300 1.259 1.861
1.300 1.259 1.863
1.300 1.259 1.865
1.300 1.259 1.867
1.300 1.259 1.869
1.300 1.259 1.871
1.300 1.261 1.818
1.300 1.261 1.873
1.300 1.261 1.875
1.300 1.261 1.877
1.300 1.261 1.879
1.300 1.262 1.853
1.300 1.262 1.882
1.300 1.262 1.883
1.300 1.263 1.858
1.300 1.266 1.831
1.300 1.266 1.886
1.300 1.267 1.860
1.300 1.267 1.888
1.300 1.267 1.890
1.300 1.268 1.864
1.300 1.268 1.892
1.300 1.270 1.839
1.300 1.270 1.893
1.300 1.271 1.867
1.300 1.272 1.868
1.300 1.275 1.841
1.300 1.275 1.895
1.300 1.276 1.869
1.300 1.277 1.869
1.300 1.277 1.897
1.300 1.279 1.843
1.300 1.280 1.870
1.300 1.280 1.897
1.300 1.282 1.871
1.300 1.284 1.843
1.300 1.285 1.870
1.300 1.285 1.897
1.300 1.289 1.815
1.300 1.289 1.896
1.300 1.290 1.869
1.300 1.291 1.868
1.300 1.291 1.896
1.300 1.293 1.841
1.300 1.294 1.867
1.300 1.295 1.866
1.300 1.298 1.838
1.300 1.299 1.864
1.300 1.299 1.891
1.300 1.300 1.863
1.300 1.300 1.890
1.300 1.302 1.835
1.300 1.302 1.888
1.300 1.302 1.888
1.300 1.302 1.888
1.300 1.304 1.860
1.300 1.304 1.887
1.300 1.304 1.887
1.300 1.304 1.887
1.300 1.304 1.886
1.300 1.304 1.886
1.300 1.305 1.859
1.300 1.305 1.885
1.300 1.305 1.885
1.300 1.305 1.884
1.300 1.305 1.884
1.300 1.305 1.884
1.300 1.305 1.884
1.300 1.307 1.829
1.300 1.307 1.882
1.300 1.307 1.881
1.300 1.307 1.881
1.300 1.308 1.853
1.300 1.308 1.879
1.300 1.308 1.879
1.300 1.308 1.879
1.300 1.309 1.851
1.300 1.309 1.877
1.300 1.309 1.876
1.300 1.309 1.876
1.300 1.309 1.876
1.300 1.309 1.875
1.300 1.309 1.875
1.300 1.309 1.874
1.300 1.309 1.874
1.300 1.309 1.873
1.300 1.309 1.873
1.300 1.309 1.872
1.300 1.308 1.900
1.300 1.308 1.872
1.300 1.308 1.872
1.300 1.307 1.899
1.300 1.307 1.872
1.300 1.307 1.872
1.300 1.305 1.927
1.300 1.305 1.873
1.300 1.304 1.900
1.300 1.304 1.874
1.300 1.304 1.873
1.300 1.302 1.901
1.300 1.302 1.874
1.300 1.302 1.874
1.300 1.302 1.874
1.300 1.302 1.874
1.300 1.300 1.929
1.300 1.300 1.875
1.300 1.300 1.875
1.300 1.300 1.875
1.300 1.300 1.875
1.300 1.300 1.875
1.300 1.300 1.875
1.300 1.300 1.875
1.300 1.300 1.875
1.300 1.300 1.875
1.300 1.300 1.875
1.300 1.300 1.875
1.300 1.300 1.875
1.300 1.300 1.875
1.300 1.300 1.875
1.300 1.300 1.875
1.300 1.300 1.875
1.300 1.300 1.875
1.300 1.300 1.875
1.300 1.300 1.875
1.300 1.300 1.875
1.300 1.300 1.875
1.300 1.299 1.903
1.300 1.299 1.876
1.300 1.299 1.876
1.300 1.299 1.876
1.300 1.298 1.904
1.300 1.298 1.877
1.300 1.298 1.877
1.300 1.298 1.877
1.300 1.298 1.878
1.300 1.298 1.878
1.300 1.298 1.878
1.300 1.298 1.878
1.300 1.298 1.878
1.300 1.295 1.933
1.300 1.295 1.880
1.300 1.295 1.880
1.300 1.295 1.881
1.300 1.295 1.881
1.300 1.295 1.881
1.300 1.295 1.881
1.300 1.298 1.826
1.300 1.298 1.880
1.300 1.298 1.880
1.300 1.298 1.880
1.300 1.298 1.880
1.300 1.298 1.880
1.300 1.298 1.880
1.300 1.298 1.880
1.300 1.299 1.853
1.300 1.298 1.907
1.300 1.298 1.881
1.300 1.298 1.881
1.300 1.298 1.881
1.300 1.298 1.881
1.300 1.298 1.881
1.300 1.298 1.881
1.300 1.298 1.881
1.300 1.298 1.881
1.300 1.298 1.882
1.300 1.298 1.882
1.300 1.295 1.937
1.300 1.295 1.884
1.300 1.295 1.884
1.300 1.295 1.884
1.300 1.295 1.884
1.300 1.295 1.885
1.300 1.295 1.885
1.300 1.295 1.885
1.300 1.298 1.830
1.300 1.298 1.884
1.300 1.298 1.884
1.300 1.298 1.884
1.300 1.298 1.884
1.300 1.299 1.856
1.300 1.299 1.883
1.300 1.299 1.883
1.300 1.299 1.883
1.300 1.300 1.856
1.300 1.300 1.882
1.300 1.302 1.827
1.300 1.302 1.881
1.300 1.302 1.881
1.300 1.302 1.880
1.300 1.302 1.880
1.300 1.302 1.880
1.300 1.302 1.880
1.300 1.304 1.852
1.300 1.304 1.879
1.300 1.304 1.879
1.300 1.304 1.879
1.300 1.304 1.878
1.300 1.304 1.878
1.300 1.302 1.906
1.300 1.302 1.879
1.300 1.302 1.879
1.300 1.302 1.879
1.300 1.302 1.879
1.300 1.302 1.878
1.300 1.302 1.878
1.300 1.302 1.878
1.300 1.300 1.933
1.300 1.300 1.880
1.300 1.300 1.880
1.300 1.300 1.880
1.300 1.299 1.907
1.300 1.299 1.881
1.300 1.299 1.881
1.300 1.299 1.881
1.300 1.299 1.881
1.300 1.299 1.881
1.300 1.299 1.881
1.300 1.299 1.881
1.300 1.299 1.881
1.300 1.299 1.881
1.300 1.299 1.881
1.300 1.299 1.881
1.300 1.299 1.881
1.300 1.299 1.881
1.300 1.299 1.881
1.300 1.300 1.854
1.300 1.300 1.881
1.300 1.300 1.881
1.300 1.300 1.881
1.300 1.300 1.881
1.300 1.300 1.881
1.300 1.300 1.881
1.300 1.300 1.881
1.300 1.300 1.881
1.300 1.300 1.881
1.300 1.300 1.881
1.300 1.300 1.881
1.300 1.300 1.881
1.300 1.299 1.908
1.300 1.299 1.881
1.300 1.299 1.882
1.300 1.299 1.882
1.300 1.299 1.882
1.300 1.299 1.882
1.300 1.299 1.882
1.300 1.299 1.882
1.300 1.299 1.882
1.300 1.299 1.882
1.300 1.299 1.882
1.300 1.299 1.882
1.300 1.299 1.882
1.300 1.298 1.910
1.300 1.298 1.883
1.300 1.298 1.883
1.300 1.298 1.883
1.300 1.298 1.883
1.300 1.298 1.883
1.300 1.298 1.884
1.300 1.298 1.884
1.300 1.298 1.884
1.300 1.298 1.884
1.300 1.298 1.884
1.300 1.298 1.884
1.300 1.298 1.884
1.300 1.299 1.857
1.300 1.299 1.884
1.300 1.299 1.884
1.300 1.300 1.856
1.300 1.300 1.883
1.300 1.302 1.828
1.300 1.302 1.881
1.300 1.304 1.853
1.300 1.304 1.880
1.300 1.304 1.880
1.300 1.305 1.852
1.300 1.305 1.878
1.300 1.307 1.823
1.300 1.307 1.876
1.300 1.307 1.876
1.300 1.307 1.875
1.300 1.307 1.875
1.300 1.307 1.875
1.300 1.307 1.874
1.300 1.305 1.929
1.300 1.305 1.876
1.300 1.305 1.875
1.300 1.305 1.875
1.300 1.305 1.875
1.300 1.305 1.875
1.300 1.304 1.902
1.300 1.304 1.875
1.300 1.304 1.875
1.300 1.304 1.875
1.300 1.304 1.875
1.300 1.302 1.902
1.300 1.302 1.875
1.300 1.302 1.875
1.300 1.302 1.875
1.300 1.302 1.875
1.300 1.302 1.875
1.300 1.302 1.875
1.300 1.302 1.875
1.300 1.302 1.875
1.300 1.300 1.929
1.300 1.300 1.876
1.300 1.300 1.876
1.300 1.300 1.876
1.300 1.300 1.876
1.300 1.300 1.876
1.300 1.300 1.876
1.300 1.300 1.876
1.300 1.300 1.876
1.300 1.300 1.876
1.300 1.300 1.876
1.300 1.300 1.876
1.300 1.300 1.876
1.300 1.300 1.876
1.300 1.300 1.876
1.300 1.300 1.876
1.300 1.300 1.876
1.300 1.300 1.876
1.300 1.300 1.876
1.300 1.300 1.876
1.300 1.300 1.876
1.300 1.300 1.876
1.300 1.299 1.904
1.300 1.299 1.877
1.300 1.299 1.877
1.300 1.299 1.877
1.300 1.299 1.877
1.300 1.299 1.877
1.300 1.299 1.877
1.300 1.299 1.877
1.300 1.299 1.877
1.300 1.299 1.877
1.300 1.299 1.877
1.300 1.299 1.878
1.300 1.299 1.878
1.300 1.299 1.878
1.300 1.299 1.878
1.300 1.299 1.878
1.300 1.298 1.905
1.000 1.298 1.864
1.000 1.298 1.850
1.000 1.298 1.836
1.000 1.298 1.822
1.000 1.298 1.808
1.000 1.298 1.794
1.000 1.295 1.835
1.000 1.294 1.795
1.000 1.294 1.754
1.000 1.293 1.768
1.000 1.291 1.782
1.000 1.289 1.770
1.000 1.285 1.786
1.000 1.282 1.775
1.000 1.277 1.791
1.000 1.275 1.727
1.000 1.268 1.825
1.000 1.263 1.763
1.000 1.257 1.781
1.000 1.252 1.773
1.000 1.244 1.821
1.000 1.236 1.815
1.000 1.229 1.782
1.000 1.221 1.804
1.000 1.211 1.827
1.000 1.202 1.824
1.000 1.193 1.822
1.000 1.184 1.819
1.000 1.175 1.817
1.000 1.165 1.816
1.000 1.156 1.815
1.000 1.147 1.815
1.000 1.138 1.815
1.000 1.129 1.815
1.000 1.119 1.816
1.000 1.111 1.789
1.000 1.102 1.818
1.000 1.095 1.765
1.000 1.087 1.793
1.000 1.079 1.795
1.000 1.073 1.742
1.000 1.065 1.798
1.000 1.060 1.746
1.000 1.054 1.747
1.000 1.049 1.722
1.000 1.042 1.778
1.000 1.038 1.726
1.000 1.033 1.728
1.000 1.029 1.730
1.000 1.026 1.677
1.000 1.022 1.732
1.000 1.018 1.707
1.000 1.014 1.736
1.000 1.010 1.712
1.000 1.008 1.686
1.000 1.004 1.715
1.000 1.001 1.717
1.000 0.999 1.693
1.000 0.995 1.722
1.000 0.994 1.670
1.000 0.991 1.726
1.000 0.987 1.729
1.000 0.986 1.677
1.000 0.983 1.734
1.000 0.981 1.682
1.000 0.978 1.739
1.000 0.977 1.687
1.000 0.973 1.744
1.000 0.972 1.693
1.000 0.971 1.695
1.000 0.969 1.725
1.000 0.968 1.701
1.000 0.966 1.703
1.000 0.964 1.733
1.000 0.964 1.682
1.000 0.963 1.711
1.000 0.963 1.686
1.000 0.963 1.688
1.000 0.963 1.690
1.000 0.962 1.719
1.000 0.962 1.694
1.000 0.962 1.696
1.000 0.962 1.698
1.000 0.962 1.699
1.000 0.962 1.701
1.000 0.963 1.676
1.000 0.963 1.704
1.000 0.963 1.706
1.000 0.963 1.707
1.000 0.963 1.709
1.000 0.963 1.711
1.000 0.964 1.685
1.000 0.964 1.714
1.000 0.964 1.715
1.000 0.966 1.662
1.000 0.966 1.717
1.000 0.966 1.718
1.000 0.968 1.693
1.000 0.968 1.721
1.000 0.968 1.722
1.000 0.969 1.696
1.000 0.969 1.724
1.000 0.969 1.726
1.000 0.971 1.672
1.000 0.972 1.700
1.000 0.972 1.728
1.000 0.973 1.701
1.000 0.973 1.729
1.000 0.976 1.676
1.000 0.976 1.730
1.000 0.977 1.704
1.000 0.977 1.731
1.000 0.977 1.732
1.000 0.978 1.706
1.000 0.978 1.734
1.000 0.980 1.680
1.000 0.980 1.734
1.000 0.981 1.707
1.000 0.981 1.735
1.000 0.983 1.708
1.000 0.983 1.736
1.000 0.983 1.737
1.000 0.985 1.682
1.000 0.985 1.736
1.000 0.986 1.710
1.000 0.986 1.737
1.000 0.987 1.710
1.000 0.987 1.737
1.000 0.989 1.683
1.000 0.991 1.709
1.000 0.991 1.736
1.000 0.992 1.709
1.000 0.994 1.681
1.000 0.994 1.735
1.000 0.995 1.708
1.000 0.995 1.735
1.000 0.996 1.707
1.000 0.996 1.734
1.000 0.996 1.734
1.000 0.999 1.679
1.000 0.999 1.733
1.000 1.000 1.705
1.000 1.000 1.732
1.000 1.000 1.732
1.000 1.000 1.732
1.000 1.001 1.705
1.000 1.001 1.731
1.000 1.001 1.731
1.000 1.001 1.731
1.000 1.001 1.731
1.000 1.003 1.676
1.000 1.003 1.729
1.000 1.003 1.729
1.000 1.003 1.729
1.000 1.003 1.729
1.000 1.003 1.728
1.000 1.003 1.728
1.000 1.003 1.728
1.000 1.003 1.728
1.000 1.003 1.728
1.000 1.003 1.728
1.000 1.001 1.783
1.000 1.001 1.729
1.000 1.003 1.674
1.000 1.003 1.727
1.000 1.001 1.782
1.000 1.003 1.674
1.000 1.003 1.727
1.000 1.003 1.727
1.000 1.003 1.727
1.000 1.003 1.726
1.000 1.003 1.726
1.000 1.003 1.726
1.000 1.003 1.726
1.000 1.003 1.726
1.000 1.003 1.726
1.000 1.003 1.726
1.000 1.003 1.725
1.000 1.003 1.725
1.000 1.003 1.725
1.000 1.003 1.725
1.000 1.004 1.697
1.000 1.003 1.751
1.000 1.003 1.724
1.000 1.003 1.724
1.000 1.003 1.724
1.000 1.004 1.696
1.000 1.004 1.723
1.000 1.004 1.723
1.000 1.004 1.722
1.000 1.004 1.722
1.000 1.004 1.722
1.000 1.004 1.722
1.000 1.004 1.722
1.000 1.004 1.721
1.000 1.004 1.721
1.000 1.006 1.694
1.000 1.006 1.720
1.000 1.006 1.720
1.000 1.006 1.719
1.000 1.006 1.719
1.000 1.006 1.719
1.000 1.006 1.719
1.000 1.006 1.718
1.000 1.006 1.718
1.000 1.006 1.718
1.000 1.006 1.718
1.000 1.006 1.717
1.000 1.006 1.717
1.000 1.006 1.717
1.000 1.006 1.716
1.000 1.006 1.716
1.000 1.006 1.716
1.000 1.004 1.743
1.000 1.004 1.716
1.000 1.004 1.716
1.000 1.004 1.716
1.000 1.003 1.743
1.000 1.003 1.716
1.000 1.003 1.716
1.000 1.003 1.716
1.000 1.003 1.716
1.000 1.003 1.716
1.000 1.001 1.771
1.000 1.001 1.717
1.000 1.001 1.717
1.000 1.001 1.717
1.000 1.001 1.717
1.000 1.001 1.717
1.000 1.001 1.717
1.000 1.001 1.717
1.000 1.001 1.717
1.000 1.001 1.717
1.000 1.000 1.744
1.000 1.000 1.718
1.000 1.000 1.718
1.000 1.000 1.718
1.000 1.000 1.718
1.000 1.000 1.718
1.000 1.000 1.718
1.000 0.999 1.745
1.000 0.999 1.719
1.000 0.999 1.719
1.000 0.999 1.719
1.000 0.996 1.774
1.000 0.996 1.721
1.000 0.996 1.721
1.000 0.996 1.721
1.000 0.996 1.721
1.000 0.996 1.722
1.000 0.999 1.667
1.000 0.999 1.720
1.000 0.999 1.720
1.000 0.999 1.720
1.000 1.000 1.693
1.000 1.000 1.719
1.000 1.000 1.720
1.000 1.000 1.720
1.000 1.000 1.720
1.000 1.001 1.692
1.000 1.001 1.719
1.000 1.001 1.719
1.000 1.001 1.719
1.000 1.001 1.718
1.000 1.001 1.718
1.000 1.001 1.718
1.000 1.001 1.718
1.000 1.001 1.718
1.000 1.001 1.718
1.000 1.001 1.718
1.000 1.001 1.718
1.000 1.001 1.718
1.000 1.001 1.718
1.000 1.001 1.718
1.000 1.001 1.718
1.000 1.000 1.745
1.000 1.000 1.719
1.000 1.000 1.719
1.000 1.000 1.719
1.000 0.999 1.746
1.000 0.999 1.720
1.000 0.999 1.720
1.000 0.999 1.720
1.000 0.999 1.720
1.000 0.999 1.720
1.000 0.996 1.775
1.000 0.996 1.722
1.000 0.999 1.667
1.000 0.999 1.721
1.000 0.999 1.721
1.000 0.999 1.721
1.000 0.999 1.721
1.000 0.999 1.721
1.000 0.999 1.721
1.000 1.000 1.693
1.000 1.000 1.720
1.000 1.000 1.720
1.000 1.000 1.720
1.000 1.000 1.720
1.000 1.000 1.720
1.000 1.000 1.720
1.000 1.001 1.693
1.000 1.001 1.719
1.000 1.001 1.719
1.000 1.001 1.719
1.000 1.001 1.719
1.000 1.001 1.719
1.000 1.001 1.719
1.000 1.001 1.719
1.000 1.001 1.719
1.000 1.001 1.719
1.000 1.001 1.719
1.000 1.003 1.664
1.000 1.001 1.772
1.000 1.001 1.719
1.000 1.001 1.719
1.000 1.001 1.719
1.000 1.001 1.718
1.000 1.001 1.718
1.000 1.001 1.718
1.000 1.001 1.718
1.000 1.001 1.718
1.000 1.001 1.718
1.000 1.001 1.718
1.000 1.001 1.718
1.000 1.001 1.718
1.000 1.001 1.718
1.000 1.001 1.718
1.000 1.000 1.746
1.000 1.000 1.719
1.000 1.000 1.719
1.000 1.000 1.719
1.000 1.000 1.719
1.000 0.999 1.746
1.000 0.999 1.720
1.000 0.999 1.720
1.000 0.999 1.720
1.000 0.996 1.775
1.000 0.996 1.722
1.000 0.996 1.722
1.000 0.996 1.722
1.000 0.999 1.667
1.000 0.999 1.721
1.000 0.999 1.721
1.000 0.999 1.721
1.000 0.999 1.721
1.000 1.000 1.694
1.000 1.000 1.720
1.000 1.000 1.720
1.000 1.000 1.720
1.000 1.000 1.720
1.000 1.000 1.720
1.000 1.000 1.720
1.000 1.000 1.720
1.000 1.000 1.720
1.000 1.001 1.693
1.000 1.001 1.719
1.000 1.001 1.719
1.000 1.001 1.719
1.000 1.001 1.719
1.000 1.000 1.747
1.000 1.001 1.693
1.000 1.000 1.747
1.000 1.001 1.693
1.000 1.000 1.747
1.000 1.000 1.720
1.000 1.000 1.720
1.000 1.000 1.720
1.000 1.001 1.693
1.000 1.000 1.747
1.000 1.001 1.693
1.000 1.001 1.719
1.000 1.001 1.719
1.000 1.001 1.719
1.000 1.001 1.719
1.000 1.001 1.719
1.000 1.001 1.719
1.000 1.001 1.719
1.000 1.001 1.719
1.000 1.001 1.719
1.000 1.001 1.719
1.000 1.001 1.719
1.000 1.001 1.719
1.000 1.001 1.719
1.000 1.001 1.719
1.000 1.001 1.719
1.000 1.001 1.718
1.000 1.001 1.718
1.000 1.003 1.663
1.000 1.003 1.716
1.000 1.003 1.716
1.000 1.003 1.716
1.000 1.003 1.716
1.000 1.003 1.716
1.000 1.003 1.716
1.000 1.003 1.716
1.000 1.001 1.770
1.000 1.001 1.717
1.000 1.001 1.717
1.000 1.001 1.717
1.000 1.000 1.744
1.000 1.000 1.718
1.000 1.000 1.718
1.000 1.000 1.718
1.000 0.999 1.745
1.000 0.999 1.719
1.000 0.999 1.719
1.000 0.999 1.719
1.000 0.999 1.719
1.000 0.996 1.774
1.000 0.996 1.721
1.000 0.996 1.721
1.000 0.999 1.666
1.000 0.999 1.720
1.000 0.999 1.720
1.000 0.999 1.720
1.000 0.999 1.720
1.000 1.000 1.692
1.000 1.000 1.719
1.000 1.000 1.719
1.000 1.001 1.692
1.000 1.001 1.718
1.000 1.001 1.718
1.000 1.001 1.718
1.000 1.001 1.718
1.000 1.001 1.718
1.000 1.001 1.718
1.000 1.001 1.718
1.000 1.001 1.718
1.000 1.001 1.718
1.000 1.001 1.718
1.000 1.001 1.718
1.000 1.000 1.745
1.000 1.000 1.719
1.000 1.000 1.719
1.000 0.999 1.746
1.000 0.999 1.720
1.000 0.999 1.720
1.000 0.996 1.775
1.000 0.996 1.722
1.000 0.996 1.722
1.000 0.996 1.722
1.000 0.996 1.722
1.000 0.996 1.722
1.000 0.996 1.722
1.000 0.999 1.668
1.000 0.999 1.721
1.000 0.999 1.721
1.000 1.000 1.694
1.000 1.000 1.720
1.000 1.000 1.720
1.000 1.000 1.720
1.000 1.001 1.693
1.000 1.001 1.719
1.000 1.001 1.719
1.000 1.001 1.719
1.000 1.001 1.719
1.000 1.001 1.719
1.000 1.001 1.719
1.000 1.003 1.664
1.000 1.003 1.717
1.000 1.001 1.772
1.000 1.003 1.664
1.000 1.003 1.717
1.000 1.001 1.772
1.000 1.001 1.718
1.000 1.001 1.718
1.000 1.001 1.718
1.000 1.001 1.718
1.000 1.000 1.746
1.000 1.000 1.719
1.000 1.000 1.719
1.000 1.000 1.719
1.000 1.000 1.719
1.000 0.999 1.747
1.000 0.999 1.720
1.000 0.999 1.720
1.000 0.999 1.720
1.000 0.999 1.720
1.000 0.999 1.720
1.000 0.999 1.720
1.000 1.000 1.693
1.000 1.000 1.720
1.000 1.000 1.720
1.000 1.000 1.720
1.000 1.000 1.720
1.000 1.001 1.692
1.000 1.001 1.719
1.000 1.001 1.719
1.000 1.001 1.719
1.000 1.003 1.664
1.000 1.003 1.717
1.000 1.003 1.717
1.000 1.003 1.716
1.000 1.003 1.716
1.000 1.001 1.771
1.000 1.003 1.663
1.000 1.001 1.771
1.000 1.001 1.718
1.000 1.000 1.745
0.350 1.000 1.688
0.350 1.000 1.657
0.350 1.000 1.626
0.350 0.999 1.622
0.350 0.999 1.565
0.350 0.996 1.589
0.350 0.996 1.505
0.350 0.995 1.502
0.350 0.994 1.472
0.350 0.991 1.497
0.350 0.987 1.469
0.350 0.983 1.469
0.350 0.978 1.443
0.350 0.972 1.444
0.350 0.964 1.474
0.350 0.957 1.423
0.350 0.948 1.454
0.350 0.936 1.488
0.350 0.925 1.469
0.350 0.912 1.477
0.350 0.897 1.515
0.350 0.881 1.528
0.350 0.865 1.515
0.350 0.848 1.530
0.350 0.830 1.547
0.350 0.810 1.565
0.350 0.789 1.586
0.350 0.770 1.553
0.350 0.748 1.603
0.350 0.728 1.545
0.350 0.706 1.597
0.350 0.686 1.569
0.350 0.665 1.568
0.350 0.647 1.514
0.350 0.628 1.514
0.350 0.610 1.514
0.350 0.595 1.433
0.350 0.580 1.433
0.350 0.566 1.406
0.350 0.553 1.378
0.350 0.543 1.323
0.350 0.530 1.377
0.350 0.521 1.295
0.350 0.513 1.267
0.350 0.507 1.210
0.350 0.499 1.262
0.350 0.495 1.178
0.350 0.490 1.175
0.350 0.486 1.172
0.350 0.483 1.114
0.350 0.479 1.164
0.350 0.476 1.106
0.350 0.474 1.102
0.350 0.471 1.125
0.350 0.467 1.122
0.350 0.465 1.092
0.350 0.461 1.116
0.350 0.458 1.113
0.350 0.456 1.083
0.350 0.452 1.107
0.350 0.448 1.132
0.350 0.444 1.104
0.350 0.439 1.129
0.350 0.435 1.128
0.350 0.429 1.155
0.350 0.425 1.128
0.350 0.419 1.156
0.350 0.412 1.184
0.350 0.406 1.159
0.350 0.398 1.216
0.350 0.391 1.192
0.350 0.384 1.195
0.350 0.377 1.199
0.350 0.370 1.203
0.350 0.364 1.207
0.350 0.357 1.212
0.350 0.350 1.216
0.350 0.345 1.167
0.350 0.338 1.225
0.350 0.332 1.204
0.350 0.328 1.181
0.350 0.323 1.186
0.350 0.320 1.163
0.350 0.318 1.139
0.350 0.314 1.170
0.350 0.311 1.175
0.350 0.311 1.097
0.350 0.309 1.126
0.350 0.309 1.101
0.350 0.309 1.103
0.350 0.309 1.105
0.350 0.311 1.079
0.350 0.313 1.053
0.350 0.314 1.080
0.350 0.315 1.081
0.350 0.319 1.027
0.350 0.320 1.081
0.350 0.323 1.027
0.350 0.324 1.080
0.350 0.327 1.053
0.350 0.329 1.052
0.350 0.331 1.052
0.350 0.332 1.078
0.350 0.334 1.078
0.350 0.336 1.051
0.350 0.337 1.077
0.350 0.337 1.104
0.350 0.337 1.105
0.350 0.337 1.106
0.350 0.337 1.106
0.350 0.337 1.107
0.350 0.337 1.108
0.350 0.336 1.136
0.350 0.336 1.110
0.350 0.334 1.165
0.350 0.332 1.140
0.350 0.331 1.142
0.350 0.329 1.171
0.350 0.328 1.147
0.350 0.328 1.121
0.350 0.327 1.150
0.350 0.327 1.124
0.350 0.324 1.180
0.350 0.324 1.128
0.350 0.324 1.129
0.350 0.323 1.158
0.350 0.323 1.133
0.350 0.324 1.106
0.350 0.324 1.134
0.350 0.324 1.135
0.350 0.327 1.082
0.350 0.327 1.136
0.350 0.328 1.110
0.350 0.328 1.137
0.350 0.329 1.111
0.350 0.331 1.083
0.350 0.332 1.110
0.350 0.332 1.138
0.350 0.334 1.111
0.350 0.336 1.083
0.350 0.337 1.110
0.350 0.337 1.137
0.350 0.337 1.138
0.350 0.338 1.111
0.350 0.338 1.138
0.350 0.341 1.084
0.350 0.341 1.137
0.350 0.341 1.138
0.350 0.342 1.111
0.350 0.342 1.138
0.350 0.342 1.138
0.350 0.342 1.138
0.350 0.342 1.139
0.350 0.342 1.139
0.350 0.342 1.140
0.350 0.343 1.113
0.350 0.342 1.167
0.350 0.343 1.113
0.350 0.343 1.140
0.350 0.343 1.141
0.350 0.343 1.141
0.350 0.343 1.141
0.350 0.343 1.142
0.350 0.343 1.142
0.350 0.343 1.142
0.350 0.343 1.143
0.350 0.343 1.143
0.350 0.343 1.143
0.350 0.345 1.089
0.350 0.345 1.142
0.350 0.345 1.142
0.350 0.345 1.143
0.350 0.345 1.143
0.350 0.346 1.116
0.350 0.346 1.142
0.350 0.346 1.143
0.350 0.346 1.143
0.350 0.346 1.143
0.350 0.346 1.143
0.350 0.347 1.116
0.350 0.347 1.143
0.350 0.347 1.143
0.350 0.347 1.143
0.350 0.350 1.088
0.350 0.350 1.141
0.350 0.350 1.141
0.350 0.350 1.141
0.350 0.350 1.141
0.350 0.350 1.141
0.350 0.350 1.141
0.350 0.350 1.141
0.350 0.350 1.141
0.350 0.350 1.141
0.350 0.350 1.141
0.350 0.350 1.141
0.350 0.350 1.141
0.350 0.350 1.141
0.350 0.350 1.141
0.350 0.350 1.141
0.350 0.347 1.196
0.350 0.347 1.143
0.350 0.347 1.143
0.350 0.347 1.143
0.350 0.347 1.144
0.350 0.350 1.089
0.350 0.347 1.197
0.350 0.350 1.089
0.350 0.350 1.142
0.350 0.350 1.142
0.350 0.350 1.142
0.350 0.350 1.142
0.350 0.350 1.142
0.350 0.350 1.142
0.350 0.350 1.142
0.350 0.350 1.142
0.350 0.350 1.142
0.350 0.350 1.142
0.350 0.350 1.142
0.350 0.350 1.142
0.350 0.350 1.142
0.350 0.350 1.142
0.350 0.350 1.142
0.350 0.350 1.142
0.350 0.350 1.142
0.350 0.351 1.115
0.350 0.351 1.141
0.350 0.351 1.141
0.350 0.351 1.141
0.350 0.351 1.141
0.350 0.351 1.141
0.350 0.351 1.141
0.350 0.351 1.141
0.350 0.351 1.141
0.350 0.351 1.141
0.350 0.351 1.141
0.350 0.351 1.141
0.350 0.351 1.141
0.350 0.351 1.141
0.350 0.351 1.141
0.350 0.351 1.141
0.350 0.351 1.141
0.350 0.351 1.141
0.350 0.351 1.141
0.350 0.351 1.141
0.350 0.351 1.141
0.350 0.351 1.141
0.350 0.352 1.113
0.350 0.352 1.140
0.350 0.352 1.139
0.350 0.352 1.139
0.350 0.352 1.139
0.350 0.351 1.167
0.350 0.352 1.112
0.350 0.352 1.139
0.350 0.352 1.139
0.350 0.352 1.139
0.350 0.352 1.139
0.350 0.352 1.139
0.350 0.352 1.139
0.350 0.352 1.138
0.350 0.352 1.138
0.350 0.352 1.138
0.350 0.352 1.138
0.350 0.352 1.138
0.350 0.352 1.138
0.350 0.352 1.138
0.350 0.352 1.138
0.350 0.352 1.138
0.350 0.352 1.138
0.350 0.352 1.137
0.350 0.352 1.137
0.350 0.352 1.137
0.350 0.352 1.137
0.350 0.352 1.137
0.350 0.352 1.137
0.350 0.352 1.137
0.350 0.352 1.137
0.350 0.352 1.137
0.350 0.352 1.137
0.350 0.352 1.136
0.350 0.352 1.136
0.350 0.352 1.136
0.350 0.352 1.136
0.350 0.352 1.136
0.350 0.352 1.136
0.350 0.352 1.136
0.350 0.352 1.136
0.350 0.352 1.136
0.350 0.352 1.136
0.350 0.352 1.136
0.350 0.352 1.135
0.350 0.352 1.135
0.350 0.352 1.135
0.350 0.352 1.135
0.350 0.352 1.135
0.350 0.352 1.135
0.350 0.352 1.135
0.350 0.352 1.135
0.350 0.352 1.135
0.350 0.352 1.135
0.350 0.352 1.134
0.350 0.352 1.134
0.350 0.352 1.134
0.350 0.351 1.162
0.350 0.351 1.135
0.350 0.351 1.135
0.350 0.351 1.135
0.350 0.350 1.162
0.350 0.350 1.136
0.350 0.350 1.136
0.350 0.350 1.136
0.350 0.350 1.136
0.350 0.350 1.136
0.350 0.350 1.136
0.350 0.350 1.136
0.350 0.350 1.136
0.350 0.350 1.136
0.350 0.350 1.136
0.350 0.350 1.136
0.350 0.350 1.136
0.350 0.351 1.108
0.350 0.351 1.135
0.350 0.351 1.135
0.350 0.352 1.107
0.350 0.352 1.134
0.350 0.352 1.134
0.350 0.352 1.134
0.350 0.352 1.134
0.350 0.352 1.134
0.350 0.352 1.133
0.350 0.352 1.133
0.350 0.352 1.133
0.350 0.352 1.133
0.350 0.352 1.133
0.350 0.351 1.160
0.350 0.351 1.134
0.350 0.351 1.134
0.350 0.350 1.161
0.350 0.350 1.135
0.350 0.350 1.135
0.350 0.347 1.190
0.350 0.347 1.136
0.350 0.347 1.137
0.350 0.347 1.137
0.350 0.347 1.137
0.350 0.347 1.137
0.350 0.347 1.137
0.350 0.347 1.137
0.350 0.350 1.082
0.350 0.350 1.136
0.350 0.350 1.136
0.350 0.350 1.136
0.350 0.351 1.108
0.350 0.351 1.135
0.350 0.352 1.107
0.350 0.352 1.134
0.350 0.352 1.134
0.350 0.354 1.078
0.350 0.354 1.132
0.350 0.354 1.131
0.350 0.354 1.131
0.350 0.354 1.131
0.350 0.352 1.186
0.350 0.352 1.132
0.350 0.352 1.132
0.350 0.351 1.160
0.350 0.351 1.133
0.350 0.351 1.133
0.350 0.350 1.160
0.350 0.350 1.134
0.350 0.350 1.134
0.350 0.347 1.189
0.350 0.347 1.136
0.350 0.346 1.163
0.350 0.346 1.137
0.350 0.346 1.137
0.350 0.346 1.137
0.350 0.346 1.137
0.350 0.347 1.110
0.350 0.347 1.137
0.350 0.350 1.082
0.350 0.350 1.135
0.350 0.350 1.135
0.350 0.351 1.108
0.350 0.351 1.134
0.350 0.351 1.134
0.350 0.352 1.107
0.350 0.352 1.133
0.350 0.352 1.133
0.350 0.352 1.133
0.350 0.352 1.133
0.350 0.352 1.133
0.350 0.352 1.133
0.350 0.352 1.133
0.350 0.352 1.133
0.350 0.351 1.160
0.350 0.351 1.133
0.350 0.351 1.133
0.350 0.350 1.161
0.350 0.350 1.134
0.350 0.350 1.134
0.350 0.347 1.189
0.350 0.346 1.163
0.350 0.346 1.137
0.350 0.346 1.137
0.350 0.346 1.137
0.350 0.346 1.138
0.350 0.346 1.138
0.350 0.346 1.138
0.350 0.346 1.138
0.350 0.346 1.138
0.350 0.347 1.111
0.350 0.347 1.138
0.350 0.350 1.083
0.350 0.350 1.136
0.350 0.351 1.109
0.350 0.351 1.135
0.350 0.351 1.135
0.350 0.351 1.135
0.350 0.352 1.108
0.350 0.352 1.134
0.350 0.352 1.134
0.350 0.352 1.134
0.350 0.352 1.134
0.350 0.351 1.161
0.350 0.351 1.135
0.350 0.351 1.134
0.350 0.350 1.162
0.350 0.350 1.135
0.350 0.350 1.135
0.350 0.347 1.190
0.350 0.347 1.137
0.350 0.346 1.165
0.350 0.346 1.138
0.350 0.346 1.139
0.350 0.346 1.139
0.350 0.346 1.139
0.350 0.346 1.139
0.350 0.346 1.139
0.350 0.347 1.112
0.350 0.347 1.139
0.350 0.347 1.139
0.350 0.350 1.084
0.350 0.350 1.137
0.350 0.350 1.137
0.350 0.351 1.110
0.350 0.351 1.136
0.350 0.351 1.136
0.350 0.351 1.136
0.350 0.351 1.136
0.350 0.351 1.136
0.350 0.351 1.136
0.350 0.351 1.136
0.350 0.351 1.136
0.350 0.351 1.136
0.350 0.351 1.136
0.350 0.351 1.136
0.350 0.350 1.163
0.350 0.350 1.137
0.350 0.350 1.137
0.350 0.350 1.137
0.350 0.350 1.137
0.350 0.350 1.137
0.350 0.350 1.137
0.350 0.350 1.137
0.350 0.350 1.137
0.350 0.350 1.137
0.350 0.350 1.137
0.350 0.350 1.137
0.350 0.351 1.109
0.350 0.351 1.136
0.350 0.351 1.136
0.350 0.351 1.136
0.350 0.351 1.136
0.350 0.351 1.136
0.350 0.351 1.136
0.350 0.351 1.136
0.350 0.351 1.136
0.350 0.352 1.108
0.350 0.352 1.135
0.350 0.351 1.162
0.350 0.351 1.135
0.350 0.351 1.135
0.350 0.351 1.135
0.350 0.351 1.135
0.350 0.351 1.135
0.350 0.350 1.163
0.350 0.350 1.136
0.350 0.350 1.136
0.350 0.350 1.136
0.350 0.350 1.136
0.350 0.350 1.136
0.350 0.350 1.136
0.350 0.350 1.136
0.350 0.347 1.191
0.350 0.350 1.083
0.350 0.350 1.136
0.350 0.350 1.136
0.350 0.350 1.136
0.350 0.350 1.136
0.800 0.350 1.158
0.800 0.350 1.179
0.800 0.351 1.173
0.800 0.351 1.221
0.800 0.351 1.242
0.800 0.351 1.264
0.800 0.352 1.258
0.800 0.352 1.305
0.800 0.354 1.272
0.800 0.354 1.346
0.800 0.357 1.312
0.800 0.359 1.332
0.800 0.360 1.378
0.800 0.361 1.399
0.800 0.365 1.363
0.800 0.369 1.354
0.800 0.373 1.399
0.800 0.377 1.389
0.800 0.383 1.378
0.800 0.389 1.393
0.800 0.396 1.381
0.800 0.403 1.395
0.800 0.411 1.381
0.800 0.420 1.366
0.800 0.430 1.350
0.800 0.439 1.387
0.800 0.451 1.342
0.800 0.462 1.350
0.800 0.475 1.330
0.800 0.488 1.336
0.800 0.499 1.369
0.800 0.513 1.320
0.800 0.527 1.323
0.800 0.541 1.325
0.800 0.555 1.327
0.800 0.567 1.356
0.800 0.581 1.330
0.800 0.594 1.358
0.800 0.605 1.386
0.800 0.618 1.359
0.800 0.628 1.413
0.800 0.640 1.386
0.800 0.649 1.440
0.800 0.658 1.440
0.800 0.667 1.440
0.800 0.673 1.522
0.800 0.681 1.468
0.800 0.687 1.523
0.800 0.693 1.524
0.800 0.697 1.552
0.800 0.702 1.554
0.800 0.706 1.555
0.800 0.710 1.583
0.800 0.713 1.585
0.800 0.716 1.614
0.800 0.719 1.589
0.800 0.720 1.645
0.800 0.724 1.593
0.800 0.727 1.594
0.800 0.728 1.650
0.800 0.732 1.598
0.800 0.734 1.626
0.800 0.737 1.600
0.800 0.741 1.600
0.800 0.746 1.573
0.800 0.748 1.627
0.800 0.751 1.600
0.800 0.756 1.572
0.800 0.760 1.571
0.800 0.765 1.569
0.800 0.769 1.595
0.800 0.773 1.566
0.800 0.778 1.564
0.800 0.782 1.562
0.800 0.787 1.559
0.800 0.789 1.611
0.800 0.794 1.555
0.800 0.797 1.580
0.800 0.802 1.550
0.800 0.805 1.573
0.800 0.808 1.598
0.800 0.811 1.569
0.800 0.812 1.620
0.800 0.816 1.564
0.800 0.817 1.616
0.800 0.819 1.586
0.800 0.820 1.611
0.800 0.821 1.610
0.800 0.821 1.635
0.800 0.821 1.634
0.800 0.824 1.578
0.800 0.824 1.630
0.800 0.824 1.629
0.800 0.824 1.628
0.800 0.824 1.627
0.800 0.821 1.681
0.800 0.821 1.626
0.800 0.821 1.625
0.800 0.821 1.624
0.800 0.820 1.651
0.800 0.820 1.623
0.800 0.820 1.622
0.800 0.820 1.621
0.800 0.820 1.620
0.800 0.821 1.592
0.800 0.821 1.618
0.800 0.821 1.617
0.800 0.824 1.560
0.800 0.824 1.613
0.800 0.825 1.584
0.800 0.825 1.609
0.800 0.825 1.608
0.800 0.825 1.607
0.800 0.825 1.606
0.800 0.825 1.605
0.800 0.825 1.604
0.800 0.825 1.602
0.800 0.825 1.601
0.800 0.825 1.600
0.800 0.825 1.599
0.800 0.824 1.625
0.800 0.824 1.597
0.800 0.821 1.651
0.800 0.821 1.597
0.800 0.820 1.623
0.800 0.820 1.596
0.800 0.819 1.622
0.800 0.819 1.595
0.800 0.817 1.649
0.800 0.816 1.622
0.800 0.816 1.595
0.800 0.816 1.594
0.800 0.815 1.621
0.800 0.815 1.594
0.800 0.815 1.593
0.800 0.815 1.592
0.800 0.815 1.592
0.800 0.815 1.591
0.800 0.815 1.590
0.800 0.815 1.589
0.800 0.815 1.589
0.800 0.815 1.588
0.800 0.815 1.587
0.800 0.815 1.587
0.800 0.815 1.586
0.800 0.815 1.585
0.800 0.815 1.585
0.800 0.815 1.584
0.800 0.815 1.583
0.800 0.812 1.638
0.800 0.812 1.584
0.800 0.811 1.611
0.800 0.811 1.583
0.800 0.810 1.610
0.800 0.808 1.638
0.800 0.808 1.585
0.800 0.806 1.612
0.800 0.806 1.585
0.800 0.805 1.612
0.800 0.803 1.640
0.800 0.803 1.587
0.800 0.803 1.587
0.800 0.802 1.614
0.800 0.802 1.587
0.800 0.802 1.587
0.800 0.801 1.615
0.800 0.801 1.588
0.800 0.801 1.588
0.800 0.801 1.588
0.800 0.801 1.588
0.800 0.798 1.643
0.800 0.798 1.590
0.800 0.798 1.590
0.800 0.798 1.590
0.800 0.798 1.590
0.800 0.798 1.590
0.800 0.798 1.590
0.800 0.798 1.590
0.800 0.801 1.535
0.800 0.801 1.588
0.800 0.801 1.588
0.800 0.801 1.588
0.800 0.801 1.588
0.800 0.801 1.588
0.800 0.801 1.588
0.800 0.801 1.588
0.800 0.801 1.588
0.800 0.798 1.643
0.800 0.798 1.590
0.800 0.798 1.590
0.800 0.798 1.590
0.800 0.798 1.590
0.800 0.798 1.590
0.800 0.797 1.618
0.800 0.797 1.591
0.800 0.797 1.591
0.800 0.797 1.591
0.800 0.797 1.592
0.800 0.797 1.592
0.800 0.797 1.592
0.800 0.797 1.592
0.800 0.798 1.565
0.800 0.798 1.591
0.800 0.798 1.591
0.800 0.798 1.591
0.800 0.801 1.537
0.800 0.801 1.590
0.800 0.801 1.590
0.800 0.801 1.590
0.800 0.801 1.590
0.800 0.801 1.590
0.800 0.801 1.590
0.800 0.801 1.590
0.800 0.801 1.590
0.800 0.801 1.590
0.800 0.801 1.589
0.800 0.801 1.589
0.800 0.801 1.589
0.800 0.801 1.589
0.800 0.801 1.589
0.800 0.801 1.589
0.800 0.801 1.589
0.800 0.801 1.589
0.800 0.801 1.589
0.800 0.801 1.589
0.800 0.801 1.589
0.800 0.801 1.589
0.800 0.801 1.589
0.800 0.801 1.589
0.800 0.801 1.589
0.800 0.801 1.589
0.800 0.801 1.589
0.800 0.801 1.589
0.800 0.801 1.589
0.800 0.801 1.589
0.800 0.801 1.589
0.800 0.801 1.589
0.800 0.801 1.589
0.800 0.802 1.561
0.800 0.802 1.588
0.800 0.802 1.588
0.800 0.802 1.588
0.800 0.802 1.587
0.800 0.802 1.587
0.800 0.802 1.587
0.800 0.801 1.615
0.800 0.801 1.588
0.800 0.801 1.588
0.800 0.798 1.643
0.800 0.798 1.590
0.800 0.797 1.617
0.800 0.797 1.591
0.800 0.797 1.591
0.800 0.796 1.619
0.800 0.796 1.592
0.800 0.796 1.592
0.800 0.796 1.592
0.800 0.794 1.648
0.800 0.794 1.595
0.800 0.794 1.595
0.800 0.794 1.595
0.800 0.794 1.596
0.800 0.796 1.541
0.800 0.796 1.594
0.800 0.796 1.595
0.800 0.796 1.595
0.800 0.797 1.567
0.800 0.797 1.594
0.800 0.797 1.594
0.800 0.798 1.567
0.800 0.798 1.594
0.800 0.798 1.594
0.800 0.801 1.539
0.800 0.801 1.592
0.800 0.801 1.592
0.800 0.801 1.592
0.800 0.801 1.592
0.800 0.801 1.592
0.800 0.801 1.592
0.800 0.801 1.592
0.800 0.801 1.592
0.800 0.801 1.592
0.800 0.801 1.592
0.800 0.801 1.592
0.800 0.801 1.592
0.800 0.801 1.592
0.800 0.801 1.592
0.800 0.798 1.647
0.800 0.801 1.538
0.800 0.798 1.647
0.800 0.798 1.593
0.800 0.798 1.593
0.800 0.798 1.593
0.800 0.798 1.594
0.800 0.801 1.539
0.800 0.801 1.592
0.800 0.801 1.592
0.800 0.801 1.592
0.800 0.801 1.592
0.800 0.801 1.592
0.800 0.802 1.564
0.800 0.802 1.591
0.800 0.802 1.591
0.800 0.802 1.591
0.800 0.802 1.590
0.800 0.802 1.590
0.800 0.802 1.590
0.800 0.802 1.590
0.800 0.802 1.590
0.800 0.802 1.590
0.800 0.802 1.590
0.800 0.802 1.590
0.800 0.802 1.590
0.800 0.802 1.590
0.800 0.802 1.590
0.800 0.802 1.589
0.800 0.802 1.589
0.800 0.802 1.589
0.800 0.802 1.589
0.800 0.802 1.589
0.800 0.802 1.589
0.800 0.802 1.589
0.800 0.802 1.589
0.800 0.802 1.589
0.800 0.802 1.589
0.800 0.802 1.589
0.800 0.802 1.589
0.800 0.802 1.588
0.800 0.802 1.588
0.800 0.802 1.588
0.800 0.802 1.588
0.800 0.802 1.588
0.800 0.802 1.588
0.800 0.802 1.588
0.800 0.802 1.588
0.800 0.802 1.588
0.800 0.801 1.615
0.800 0.801 1.588
0.800 0.801 1.588
0.800 0.798 1.643
0.800 0.798 1.590
0.800 0.798 1.590
0.800 0.797 1.618
0.800 0.797 1.591
0.800 0.797 1.591
0.800 0.796 1.619
0.800 0.796 1.593
0.800 0.796 1.593
0.800 0.796 1.593
0.800 0.796 1.593
0.800 0.796 1.593
0.800 0.796 1.594
0.800 0.796 1.594
0.800 0.797 1.566
0.800 0.797 1.593
0.800 0.797 1.593
0.800 0.798 1.566
0.800 0.798 1.593
0.800 0.798 1.593
0.800 0.798 1.593
0.800 0.801 1.538
0.800 0.801 1.591
0.800 0.801 1.591
0.800 0.801 1.591
0.800 0.801 1.591
0.800 0.801 1.591
0.800 0.801 1.591
0.800 0.801 1.591
0.800 0.801 1.591
0.800 0.801 1.591
0.800 0.801 1.591
0.800 0.801 1.591
0.800 0.798 1.646
0.800 0.798 1.593
0.800 0.798 1.593
0.800 0.798 1.593
0.800 0.798 1.593
0.800 0.798 1.593
0.800 0.798 1.593
0.800 0.798 1.593
0.800 0.798 1.593
0.800 0.798 1.593
0.800 0.798 1.593
0.800 0.798 1.593
0.800 0.798 1.593
0.800 0.798 1.593
0.800 0.798 1.593
0.800 0.798 1.594
0.800 0.798 1.594
0.800 0.798 1.594
0.800 0.801 1.539
0.800 0.801 1.592
0.800 0.801 1.592
0.800 0.798 1.647
0.800 0.801 1.539
0.800 0.798 1.647
0.800 0.801 1.539
0.800 0.801 1.592
0.800 0.798 1.647
0.800 0.798 1.594
0.800 0.798 1.594
0.800 0.798 1.594
0.800 0.798 1.594
0.800 0.798 1.594
0.800 0.798 1.594
0.800 0.798 1.594
0.800 0.801 1.539
0.800 0.801 1.593
0.800 0.801 1.593
0.800 0.801 1.592
0.800 0.801 1.592
0.800 0.801 1.592
0.800 0.801 1.592
0.800 0.801 1.592
0.800 0.801 1.592
0.800 0.801 1.592
0.800 0.801 1.592
0.800 0.801 1.592
0.800 0.801 1.592
0.800 0.801 1.592
0.800 0.798 1.647
0.800 0.798 1.594
0.800 0.798 1.594
0.800 0.798 1.594
0.800 0.798 1.594
0.800 0.801 1.539
0.800 0.801 1.592
0.800 0.801 1.592
0.800 0.801 1.592
0.800 0.801 1.592
0.800 0.801 1.592
0.800 0.801 1.592
0.800 0.801 1.592
0.800 0.801 1.592
0.800 0.801 1.592
0.800 0.801 1.592
0.800 0.801 1.592
0.800 0.801 1.592
0.800 0.802 1.564
0.800 0.801 1.619
0.800 0.802 1.564
0.800 0.802 1.591
0.800 0.802 1.591
0.800 0.802 1.591
0.800 0.802 1.591
0.800 0.801 1.618
0.800 0.801 1.591
0.800 0.801 1.591
0.800 0.798 1.646
0.800 0.801 1.538
0.800 0.801 1.591
0.800 0.801 1.591
0.800 0.801 1.591
0.800 0.801 1.591
0.800 0.802 1.564
0.800 0.802 1.590
0.800 0.802 1.590
0.800 0.803 1.563
0.800 0.803 1.589
0.800 0.803 1.589
0.800 0.803 1.589
0.800 0.805 1.534
0.800 0.805 1.587
0.800 0.805 1.586
0.800 0.805 1.586
0.800 0.805 1.586
0.800 0.805 1.586
0.800 0.805 1.585
0.800 0.803 1.640
0.800 0.803 1.587
0.800 0.803 1.587
0.800 0.803 1.586
0.800 0.802 1.614
0.800 0.802 1.587
0.800 0.802 1.587
0.800 0.801 1.614
0.800 0.801 1.588
0.800 0.801 1.588
0.800 0.801 1.588
0.800 0.801 1.588
0.800 0.801 1.588
0.800 0.798 1.643
0.800 0.798 1.589
0.800 0.798 1.589
0.800 0.798 1.589
0.800 0.798 1.590
0.800 0.798 1.590
0.800 0.798 1.590
0.800 0.801 1.535
0.800 0.801 1.588
0.800 0.801 1.588
0.800 0.801 1.588
0.800 0.801 1.588
0.800 0.801 1.588
0.800 0.801 1.588
0.800 0.801 1.588
0.800 0.801 1.588
0.800 0.798 1.643
0.800 0.798 1.590
0.800 0.798 1.590
1.200 0.797 1.636
1.200 0.797 1.629
1.200 0.797 1.648
1.200 0.797 1.667
1.200 0.796 1.714
1.200 0.796 1.706
1.200 0.797 1.698
1.200 0.797 1.744
1.200 0.798 1.735
1.200 0.801 1.726
1.200 0.803 1.743
1.200 0.805 1.760
1.200 0.810 1.722
1.200 0.815 1.738
1.200 0.819 1.752
1.200 0.825 1.740
1.200 0.830 1.781
1.200 0.838 1.712
1.200 0.844 1.751
1.200 0.854 1.708
1.200 0.862 1.745
1.200 0.871 1.727
1.200 0.880 1.736
1.200 0.890 1.717
1.200 0.902 1.696
1.200 0.912 1.729
1.200 0.923 1.735
1.200 0.935 1.685
1.200 0.946 1.743
1.200 0.958 1.693
1.200 0.971 1.695
1.200 0.981 1.751
1.200 0.994 1.699
1.200 1.006 1.726
1.200 1.017 1.727
1.200 1.029 1.727
1.200 1.040 1.727
1.200 1.050 1.753
1.200 1.061 1.752
1.200 1.070 1.779
1.200 1.079 1.778
1.200 1.091 1.722
1.200 1.100 1.773
1.200 1.107 1.826
1.200 1.116 1.770
1.200 1.124 1.795
1.200 1.132 1.792
1.200 1.139 1.817
1.200 1.147 1.787
1.200 1.153 1.839
1.200 1.160 1.809
1.200 1.165 1.833
1.200 1.171 1.831
1.200 1.178 1.800
1.200 1.184 1.824
1.200 1.190 1.820
1.200 1.194 1.844
1.200 1.201 1.786
1.200 1.206 1.835
1.200 1.210 1.832
1.200 1.215 1.828
1.200 1.221 1.796
1.200 1.224 1.846
1.200 1.229 1.814
1.200 1.233 1.810
1.200 1.236 1.860
1.200 1.239 1.829
1.200 1.243 1.824
1.200 1.245 1.847
1.200 1.248 1.816
1.200 1.252 1.811
1.200 1.254 1.833
1.200 1.256 1.829
1.200 1.257 1.852
1.200 1.259 1.849
1.200 1.261 1.817
1.200 1.262 1.840
1.200 1.263 1.836
1.200 1.263 1.860
1.200 1.263 1.857
1.200 1.266 1.799
1.200 1.266 1.849
1.200 1.266 1.846
1.200 1.266 1.843
1.200 1.263 1.895
1.200 1.263 1.839
1.200 1.263 1.836
1.200 1.262 1.860
1.200 1.262 1.830
1.200 1.261 1.855
1.200 1.261 1.825
1.200 1.259 1.878
1.200 1.257 1.849
1.200 1.257 1.820
1.200 1.256 1.844
1.200 1.254 1.870
1.200 1.254 1.814
1.200 1.253 1.839
1.200 1.252 1.838
1.200 1.249 1.863
1.200 1.248 1.835
1.200 1.247 1.834
1.200 1.247 1.805
1.200 1.245 1.858
1.200 1.244 1.830
1.200 1.240 1.884
1.200 1.239 1.829
1.200 1.238 1.828
1.200 1.236 1.855
1.200 1.234 1.827
1.200 1.233 1.827
1.200 1.231 1.854
1.200 1.230 1.826
1.200 1.229 1.826
1.200 1.229 1.798
1.200 1.225 1.879
1.200 1.225 1.798
1.200 1.224 1.824
1.200 1.222 1.851
1.200 1.221 1.824
1.200 1.220 1.824
1.200 1.217 1.852
1.200 1.216 1.825
1.200 1.215 1.825
1.200 1.213 1.853
1.200 1.213 1.799
1.200 1.211 1.826
1.200 1.210 1.826
1.200 1.208 1.854
1.200 1.207 1.828
1.200 1.207 1.801
1.200 1.206 1.828
1.200 1.203 1.856
1.200 1.203 1.803
1.200 1.203 1.803
1.200 1.202 1.830
1.200 1.201 1.831
1.200 1.201 1.804
1.200 1.201 1.804
1.200 1.199 1.859
1.200 1.199 1.806
1.200 1.198 1.833
1.200 1.198 1.807
1.200 1.197 1.834
1.200 1.197 1.808
1.200 1.197 1.808
1.200 1.194 1.863
1.200 1.194 1.810
1.200 1.193 1.838
1.200 1.193 1.812
1.200 1.193 1.812
1.200 1.193 1.812
1.200 1.192 1.840
1.200 1.192 1.814
1.200 1.192 1.814
1.200 1.192 1.815
1.200 1.192 1.815
1.200 1.192 1.816
1.200 1.192 1.816
1.200 1.192 1.816
1.200 1.192 1.817
1.200 1.192 1.817
1.200 1.192 1.818
1.200 1.192 1.818
1.200 1.192 1.818
1.200 1.192 1.819
1.200 1.192 1.819
1.200 1.192 1.819
1.200 1.193 1.792
1.200 1.193 1.819
1.200 1.193 1.820
1.200 1.192 1.847
1.200 1.193 1.794
1.200 1.192 1.848
1.200 1.192 1.822
1.200 1.192 1.822
1.200 1.192 1.823
1.200 1.192 1.823
1.200 1.192 1.823
1.200 1.192 1.824
1.200 1.192 1.824
1.200 1.192 1.825
1.200 1.192 1.825
1.200 1.192 1.825
1.200 1.192 1.826
1.200 1.192 1.826
1.200 1.192 1.827
1.200 1.193 1.799
1.200 1.193 1.826
1.200 1.193 1.827
1.200 1.194 1.800
1.200 1.194 1.826
1.200 1.194 1.827
1.200 1.197 1.772
1.200 1.197 1.825
1.200 1.198 1.798
1.200 1.198 1.825
1.200 1.198 1.825
1.200 1.199 1.798
1.200 1.199 1.824
1.200 1.199 1.824
1.200 1.201 1.769
1.200 1.201 1.823
1.200 1.201 1.823
1.200 1.201 1.822
1.200 1.201 1.822
1.200 1.201 1.822
1.200 1.201 1.822
1.200 1.201 1.822
1.200 1.201 1.822
1.200 1.199 1.877
1.200 1.199 1.824
1.200 1.198 1.852
1.200 1.198 1.825
1.200 1.197 1.853
1.200 1.197 1.826
1.200 1.197 1.826
1.200 1.197 1.826
1.200 1.194 1.882
1.200 1.194 1.829
1.200 1.194 1.829
1.200 1.194 1.829
1.200 1.194 1.829
1.200 1.194 1.830
1.200 1.197 1.775
1.200 1.197 1.828
1.200 1.197 1.829
1.200 1.198 1.801
1.200 1.198 1.828
1.200 1.199 1.801
1.200 1.199 1.827
1.200 1.199 1.827
1.200 1.201 1.772
1.200 1.202 1.798
1.200 1.202 1.825
1.200 1.202 1.825
1.200 1.202 1.824
1.200 1.202 1.824
1.200 1.203 1.797
1.200 1.203 1.823
1.200 1.203 1.823
1.200 1.203 1.823
1.200 1.203 1.823
1.200 1.202 1.850
1.200 1.202 1.823
1.200 1.202 1.823
1.200 1.202 1.823
1.200 1.202 1.823
1.200 1.201 1.850
1.200 1.201 1.824
1.200 1.201 1.824
1.200 1.201 1.824
1.200 1.201 1.824
1.200 1.199 1.879
1.200 1.199 1.825
1.200 1.199 1.825
1.200 1.199 1.825
1.200 1.199 1.825
1.200 1.199 1.826
1.200 1.199 1.826
1.200 1.199 1.826
1.200 1.199 1.826
1.200 1.201 1.771
1.200 1.201 1.824
1.200 1.201 1.824
1.200 1.202 1.796
1.200 1.202 1.823
1.200 1.202 1.823
1.200 1.202 1.823
1.200 1.203 1.795
1.200 1.203 1.822
1.200 1.203 1.821
1.200 1.203 1.821
1.200 1.203 1.821
1.200 1.203 1.821
1.200 1.203 1.821
1.200 1.203 1.821
1.200 1.203 1.820
1.200 1.202 1.848
1.200 1.202 1.821
1.200 1.202 1.821
1.200 1.202 1.821
1.200 1.201 1.848
1.200 1.201 1.822
1.200 1.201 1.821
1.200 1.201 1.821
1.200 1.201 1.821
1.200 1.199 1.876
1.200 1.199 1.823
1.200 1.199 1.823
1.200 1.199 1.823
1.200 1.199 1.823
1.200 1.199 1.823
1.200 1.199 1.823
1.200 1.199 1.823
1.200 1.199 1.823
1.200 1.199 1.824
1.200 1.199 1.824
1.200 1.199 1.824
1.200 1.201 1.769
1.200 1.201 1.822
1.200 1.201 1.822
1.200 1.201 1.822
1.200 1.201 1.822
1.200 1.199 1.877
1.200 1.199 1.823
1.200 1.199 1.824
1.200 1.199 1.824
1.200 1.199 1.824
1.200 1.199 1.824
1.200 1.198 1.851
1.200 1.198 1.825
1.200 1.199 1.797
1.200 1.199 1.824
1.200 1.199 1.824
1.200 1.199 1.824
1.200 1.199 1.824
1.200 1.199 1.824
1.200 1.199 1.824
1.200 1.199 1.824
1.200 1.199 1.824
1.200 1.199 1.825
1.200 1.199 1.825
1.200 1.201 1.770
1.200 1.201 1.823
1.200 1.201 1.823
1.200 1.201 1.823
1.200 1.201 1.823
1.200 1.201 1.823
1.200 1.201 1.823
1.200 1.201 1.823
1.200 1.201 1.822
1.200 1.201 1.822
1.200 1.201 1.822
1.200 1.201 1.822
1.200 1.201 1.822
1.200 1.201 1.822
1.200 1.201 1.822
1.200 1.199 1.877
1.200 1.199 1.824
1.200 1.199 1.824
1.200 1.198 1.852
1.200 1.198 1.825
1.200 1.198 1.825
1.200 1.197 1.853
1.200 1.197 1.826
1.200 1.197 1.826
1.200 1.197 1.827
1.200 1.197 1.827
1.200 1.197 1.827
1.200 1.197 1.827
1.200 1.197 1.827
1.200 1.197 1.827
1.200 1.198 1.800
1.200 1.198 1.827
1.200 1.198 1.827
1.200 1.199 1.800
1.200 1.201 1.771
1.200 1.201 1.824
1.200 1.202 1.797
1.200 1.202 1.823
1.200 1.202 1.823
1.200 1.202 1.823
1.200 1.202 1.823
1.200 1.202 1.823
1.200 1.202 1.823
1.200 1.202 1.823
1.200 1.202 1.823
1.200 1.202 1.823
1.200 1.202 1.822
1.200 1.201 1.850
1.200 1.201 1.823
1.200 1.201 1.823
1.200 1.199 1.878
1.200 1.199 1.825
1.200 1.198 1.852
1.200 1.198 1.826
1.200 1.197 1.854
1.200 1.197 1.827
1.200 1.197 1.827
1.200 1.197 1.827
1.200 1.197 1.828
1.200 1.197 1.828
1.200 1.197 1.828
1.200 1.197 1.828
1.200 1.197 1.828
1.200 1.198 1.801
1.200 1.198 1.828
1.200 1.199 1.800
1.200 1.199 1.827
1.200 1.201 1.772
1.200 1.201 1.825
1.200 1.202 1.798
1.200 1.202 1.824
1.200 1.203 1.797
1.200 1.203 1.823
1.200 1.203 1.823
1.200 1.203 1.823
1.200 1.206 1.768
1.200 1.206 1.821
1.200 1.206 1.820
1.200 1.206 1.820
1.200 1.203 1.875
1.200 1.203 1.821
1.200 1.203 1.821
1.200 1.203 1.821
1.200 1.203 1.821
1.200 1.202 1.848
1.200 1.202 1.821
1.200 1.202 1.821
1.200 1.201 1.849
1.200 1.201 1.822
1.200 1.199 1.877
1.200 1.199 1.824
1.200 1.199 1.824
1.200 1.199 1.824
1.200 1.198 1.851
1.200 1.198 1.825
1.200 1.198 1.825
1.200 1.198 1.825
1.200 1.198 1.825
1.200 1.198 1.825
1.200 1.199 1.798
1.200 1.199 1.825
1.200 1.199 1.825
1.200 1.199 1.825
1.200 1.201 1.770
1.200 1.201 1.823
1.200 1.202 1.795
1.200 1.202 1.822
1.200 1.203 1.794
1.200 1.203 1.821
1.200 1.203 1.821
1.200 1.203 1.821
1.200 1.203 1.820
1.200 1.203 1.820
1.200 1.206 1.765
1.200 1.206 1.818
1.200 1.206 1.818
1.200 1.203 1.873
1.200 1.203 1.819
1.200 1.203 1.819
1.200 1.203 1.819
1.200 1.203 1.819
1.200 1.203 1.818
1.200 1.202 1.846
1.200 1.202 1.819
1.200 1.202 1.819
1.200 1.202 1.819
1.200 1.201 1.846
1.200 1.201 1.819
1.200 1.201 1.819
1.200 1.201 1.819
1.200 1.201 1.819
1.200 1.201 1.819
1.200 1.199 1.874
1.200 1.199 1.821
1.200 1.199 1.821
1.200 1.199 1.821
1.200 1.199 1.821
1.200 1.198 1.849
1.200 1.198 1.822
1.200 1.198 1.822
1.200 1.198 1.822
1.200 1.198 1.823
1.200 1.198 1.823
1.200 1.197 1.850
1.200 1.197 1.824
1.200 1.197 1.824
1.200 1.197 1.824
1.200 1.197 1.824
1.200 1.197 1.824
1.200 1.197 1.825
1.200 1.194 1.880
1.200 1.194 1.827
1.200 1.194 1.827
1.200 1.194 1.827
1.200 1.193 1.855
1.200 1.193 1.829
1.200 1.193 1.829
1.200 1.193 1.830
1.200 1.193 1.830
1.200 1.193 1.830
1.200 1.193 1.830
1.200 1.193 1.831
1.200 1.193 1.831
1.200 1.194 1.804
1.200 1.194 1.831
1.200 1.194 1.831
1.200 1.197 1.776
1.200 1.197 1.830
1.200 1.197 1.830
1.200 1.198 1.803
1.200 1.198 1.829
1.200 1.198 1.830
1.200 1.198 1.830
1.200 1.199 1.802
1.200 1.199 1.829
1.200 1.199 1.829
1.200 1.199 1.829
0.000 1.199 1.772