r, y, u
0.800, 0.000, 0.282
0.800, 0.000, 0.312
0.800, 0.000, 0.342
0.800, 0.000, 0.372
0.800, 0.000, 0.402
0.800, 0.000, 0.432
0.800, 0.000, 0.462
0.800, 0.000, 0.492
0.800, 0.000, 0.522
0.800, 0.000, 0.553
0.800, 0.000, 0.583
0.800, 0.000, 0.613
0.800, 0.000, 0.643
0.800, 0.000, 0.673
0.800, 0.000, 0.703
0.800, 0.000, 0.733
0.800, 0.000, 0.763
0.800, 0.000, 0.793
0.800, 0.000, 0.823
0.800, 0.000, 0.853
0.800, 0.000, 0.883
0.800, 0.001, 0.914
0.800, 0.001, 0.928
0.800, 0.001, 0.973
0.800, 0.002, 1.003
0.800, 0.002, 1.017
0.800, 0.005, 1.063
0.800, 0.006, 1.061
0.800, 0.007, 1.106
0.800, 0.010, 1.135
0.800, 0.014, 1.133
0.800, 0.016, 1.161
0.800, 0.021, 1.205
0.800, 0.025, 1.202
0.800, 0.032, 1.230
0.800, 0.039, 1.226
0.800, 0.047, 1.252
0.800, 0.056, 1.262
0.800, 0.066, 1.271
0.800, 0.078, 1.296
0.800, 0.090, 1.272
0.800, 0.104, 1.310
0.800, 0.120, 1.301
0.800, 0.135, 1.290
0.800, 0.152, 1.325
0.800, 0.171, 1.312
0.800, 0.191, 1.298
0.800, 0.212, 1.314
0.800, 0.235, 1.314
0.800, 0.259, 1.296
0.800, 0.283, 1.293
0.800, 0.309, 1.304
0.800, 0.336, 1.282
0.800, 0.364, 1.290
0.800, 0.391, 1.281
0.800, 0.416, 1.287
0.800, 0.444, 1.323
0.800, 0.472, 1.296
0.800, 0.498, 1.299
0.800, 0.525, 1.316
0.800, 0.550, 1.317
0.800, 0.576, 1.333
0.800, 0.599, 1.317
0.800, 0.622, 1.362
0.800, 0.645, 1.361
0.800, 0.665, 1.359
0.800, 0.686, 1.403
0.800, 0.702, 1.385
0.800, 0.718, 1.444
0.800, 0.733, 1.442
0.800, 0.746, 1.454
0.800, 0.756, 1.483
0.800, 0.764, 1.511
0.800, 0.771, 1.541
0.800, 0.778, 1.555
0.800, 0.780, 1.553
0.800, 0.783, 1.615
0.800, 0.785, 1.599
0.800, 0.785, 1.630
0.800, 0.785, 1.646
0.800, 0.783, 1.646
0.800, 0.782, 1.663
0.800, 0.779, 1.664
0.800, 0.778, 1.696
0.800, 0.774, 1.667
0.800, 0.773, 1.700
0.800, 0.770, 1.670
0.800, 0.769, 1.704
0.800, 0.765, 1.674
0.800, 0.765, 1.708
0.800, 0.764, 1.663
0.800, 0.764, 1.680
0.800, 0.764, 1.666
0.800, 0.765, 1.667
0.800, 0.766, 1.653
0.800, 0.769, 1.654
0.800, 0.770, 1.639
0.800, 0.773, 1.655
0.800, 0.778, 1.624
0.800, 0.780, 1.608
0.800, 0.783, 1.638
0.800, 0.789, 1.622
0.800, 0.793, 1.590
0.800, 0.798, 1.620
0.800, 0.803, 1.587
0.800, 0.810, 1.601
0.800, 0.815, 1.567
0.800, 0.819, 1.596
0.800, 0.824, 1.593
0.800, 0.828, 1.591
0.800, 0.833, 1.588
0.800, 0.835, 1.585
0.800, 0.839, 1.614
0.800, 0.843, 1.596
0.800, 0.844, 1.577
0.800, 0.848, 1.621
0.800, 0.849, 1.588
0.800, 0.851, 1.616
0.800, 0.853, 1.598
0.800, 0.854, 1.611
0.800, 0.854, 1.609
0.800, 0.856, 1.622
0.800, 0.856, 1.588
0.800, 0.854, 1.617
0.800, 0.854, 1.647
0.800, 0.853, 1.614
0.800, 0.853, 1.628
0.800, 0.851, 1.610
0.800, 0.849, 1.624
0.800, 0.848, 1.638
0.800, 0.847, 1.622
0.800, 0.844, 1.620
0.800, 0.843, 1.635
0.800, 0.842, 1.618
0.800, 0.839, 1.617
0.800, 0.838, 1.648
0.800, 0.835, 1.616
0.800, 0.834, 1.631
0.800, 0.831, 1.614
0.800, 0.830, 1.645
0.800, 0.828, 1.614
0.800, 0.826, 1.613
0.800, 0.824, 1.628
0.800, 0.821, 1.628
0.800, 0.820, 1.628
0.800, 0.819, 1.612
0.800, 0.817, 1.612
0.800, 0.816, 1.628
0.800, 0.815, 1.612
0.800, 0.812, 1.612
0.800, 0.811, 1.628
0.800, 0.811, 1.612
0.800, 0.810, 1.597
0.800, 0.808, 1.612
0.800, 0.808, 1.628
0.800, 0.806, 1.597
0.800, 0.806, 1.612
0.800, 0.806, 1.597
0.800, 0.805, 1.596
0.800, 0.805, 1.612
0.800, 0.805, 1.596
0.800, 0.805, 1.596
0.800, 0.805, 1.596
0.800, 0.805, 1.596
0.800, 0.805, 1.596
0.800, 0.805, 1.595
0.800, 0.805, 1.595
0.800, 0.806, 1.595
0.800, 0.806, 1.579
0.800, 0.808, 1.594
0.800, 0.808, 1.578
0.800, 0.810, 1.593
0.800, 0.810, 1.561
0.800, 0.811, 1.592
0.800, 0.811, 1.575
0.800, 0.812, 1.590
0.800, 0.812, 1.574
0.800, 0.812, 1.589
0.800, 0.812, 1.589
0.800, 0.812, 1.588
0.800, 0.812, 1.588
0.800, 0.811, 1.587
0.800, 0.811, 1.603
0.800, 0.810, 1.587
0.800, 0.810, 1.602
0.800, 0.808, 1.586
0.800, 0.806, 1.618
0.800, 0.805, 1.603
0.800, 0.805, 1.603
0.800, 0.803, 1.587
0.800, 0.802, 1.619
0.800, 0.801, 1.604
0.800, 0.801, 1.604
0.800, 0.798, 1.589
0.800, 0.797, 1.620
0.800, 0.797, 1.605
0.800, 0.796, 1.590
0.800, 0.796, 1.606
0.800, 0.794, 1.591
0.800, 0.794, 1.623
0.800, 0.794, 1.592
0.800, 0.794, 1.592
0.800, 0.796, 1.592
0.800, 0.796, 1.561
0.800, 0.797, 1.592
0.800, 0.797, 1.576
0.800, 0.798, 1.592
0.800, 0.801, 1.576
0.800, 0.802, 1.560
0.800, 0.803, 1.575
0.800, 0.805, 1.574
0.800, 0.805, 1.558
0.800, 0.806, 1.588
0.800, 0.808, 1.572
0.800, 0.808, 1.572
0.800, 0.810, 1.587
0.800, 0.810, 1.555
0.800, 0.810, 1.585
0.800, 0.810, 1.585
0.800, 0.810, 1.584
0.800, 0.810, 1.584
0.800, 0.808, 1.584
0.800, 0.808, 1.615
0.800, 0.806, 1.584
0.800, 0.805, 1.599
0.800, 0.805, 1.600
0.800, 0.803, 1.584
0.800, 0.802, 1.616
0.800, 0.802, 1.600
0.800, 0.801, 1.585
0.800, 0.798, 1.601
0.800, 0.797, 1.617
0.800, 0.797, 1.602
0.800, 0.796, 1.587
0.800, 0.796, 1.603
0.800, 0.794, 1.588
0.800, 0.794, 1.619
0.800, 0.794, 1.589
0.800, 0.794, 1.589
0.800, 0.793, 1.589
0.800, 0.794, 1.605
0.800, 0.794, 1.574
0.800, 0.794, 1.590
0.800, 0.794, 1.590
0.800, 0.794, 1.591
0.800, 0.794, 1.591
0.800, 0.794, 1.591
0.800, 0.794, 1.591
0.800, 0.794, 1.591
0.800, 0.796, 1.592
0.800, 0.796, 1.560
0.800, 0.797, 1.591
0.800, 0.797, 1.575
0.800, 0.798, 1.591
0.800, 0.798, 1.575
0.800, 0.798, 1.591
0.800, 0.801, 1.591
0.800, 0.801, 1.559
0.800, 0.802, 1.590
0.800, 0.802, 1.574
0.800, 0.802, 1.589
0.800, 0.802, 1.589
0.800, 0.802, 1.589
0.800, 0.802, 1.589
0.800, 0.802, 1.589
0.800, 0.802, 1.589
0.800, 0.802, 1.589
0.800, 0.802, 1.589
0.800, 0.802, 1.589
0.800, 0.802, 1.589
0.800, 0.802, 1.589
0.800, 0.802, 1.589
0.800, 0.802, 1.588
0.800, 0.802, 1.588
0.800, 0.803, 1.588
0.800, 0.802, 1.572
0.800, 0.802, 1.604
0.800, 0.802, 1.588
0.800, 0.802, 1.588
0.800, 0.802, 1.588
0.800, 0.802, 1.588
0.800, 0.802, 1.588
0.800, 0.802, 1.588
0.800, 0.801, 1.588
0.800, 0.801, 1.603
0.800, 0.798, 1.588
0.800, 0.798, 1.620
0.800, 0.798, 1.589
0.800, 0.797, 1.589
0.800, 0.797, 1.605
0.800, 0.796, 1.590
0.800, 0.796, 1.606
0.800, 0.796, 1.590
0.800, 0.796, 1.590
0.800, 0.796, 1.591
0.800, 0.794, 1.591
0.800, 0.794, 1.623
0.800, 0.794, 1.592
0.800, 0.796, 1.592
0.800, 0.796, 1.561
0.800, 0.796, 1.592
0.800, 0.797, 1.592
0.800, 0.797, 1.576
0.800, 0.797, 1.592
0.800, 0.798, 1.592
0.800, 0.798, 1.576
0.800, 0.801, 1.591
0.800, 0.802, 1.560
0.800, 0.802, 1.575
0.800, 0.802, 1.590
0.800, 0.803, 1.590
0.800, 0.803, 1.574
0.800, 0.805, 1.589
0.800, 0.805, 1.558
0.800, 0.805, 1.588
0.800, 0.805, 1.588
0.800, 0.805, 1.588
0.800, 0.805, 1.588
0.800, 0.805, 1.587
0.800, 0.805, 1.587
0.800, 0.805, 1.587
0.800, 0.805, 1.587
0.800, 0.805, 1.587
0.800, 0.803, 1.586
0.800, 0.803, 1.618
0.800, 0.803, 1.587
0.800, 0.802, 1.587
0.800, 0.802, 1.603
0.800, 0.801, 1.587
0.800, 0.801, 1.603
0.800, 0.798, 1.587
0.800, 0.798, 1.619
0.800, 0.797, 1.588
0.800, 0.797, 1.604
0.800, 0.796, 1.589
0.800, 0.796, 1.605
0.800, 0.794, 1.590
0.800, 0.794, 1.621
0.800, 0.794, 1.591
0.800, 0.794, 1.591
0.800, 0.793, 1.591
0.800, 0.793, 1.607
0.800, 0.794, 1.592
0.800, 0.794, 1.577
0.800, 0.794, 1.592
0.800, 0.794, 1.593
0.800, 0.794, 1.593
0.800, 0.796, 1.593
0.800, 0.796, 1.562
0.800, 0.796, 1.593
0.800, 0.796, 1.593
0.800, 0.797, 1.593
0.800, 0.797, 1.577
0.800, 0.797, 1.593
0.800, 0.798, 1.593
0.800, 0.798, 1.577
0.800, 0.798, 1.592
0.800, 0.798, 1.593
0.800, 0.798, 1.593
0.800, 0.798, 1.593
0.800, 0.801, 1.593
0.800, 0.801, 1.561
0.800, 0.801, 1.592
0.800, 0.801, 1.592
0.800, 0.801, 1.592
0.800, 0.801, 1.592
0.800, 0.801, 1.592
0.800, 0.801, 1.592
0.800, 0.801, 1.592
0.800, 0.801, 1.592
0.800, 0.801, 1.592
0.800, 0.801, 1.592
0.800, 0.802, 1.592
0.800, 0.801, 1.576
0.800, 0.801, 1.607
0.800, 0.801, 1.591
0.800, 0.798, 1.591
0.800, 0.798, 1.623
0.800, 0.797, 1.592
0.800, 0.797, 1.608
0.800, 0.797, 1.593
0.800, 0.796, 1.593
0.800, 0.796, 1.609
0.800, 0.796, 1.594
0.800, 0.796, 1.594
0.800, 0.796, 1.594
0.800, 0.796, 1.594
0.800, 0.796, 1.594
0.800, 0.796, 1.594
0.800, 0.797, 1.595
0.800, 0.797, 1.579
0.800, 0.798, 1.594
0.800, 0.798, 1.579
0.800, 0.801, 1.594
0.800, 0.802, 1.563
0.800, 0.802, 1.577
0.800, 0.803, 1.593
0.800, 0.803, 1.577
0.800, 0.805, 1.592
0.800, 0.805, 1.560
0.800, 0.805, 1.591
0.800, 0.805, 1.591
0.800, 0.805, 1.591
0.800, 0.805, 1.590
0.800, 0.805, 1.590
0.800, 0.805, 1.590
0.800, 0.805, 1.590
0.800, 0.805, 1.590
0.800, 0.803, 1.589
0.800, 0.803, 1.621
0.800, 0.803, 1.590
0.800, 0.802, 1.590
0.800, 0.802, 1.605
0.800, 0.802, 1.590
0.800, 0.801, 1.590
0.800, 0.801, 1.606
0.800, 0.798, 1.590
0.800, 0.798, 1.622
0.800, 0.798, 1.591
0.800, 0.797, 1.591
0.800, 0.797, 1.607
0.800, 0.797, 1.592
0.800, 0.797, 1.592
0.800, 0.798, 1.592
0.800, 0.798, 1.576
0.800, 0.801, 1.592
0.800, 0.801, 1.560
0.800, 0.802, 1.591
0.800, 0.802, 1.575
0.800, 0.803, 1.590
0.800, 0.803, 1.575
0.800, 0.803, 1.590
0.800, 0.803, 1.590
0.800, 0.805, 1.590
0.800, 0.805, 1.558
0.800, 0.805, 1.588
0.800, 0.805, 1.588
0.800, 0.805, 1.588
0.800, 0.805, 1.588
0.800, 0.806, 1.588
0.800, 0.805, 1.572
0.800, 0.805, 1.602
0.800, 0.805, 1.587
0.800, 0.805, 1.587
0.800, 0.803, 1.586
0.800, 0.803, 1.618
0.800, 0.803, 1.587
0.800, 0.802, 1.587
0.800, 0.802, 1.603
0.800, 0.802, 1.587
0.800, 0.801, 1.587
0.800, 0.801, 1.603
0.800, 0.801, 1.587
0.800, 0.801, 1.587
0.800, 0.801, 1.587
0.800, 0.801, 1.587
0.800, 0.801, 1.587
0.800, 0.801, 1.587
0.800, 0.801, 1.587
0.800, 0.801, 1.587
0.800, 0.801, 1.587
0.800, 0.801, 1.587
0.800, 0.801, 1.587
0.800, 0.801, 1.587
0.800, 0.801, 1.587
0.800, 0.801, 1.587
0.800, 0.798, 1.587
0.800, 0.798, 1.619
0.800, 0.798, 1.588
0.800, 0.798, 1.588
0.800, 0.798, 1.588
0.800, 0.797, 1.588
0.800, 0.797, 1.604
0.800, 0.797, 1.589
0.800, 0.797, 1.589
0.800, 0.797, 1.589
0.800, 0.797, 1.589
0.800, 0.797, 1.589
0.800, 0.797, 1.589
0.800, 0.797, 1.589
0.800, 0.797, 1.590
0.800, 0.797, 1.590
0.800, 0.797, 1.590
0.800, 0.797, 1.590
0.800, 0.798, 1.590
0.800, 0.798, 1.574
0.800, 0.798, 1.590
0.800, 0.798, 1.590
0.800, 0.801, 1.590
0.800, 0.801, 1.558
0.800, 0.801, 1.589
0.800, 0.802, 1.589
0.800, 0.802, 1.573
0.800, 0.802, 1.588
0.800, 0.803, 1.588
0.800, 0.803, 1.572
0.800, 0.803, 1.588
0.800, 0.803, 1.588
0.800, 0.803, 1.587
0.800, 0.803, 1.587
0.800, 0.803, 1.587
0.800, 0.803, 1.587
0.800, 0.803, 1.587
0.800, 0.803, 1.587
0.800, 0.803, 1.587
0.800, 0.803, 1.587
0.800, 0.803, 1.586
0.800, 0.802, 1.586
0.800, 0.802, 1.602
0.800, 0.802, 1.587
0.800, 0.801, 1.587
0.800, 0.801, 1.602
0.800, 0.798, 1.587
0.800, 0.798, 1.619
0.800, 0.798, 1.588
0.800, 0.797, 1.588
0.800, 0.797, 1.604
0.800, 0.797, 1.589
0.800, 0.797, 1.589
0.800, 0.797, 1.589
0.800, 0.797, 1.589
0.800, 0.797, 1.589
0.800, 0.797, 1.589
0.800, 0.797, 1.589
0.800, 0.798, 1.589
0.800, 0.798, 1.573
0.800, 0.801, 1.589
0.800, 0.802, 1.557
0.800, 0.802, 1.572
0.800, 0.803, 1.588
0.800, 0.805, 1.572
0.800, 0.805, 1.555
0.800, 0.806, 1.586
0.800, 0.808, 1.570
0.800, 0.808, 1.569
0.800, 0.808, 1.584
0.800, 0.808, 1.584
0.800, 0.810, 1.584
0.800, 0.808, 1.552
0.800, 0.808, 1.614
0.800, 0.806, 1.583
0.800, 0.805, 1.598
0.800, 0.805, 1.598
0.800, 0.803, 1.583
0.800, 0.802, 1.614
0.800, 0.801, 1.599
0.800, 0.797, 1.600
0.800, 0.796, 1.632
0.800, 0.794, 1.601
0.800, 0.793, 1.618
0.800, 0.792, 1.603
0.800, 0.789, 1.604
0.800, 0.788, 1.621
0.800, 0.787, 1.606
0.800, 0.785, 1.607
0.800, 0.783, 1.624
0.800, 0.783, 1.609
0.800, 0.782, 1.595
0.800, 0.782, 1.611
0.800, 0.782, 1.596
0.800, 0.782, 1.597
0.800, 0.783, 1.598
0.800, 0.783, 1.582
0.800, 0.783, 1.598
0.800, 0.785, 1.599
0.800, 0.787, 1.584
0.800, 0.788, 1.568
0.800, 0.789, 1.584
0.800, 0.789, 1.584
0.800, 0.792, 1.599
0.800, 0.793, 1.568
0.800, 0.793, 1.583
0.800, 0.794, 1.599
0.800, 0.796, 1.583
0.800, 0.796, 1.567
0.800, 0.797, 1.598
0.800, 0.798, 1.583
0.800, 0.798, 1.582
0.800, 0.801, 1.598
0.800, 0.801, 1.566
0.800, 0.801, 1.597
0.800, 0.801, 1.597
0.800, 0.801, 1.597
0.800, 0.801, 1.597
0.800, 0.801, 1.597
0.800, 0.801, 1.597
0.800, 0.798, 1.597
0.800, 0.798, 1.628
0.800, 0.797, 1.598
0.800, 0.797, 1.614
0.800, 0.796, 1.598
0.800, 0.796, 1.614
0.800, 0.794, 1.599
0.800, 0.794, 1.631
0.800, 0.794, 1.600
0.800, 0.794, 1.600
0.800, 0.794, 1.601
0.800, 0.793, 1.601
0.800, 0.793, 1.617
0.800, 0.793, 1.602
1.000, 0.793, 1.673
1.000, 0.793, 1.680
1.000, 0.793, 1.688
1.000, 0.794, 1.696
1.000, 0.794, 1.688
1.000, 0.796, 1.711
1.000, 0.797, 1.687
1.000, 0.798, 1.710
1.000, 0.802, 1.717
1.000, 0.805, 1.692
1.000, 0.808, 1.699
1.000, 0.811, 1.720
1.000, 0.815, 1.711
1.000, 0.819, 1.717
1.000, 0.825, 1.706
1.000, 0.830, 1.696
1.000, 0.835, 1.716
1.000, 0.840, 1.705
1.000, 0.847, 1.724
1.000, 0.853, 1.697
1.000, 0.858, 1.716
1.000, 0.867, 1.719
1.000, 0.874, 1.675
1.000, 0.881, 1.708
1.000, 0.890, 1.710
1.000, 0.899, 1.680
1.000, 0.908, 1.696
1.000, 0.917, 1.681
1.000, 0.925, 1.681
1.000, 0.934, 1.696
1.000, 0.943, 1.680
1.000, 0.953, 1.679
1.000, 0.962, 1.678
1.000, 0.971, 1.676
1.000, 0.978, 1.674
1.000, 0.987, 1.703
1.000, 0.996, 1.669
1.000, 1.004, 1.666
1.000, 1.012, 1.679
1.000, 1.018, 1.675
1.000, 1.026, 1.703
1.000, 1.031, 1.669
1.000, 1.037, 1.712
1.000, 1.041, 1.693
1.000, 1.047, 1.706
1.000, 1.052, 1.686
1.000, 1.055, 1.698
1.000, 1.058, 1.710
1.000, 1.061, 1.707
1.000, 1.064, 1.719
1.000, 1.065, 1.700
1.000, 1.068, 1.728
1.000, 1.068, 1.709
1.000, 1.069, 1.737
1.000, 1.069, 1.719
1.000, 1.068, 1.732
1.000, 1.068, 1.745
1.000, 1.068, 1.727
1.000, 1.065, 1.725
1.000, 1.064, 1.754
1.000, 1.061, 1.736
1.000, 1.060, 1.766
1.000, 1.056, 1.734
1.000, 1.055, 1.763
1.000, 1.052, 1.731
1.000, 1.049, 1.761
1.000, 1.046, 1.745
1.000, 1.042, 1.759
1.000, 1.040, 1.759
1.000, 1.037, 1.743
1.000, 1.032, 1.758
1.000, 1.029, 1.774
1.000, 1.024, 1.759
1.000, 1.022, 1.775
1.000, 1.018, 1.744
1.000, 1.014, 1.760
1.000, 1.010, 1.777
1.000, 1.008, 1.762
1.000, 1.004, 1.747
1.000, 1.001, 1.764
1.000, 0.999, 1.765
1.000, 0.995, 1.750
1.000, 0.994, 1.767
1.000, 0.991, 1.737
1.000, 0.989, 1.769
1.000, 0.987, 1.739
1.000, 0.986, 1.756
1.000, 0.985, 1.741
1.000, 0.985, 1.742
1.000, 0.985, 1.728
1.000, 0.985, 1.728
1.000, 0.983, 1.729
1.000, 0.985, 1.761
1.000, 0.985, 1.699
1.000, 0.986, 1.731
1.000, 0.986, 1.715
1.000, 0.986, 1.731
1.000, 0.987, 1.732
1.000, 0.987, 1.716
1.000, 0.989, 1.732
1.000, 0.989, 1.701
1.000, 0.989, 1.732
1.000, 0.989, 1.733
1.000, 0.989, 1.733
1.000, 0.991, 1.733
1.000, 0.991, 1.718
1.000, 0.991, 1.734
1.000, 0.991, 1.734
1.000, 0.991, 1.734
1.000, 0.991, 1.735
1.000, 0.992, 1.735
1.000, 0.992, 1.720
1.000, 0.994, 1.735
1.000, 0.994, 1.704
1.000, 0.995, 1.735
1.000, 0.995, 1.719
1.000, 0.996, 1.735
1.000, 0.996, 1.719
1.000, 0.996, 1.735
1.000, 0.999, 1.735
1.000, 1.000, 1.704
1.000, 1.000, 1.718
1.000, 1.001, 1.734
1.000, 1.001, 1.718
1.000, 1.001, 1.733
1.000, 1.003, 1.733
1.000, 1.003, 1.702
1.000, 1.003, 1.732
1.000, 1.003, 1.732
1.000, 1.003, 1.732
1.000, 1.003, 1.732
1.000, 1.003, 1.732
1.000, 1.003, 1.732
1.000, 1.003, 1.732
1.000, 1.001, 1.731
1.000, 1.001, 1.763
1.000, 1.001, 1.732
1.000, 1.001, 1.732
1.000, 1.001, 1.732
1.000, 1.000, 1.732
1.000, 1.000, 1.748
1.000, 1.000, 1.733
1.000, 1.000, 1.733
1.000, 1.000, 1.733
1.000, 0.999, 1.733
1.000, 0.999, 1.748
1.000, 0.999, 1.733
1.000, 0.999, 1.733
1.000, 0.996, 1.733
1.000, 0.996, 1.765
1.000, 0.996, 1.734
1.000, 0.996, 1.734
1.000, 0.996, 1.735
1.000, 0.995, 1.735
1.000, 0.995, 1.751
1.000, 0.996, 1.735
1.000, 0.996, 1.720
1.000, 0.996, 1.735
1.000, 0.996, 1.735
1.000, 0.996, 1.736
1.000, 0.999, 1.736
1.000, 1.000, 1.704
1.000, 1.000, 1.719
1.000, 1.001, 1.735
1.000, 1.003, 1.719
1.000, 1.004, 1.702
1.000, 1.006, 1.717
1.000, 1.009, 1.717
1.000, 1.010, 1.684
1.000, 1.012, 1.714
1.000, 1.014, 1.698
1.000, 1.015, 1.712
1.000, 1.017, 1.711
1.000, 1.018, 1.694
1.000, 1.018, 1.709
1.000, 1.019, 1.723
1.000, 1.019, 1.707
1.000, 1.019, 1.721
1.000, 1.019, 1.721
1.000, 1.019, 1.720
1.000, 1.019, 1.719
1.000, 1.019, 1.719
1.000, 1.018, 1.718
1.000, 1.018, 1.733
1.000, 1.017, 1.717
1.000, 1.015, 1.732
1.000, 1.014, 1.748
1.000, 1.014, 1.732
1.000, 1.012, 1.716
1.000, 1.010, 1.732
1.000, 1.009, 1.747
1.000, 1.008, 1.732
1.000, 1.008, 1.732
1.000, 1.006, 1.717
1.000, 1.004, 1.748
1.000, 1.003, 1.733
1.000, 1.001, 1.733
1.000, 1.001, 1.749
1.000, 1.000, 1.718
1.000, 1.000, 1.734
1.000, 0.999, 1.719
1.000, 0.999, 1.735
1.000, 0.999, 1.719
1.000, 0.999, 1.719
1.000, 0.999, 1.719
1.000, 0.999, 1.719
1.000, 0.999, 1.720
1.000, 0.999, 1.720
1.000, 0.999, 1.720
1.000, 0.999, 1.720
1.000, 1.000, 1.720
1.000, 1.001, 1.704
1.000, 1.001, 1.704
1.000, 1.003, 1.719
1.000, 1.004, 1.687
1.000, 1.006, 1.702
1.000, 1.006, 1.701
1.000, 1.008, 1.717
1.000, 1.009, 1.685
1.000, 1.009, 1.699
1.000, 1.010, 1.714
1.000, 1.010, 1.698
1.000, 1.010, 1.713
1.000, 1.010, 1.713
1.000, 1.010, 1.712
1.000, 1.010, 1.712
1.000, 1.009, 1.712
1.000, 1.009, 1.727
1.000, 1.008, 1.711
1.000, 1.008, 1.727
1.000, 1.006, 1.711
1.000, 1.006, 1.743
1.000, 1.004, 1.712
1.000, 1.004, 1.727
1.000, 1.003, 1.712
1.000, 1.001, 1.727
1.000, 1.001, 1.744
1.000, 1.000, 1.713
1.000, 0.999, 1.729
1.000, 0.999, 1.729
1.000, 0.996, 1.714
1.000, 0.996, 1.745
1.000, 0.995, 1.715
1.000, 0.995, 1.731
1.000, 0.995, 1.715
1.000, 0.994, 1.716
1.000, 0.994, 1.732
1.000, 0.994, 1.717
1.000, 0.994, 1.717
1.000, 0.994, 1.717
1.000, 0.994, 1.717
1.000, 0.994, 1.717
1.000, 0.994, 1.718
1.000, 0.994, 1.718
1.000, 0.994, 1.718
1.000, 0.994, 1.718
1.000, 0.994, 1.719
1.000, 0.994, 1.719
1.000, 0.994, 1.719
1.000, 0.994, 1.719
1.000, 0.994, 1.719
1.000, 0.994, 1.720
1.000, 0.995, 1.720
1.000, 0.995, 1.704
1.000, 0.995, 1.720
1.000, 0.996, 1.720
1.000, 0.996, 1.704
1.000, 0.999, 1.720
1.000, 1.000, 1.688
1.000, 1.001, 1.703
1.000, 1.003, 1.703
1.000, 1.004, 1.687
1.000, 1.006, 1.701
1.000, 1.008, 1.701
1.000, 1.009, 1.684
1.000, 1.010, 1.699
1.000, 1.012, 1.698
1.000, 1.014, 1.682
1.000, 1.015, 1.696
1.000, 1.017, 1.695
1.000, 1.017, 1.678
1.000, 1.017, 1.708
1.000, 1.017, 1.708
1.000, 1.015, 1.707
1.000, 1.015, 1.738
1.000, 1.014, 1.707
1.000, 1.014, 1.722
1.000, 1.012, 1.706
1.000, 1.012, 1.721
1.000, 1.010, 1.706
1.000, 1.009, 1.737
1.000, 1.009, 1.721
1.000, 1.008, 1.706
1.000, 1.008, 1.721
1.000, 1.006, 1.706
1.000, 1.006, 1.737
1.000, 1.004, 1.706
1.000, 1.004, 1.722
1.000, 1.004, 1.706
1.000, 1.004, 1.706
1.000, 1.004, 1.706
1.000, 1.004, 1.706
1.000, 1.004, 1.705
1.000, 1.004, 1.705
1.000, 1.004, 1.705
1.000, 1.004, 1.705
1.000, 1.006, 1.705
1.000, 1.006, 1.689
1.000, 1.006, 1.704
1.000, 1.006, 1.704
1.000, 1.006, 1.703
1.000, 1.006, 1.703
1.000, 1.006, 1.703
1.000, 1.006, 1.703
1.000, 1.006, 1.703
1.000, 1.004, 1.702
1.000, 1.004, 1.718
1.000, 1.004, 1.703
1.000, 1.003, 1.702
1.000, 1.001, 1.718
1.000, 1.001, 1.734
1.000, 1.000, 1.703
1.000, 0.999, 1.719
1.000, 0.996, 1.720
1.000, 0.996, 1.736
1.000, 0.996, 1.705
1.000, 0.995, 1.705
1.000, 0.994, 1.721
1.000, 0.994, 1.722
1.000, 0.992, 1.707
1.000, 0.992, 1.739
1.000, 0.992, 1.708
1.000, 0.992, 1.709
1.000, 0.992, 1.709
1.000, 0.992, 1.709
1.000, 0.994, 1.710
1.000, 0.994, 1.678
1.000, 0.995, 1.709
1.000, 0.996, 1.694
1.000, 0.996, 1.693
1.000, 0.999, 1.709
1.000, 1.000, 1.677
1.000, 1.001, 1.692
1.000, 1.001, 1.692
1.000, 1.003, 1.707
1.000, 1.004, 1.676
1.000, 1.004, 1.690
1.000, 1.004, 1.706
1.000, 1.004, 1.705
1.000, 1.004, 1.705
1.000, 1.004, 1.705
1.000, 1.004, 1.705
1.000, 1.003, 1.705
1.000, 1.003, 1.720
1.000, 1.001, 1.705
1.000, 1.001, 1.736
1.000, 1.000, 1.706
1.000, 1.000, 1.721
1.000, 0.999, 1.706
1.000, 0.999, 1.722
1.000, 0.999, 1.707
1.000, 0.996, 1.707
1.000, 0.996, 1.738
1.000, 0.996, 1.708
1.000, 0.995, 1.708
1.000, 0.995, 1.724
1.000, 0.996, 1.709
1.000, 0.996, 1.693
1.000, 0.996, 1.709
1.000, 0.996, 1.709
1.000, 0.999, 1.709
1.000, 0.999, 1.677
1.000, 1.000, 1.708
1.000, 1.000, 1.692
1.000, 1.001, 1.708
1.000, 1.003, 1.692
1.000, 1.004, 1.676
1.000, 1.004, 1.690
1.000, 1.006, 1.706
1.000, 1.006, 1.690
1.000, 1.008, 1.705
1.000, 1.008, 1.673
1.000, 1.008, 1.703
1.000, 1.008, 1.703
1.000, 1.008, 1.703
1.000, 1.006, 1.703
1.000, 1.006, 1.734
1.000, 1.004, 1.703
1.000, 1.003, 1.719
1.000, 1.001, 1.719
1.000, 1.001, 1.735
1.000, 1.000, 1.704
1.000, 0.999, 1.720
1.000, 0.996, 1.720
1.000, 0.995, 1.737
1.000, 0.994, 1.722
1.000, 0.994, 1.723
1.000, 0.992, 1.707
1.000, 0.991, 1.739
1.000, 0.991, 1.725
1.000, 0.989, 1.710
1.000, 0.989, 1.726
1.000, 0.989, 1.711
1.000, 0.987, 1.711
1.000, 0.987, 1.743
1.000, 0.987, 1.713
1.000, 0.987, 1.714
1.000, 0.986, 1.714
1.000, 0.986, 1.730
1.000, 0.986, 1.715
1.000, 0.986, 1.716
1.000, 0.986, 1.717
1.000, 0.986, 1.717
1.000, 0.986, 1.718
1.000, 0.986, 1.718
1.000, 0.987, 1.719
1.000, 0.987, 1.703
1.000, 0.987, 1.719
1.000, 0.987, 1.720
1.000, 0.989, 1.720
1.000, 0.989, 1.689
1.000, 0.991, 1.720
1.000, 0.992, 1.705
1.000, 0.994, 1.705
1.000, 0.994, 1.689
1.000, 0.995, 1.720
1.000, 0.996, 1.704
1.000, 0.999, 1.704
1.000, 1.000, 1.688
1.000, 1.001, 1.703
1.000, 1.003, 1.702
1.000, 1.006, 1.686
1.000, 1.008, 1.685
1.000, 1.009, 1.684
1.000, 1.012, 1.698
1.000, 1.014, 1.666
1.000, 1.015, 1.696
1.000, 1.017, 1.695
1.000, 1.018, 1.678
1.000, 1.019, 1.692
1.000, 1.019, 1.691
1.000, 1.019, 1.706
1.000, 1.019, 1.705
1.000, 1.018, 1.704
1.000, 1.018, 1.719
1.000, 1.017, 1.703
1.000, 1.014, 1.719
1.000, 1.014, 1.750
1.000, 1.010, 1.703
1.000, 1.009, 1.750
1.000, 1.008, 1.720
1.000, 1.006, 1.720
1.000, 1.003, 1.736
1.000, 1.001, 1.736
1.000, 1.000, 1.737
1.000, 0.996, 1.722
1.000, 0.995, 1.754
1.000, 0.994, 1.724
1.000, 0.992, 1.725
1.000, 0.991, 1.741
1.000, 0.991, 1.727
1.000, 0.991, 1.712
1.000, 0.991, 1.712
1.000, 0.991, 1.712
1.000, 0.992, 1.713
1.000, 0.994, 1.697
1.000, 0.995, 1.681
1.000, 0.996, 1.696
1.000, 0.999, 1.696
1.000, 1.000, 1.680
1.000, 1.001, 1.695
1.000, 1.003, 1.695
1.000, 1.004, 1.678
1.000, 1.006, 1.693
1.000, 1.008, 1.692
1.000, 1.008, 1.676
1.000, 1.008, 1.706
1.000, 1.008, 1.706
1.000, 1.008, 1.706
1.000, 1.008, 1.706
1.000, 1.006, 1.705
1.000, 1.006, 1.737
1.000, 1.004, 1.706
1.000, 1.004, 1.721
1.000, 1.003, 1.706
1.000, 1.001, 1.721
1.000, 1.001, 1.738
1.000, 1.000, 1.707
1.000, 1.000, 1.723
1.000, 1.000, 1.707
1.000, 1.000, 1.707
1.000, 1.000, 1.707
1.000, 1.001, 1.707
1.000, 1.001, 1.691
1.000, 1.003, 1.707
1.000, 1.003, 1.675
1.000, 1.006, 1.706
1.000, 1.006, 1.674
1.000, 1.006, 1.704
1.000, 1.008, 1.704
1.000, 1.008, 1.672
1.000, 1.008, 1.703
1.000, 1.008, 1.703
1.000, 1.008, 1.702
1.000, 1.006, 1.702
1.000, 1.006, 1.733
1.000, 1.006, 1.702
1.000, 1.004, 1.702
1.000, 1.004, 1.718
1.000, 1.003, 1.702
1.000, 1.001, 1.718
1.000, 1.000, 1.734
1.000, 0.999, 1.719
1.000, 0.996, 1.720
1.000, 0.995, 1.736
1.000, 0.994, 1.721
1.000, 0.992, 1.722
1.000, 0.991, 1.738
1.000, 0.989, 1.724
1.000, 0.989, 1.724
1.000, 0.987, 1.709
1.000, 0.987, 1.741
1.000, 0.987, 1.711
1.000, 0.987, 1.712
1.000, 0.987, 1.712
1.000, 0.987, 1.713
1.000, 0.989, 1.713
1.000, 0.989, 1.682
1.000, 0.991, 1.713
1.000, 0.991, 1.698
1.000, 0.992, 1.713
1.000, 0.994, 1.698
1.000, 0.995, 1.682
1.000, 0.996, 1.697
1.000, 0.996, 1.697
1.000, 0.999, 1.712
1.000, 1.001, 1.681
1.000, 1.001, 1.680
1.000, 1.003, 1.711
1.000, 1.004, 1.679
1.000, 1.006, 1.694
1.000, 1.006, 1.693
1.000, 1.006, 1.708
1.000, 1.006, 1.708
1.000, 1.006, 1.708
1.000, 1.006, 1.708
1.000, 1.006, 1.708
1.000, 1.006, 1.707
1.000, 1.006, 1.707
1.000, 1.004, 1.707
1.000, 1.003, 1.723
1.000, 1.003, 1.723
1.000, 1.001, 1.707
1.000, 1.000, 1.739
1.000, 0.999, 1.724
1.000, 0.999, 1.724
1.000, 0.999, 1.709
1.000, 0.996, 1.709
1.000, 0.996, 1.741
1.000, 0.996, 1.710
1.000, 0.996, 1.710
1.000, 0.996, 1.710
1.000, 0.996, 1.711
1.000, 0.999, 1.711
1.000, 0.999, 1.679
1.000, 1.000, 1.710
1.000, 1.000, 1.694
1.000, 1.000, 1.710
1.000, 1.001, 1.710
1.000, 1.001, 1.694
1.000, 1.001, 1.709
1.000, 1.003, 1.709
1.000, 1.003, 1.677
1.000, 1.003, 1.708
1.000, 1.004, 1.708
1.000, 1.004, 1.692
1.000, 1.004, 1.707
1.000, 1.004, 1.707
1.000, 1.006, 1.707
1.000, 1.006, 1.691
1.000, 1.006, 1.706
1.000, 1.006, 1.706
1.000, 1.006, 1.706
1.000, 1.006, 1.705
1.000, 1.006, 1.705
1.000, 1.004, 1.705
1.000, 1.004, 1.721
1.000, 1.003, 1.705
1.000, 1.003, 1.721
1.000, 1.001, 1.705
1.000, 1.001, 1.737
1.000, 1.000, 1.706
1.000, 1.000, 1.722
1.000, 1.000, 1.706
1.000, 0.999, 1.706
1.000, 0.999, 1.722
1.000, 0.999, 1.707
1.000, 0.999, 1.707
1.000, 0.996, 1.707
1.000, 0.996, 1.739
0.350, 0.996, 1.479
0.350, 0.996, 1.455
0.350, 0.996, 1.431
0.350, 0.996, 1.406
0.350, 0.995, 1.382
0.350, 0.992, 1.374
0.350, 0.989, 1.381
0.350, 0.985, 1.343
0.350, 0.978, 1.351
0.350, 0.971, 1.361
0.350, 0.963, 1.340
0.350, 0.953, 1.335
0.350, 0.940, 1.347
0.350, 0.926, 1.360
0.350, 0.911, 1.358
0.350, 0.893, 1.358
0.350, 0.874, 1.390
0.350, 0.853, 1.377
0.350, 0.830, 1.412
0.350, 0.806, 1.417
0.350, 0.780, 1.408
0.350, 0.755, 1.448
0.350, 0.727, 1.426
0.350, 0.697, 1.452
0.350, 0.668, 1.481
0.350, 0.641, 1.463
0.350, 0.612, 1.447
0.350, 0.582, 1.462
0.350, 0.557, 1.480
0.350, 0.529, 1.419
0.350, 0.504, 1.453
0.350, 0.480, 1.425
0.350, 0.458, 1.414
0.350, 0.437, 1.386
0.350, 0.419, 1.375
0.350, 0.402, 1.348
0.350, 0.388, 1.337
0.350, 0.375, 1.294
0.350, 0.365, 1.282
0.350, 0.356, 1.255
0.350, 0.347, 1.242
0.350, 0.343, 1.230
0.350, 0.341, 1.186
0.350, 0.338, 1.156
0.350, 0.337, 1.157
0.350, 0.338, 1.143
0.350, 0.342, 1.112
0.350, 0.345, 1.080
0.350, 0.350, 1.079
0.350, 0.354, 1.062
0.350, 0.360, 1.061
0.350, 0.366, 1.043
0.350, 0.370, 1.040
0.350, 0.377, 1.053
0.350, 0.382, 1.019
0.350, 0.388, 1.047
0.350, 0.392, 1.028
0.350, 0.396, 1.040
0.350, 0.400, 1.053
0.350, 0.402, 1.034
0.350, 0.405, 1.078
0.350, 0.406, 1.044
0.350, 0.407, 1.072
0.350, 0.407, 1.069
0.350, 0.407, 1.083
0.350, 0.406, 1.080
0.350, 0.405, 1.094
0.350, 0.402, 1.092
0.350, 0.398, 1.122
0.350, 0.396, 1.122
0.350, 0.391, 1.106
0.350, 0.387, 1.136
0.350, 0.382, 1.137
0.350, 0.377, 1.137
0.350, 0.370, 1.138
0.350, 0.366, 1.170
0.350, 0.360, 1.140
0.350, 0.356, 1.157
0.350, 0.350, 1.143
0.350, 0.343, 1.161
0.350, 0.338, 1.179
0.350, 0.334, 1.150
0.350, 0.329, 1.152
0.350, 0.324, 1.155
0.350, 0.322, 1.157
0.350, 0.318, 1.129
0.350, 0.315, 1.162
0.350, 0.313, 1.133
0.350, 0.309, 1.136
0.350, 0.308, 1.154
0.350, 0.306, 1.125
0.350, 0.306, 1.143
0.350, 0.306, 1.114
0.350, 0.306, 1.115
0.350, 0.308, 1.117
0.350, 0.309, 1.087
0.350, 0.311, 1.104
0.350, 0.313, 1.105
0.350, 0.315, 1.090
0.350, 0.318, 1.090
0.350, 0.320, 1.091
0.350, 0.322, 1.091
0.350, 0.324, 1.091
0.350, 0.328, 1.091
0.350, 0.331, 1.076
0.350, 0.332, 1.075
0.350, 0.336, 1.106
0.350, 0.337, 1.075
0.350, 0.341, 1.106
0.350, 0.342, 1.074
0.350, 0.345, 1.105
0.350, 0.346, 1.073
0.350, 0.347, 1.103
0.350, 0.347, 1.103
0.350, 0.350, 1.118
0.350, 0.350, 1.087
0.350, 0.351, 1.118
0.350, 0.350, 1.102
0.350, 0.350, 1.133
0.350, 0.350, 1.118
0.350, 0.347, 1.118
0.350, 0.347, 1.149
0.350, 0.347, 1.119
0.350, 0.346, 1.119
0.350, 0.345, 1.135
0.350, 0.343, 1.135
0.350, 0.342, 1.152
0.350, 0.342, 1.137
0.350, 0.341, 1.122
0.350, 0.338, 1.138
0.350, 0.338, 1.155
0.350, 0.337, 1.124
0.350, 0.337, 1.141
0.350, 0.337, 1.126
0.350, 0.336, 1.126
0.350, 0.336, 1.143
0.350, 0.336, 1.128
0.350, 0.337, 1.128
0.350, 0.337, 1.113
0.350, 0.337, 1.129
0.350, 0.338, 1.129
0.350, 0.341, 1.114
0.350, 0.341, 1.098
0.350, 0.342, 1.129
0.350, 0.343, 1.114
0.350, 0.343, 1.114
0.350, 0.345, 1.129
0.350, 0.346, 1.098
0.350, 0.346, 1.113
0.350, 0.347, 1.129
0.350, 0.347, 1.113
0.350, 0.347, 1.128
0.350, 0.350, 1.128
0.350, 0.350, 1.097
0.350, 0.350, 1.128
0.350, 0.350, 1.128
0.350, 0.350, 1.128
0.350, 0.350, 1.128
0.350, 0.350, 1.128
0.350, 0.350, 1.128
0.350, 0.350, 1.128
0.350, 0.347, 1.128
0.350, 0.347, 1.159
0.350, 0.347, 1.129
0.350, 0.347, 1.129
0.350, 0.346, 1.129
0.350, 0.346, 1.145
0.350, 0.346, 1.130
0.350, 0.345, 1.130
0.350, 0.345, 1.146
0.350, 0.345, 1.131
0.350, 0.345, 1.131
0.350, 0.345, 1.131
0.350, 0.345, 1.131
0.350, 0.345, 1.131
0.350, 0.345, 1.131
0.350, 0.345, 1.132
0.350, 0.346, 1.132
0.350, 0.346, 1.116
0.350, 0.346, 1.132
0.350, 0.346, 1.132
0.350, 0.346, 1.132
0.350, 0.347, 1.132
0.350, 0.347, 1.116
0.350, 0.347, 1.132
0.350, 0.347, 1.132
0.350, 0.347, 1.132
0.350, 0.347, 1.132
0.350, 0.347, 1.132
0.350, 0.347, 1.132
0.350, 0.347, 1.132
0.350, 0.347, 1.133
0.350, 0.346, 1.133
0.350, 0.346, 1.149
0.350, 0.346, 1.133
0.350, 0.346, 1.133
0.350, 0.346, 1.134
0.350, 0.346, 1.134
0.350, 0.345, 1.134
0.350, 0.345, 1.150
0.350, 0.345, 1.135
0.350, 0.345, 1.135
0.350, 0.345, 1.135
0.350, 0.345, 1.135
0.350, 0.345, 1.135
0.350, 0.345, 1.136
0.350, 0.345, 1.136
0.350, 0.345, 1.136
0.350, 0.345, 1.136
0.350, 0.346, 1.136
0.350, 0.346, 1.121
0.350, 0.346, 1.136
0.350, 0.346, 1.136
0.350, 0.347, 1.136
0.350, 0.347, 1.121
0.350, 0.347, 1.136
0.350, 0.347, 1.136
0.350, 0.347, 1.136
0.350, 0.350, 1.137
0.350, 0.350, 1.105
0.350, 0.350, 1.136
0.350, 0.351, 1.136
0.350, 0.351, 1.120
0.350, 0.351, 1.135
0.350, 0.351, 1.135
0.350, 0.351, 1.135
0.350, 0.351, 1.135
0.350, 0.352, 1.135
0.350, 0.352, 1.119
0.350, 0.352, 1.135
0.350, 0.352, 1.135
0.350, 0.352, 1.134
0.350, 0.352, 1.134
0.350, 0.352, 1.134
0.350, 0.351, 1.134
0.350, 0.351, 1.150
0.350, 0.351, 1.135
0.350, 0.351, 1.135
0.350, 0.351, 1.134
0.350, 0.351, 1.134
0.350, 0.351, 1.134
0.350, 0.350, 1.134
0.350, 0.350, 1.150
0.350, 0.350, 1.135
0.350, 0.347, 1.135
0.350, 0.347, 1.166
0.350, 0.347, 1.136
0.350, 0.347, 1.136
0.350, 0.347, 1.136
0.350, 0.347, 1.136
0.350, 0.346, 1.136
0.350, 0.346, 1.152
0.350, 0.346, 1.137
0.350, 0.346, 1.137
0.350, 0.346, 1.137
0.350, 0.347, 1.137
0.350, 0.347, 1.122
0.350, 0.347, 1.137
0.350, 0.347, 1.137
0.350, 0.347, 1.137
0.350, 0.350, 1.137
0.350, 0.350, 1.106
0.350, 0.350, 1.137
0.350, 0.351, 1.137
0.350, 0.351, 1.121
0.350, 0.352, 1.136
0.350, 0.352, 1.120
0.350, 0.352, 1.136
0.350, 0.352, 1.135
0.350, 0.352, 1.135
0.350, 0.354, 1.135
0.350, 0.354, 1.104
0.350, 0.354, 1.134
0.350, 0.354, 1.134
0.350, 0.354, 1.134
0.350, 0.354, 1.134
0.350, 0.354, 1.134
0.350, 0.354, 1.133
0.350, 0.354, 1.133
0.350, 0.354, 1.133
0.350, 0.352, 1.133
0.350, 0.352, 1.164
0.350, 0.352, 1.134
0.350, 0.351, 1.133
0.350, 0.351, 1.149
0.350, 0.351, 1.134
0.350, 0.351, 1.134
0.350, 0.350, 1.134
0.350, 0.350, 1.150
0.350, 0.350, 1.134
0.350, 0.350, 1.134
0.350, 0.350, 1.134
0.350, 0.350, 1.134
0.350, 0.350, 1.134
0.350, 0.350, 1.134
0.350, 0.350, 1.134
0.350, 0.350, 1.134
0.350, 0.350, 1.134
0.350, 0.350, 1.134
0.350, 0.350, 1.134
0.350, 0.350, 1.134
0.350, 0.350, 1.134
0.350, 0.350, 1.134
0.350, 0.350, 1.134
0.350, 0.350, 1.134
0.350, 0.350, 1.134
0.350, 0.350, 1.134
0.350, 0.350, 1.134
0.350, 0.350, 1.134
0.350, 0.350, 1.134
0.350, 0.350, 1.134
0.350, 0.350, 1.134
0.350, 0.350, 1.134
0.350, 0.350, 1.134
0.350, 0.350, 1.134
0.350, 0.350, 1.134
0.350, 0.350, 1.134
0.350, 0.347, 1.134
0.350, 0.347, 1.166
0.350, 0.347, 1.135
0.350, 0.347, 1.136
0.350, 0.347, 1.136
0.350, 0.347, 1.136
0.350, 0.347, 1.136
0.350, 0.347, 1.136
0.350, 0.347, 1.136
0.350, 0.347, 1.136
0.350, 0.347, 1.136
0.350, 0.347, 1.136
0.350, 0.347, 1.136
0.350, 0.350, 1.136
0.350, 0.350, 1.105
0.350, 0.350, 1.136
0.350, 0.351, 1.136
0.350, 0.351, 1.120
0.350, 0.351, 1.135
0.350, 0.352, 1.135
0.350, 0.352, 1.119
0.350, 0.352, 1.135
0.350, 0.354, 1.135
0.350, 0.354, 1.103
0.350, 0.354, 1.133
0.350, 0.354, 1.133
0.350, 0.354, 1.133
0.350, 0.354, 1.133
0.350, 0.354, 1.133
0.350, 0.354, 1.133
0.350, 0.354, 1.132
0.350, 0.354, 1.132
0.350, 0.352, 1.132
0.350, 0.352, 1.164
0.350, 0.352, 1.133
0.350, 0.352, 1.133
0.350, 0.352, 1.133
0.350, 0.352, 1.133
0.350, 0.351, 1.132
0.350, 0.351, 1.148
0.350, 0.351, 1.133
0.350, 0.351, 1.133
0.350, 0.350, 1.133
0.350, 0.350, 1.149
0.350, 0.350, 1.133
0.350, 0.350, 1.133
0.350, 0.350, 1.133
0.350, 0.350, 1.133
0.350, 0.350, 1.133
0.350, 0.350, 1.133
0.350, 0.350, 1.133
0.350, 0.350, 1.133
0.350, 0.350, 1.133
0.350, 0.350, 1.133
0.350, 0.350, 1.133
0.350, 0.350, 1.133
0.350, 0.350, 1.133
0.350, 0.350, 1.133
0.350, 0.350, 1.133
0.350, 0.350, 1.133
0.350, 0.350, 1.133
0.350, 0.350, 1.133
0.350, 0.350, 1.133
0.350, 0.350, 1.133
0.350, 0.350, 1.133
0.350, 0.347, 1.133
0.350, 0.347, 1.165
0.350, 0.347, 1.134
0.350, 0.347, 1.134
0.350, 0.347, 1.135
0.350, 0.347, 1.135
0.350, 0.347, 1.135
0.350, 0.347, 1.135
0.350, 0.347, 1.135
0.350, 0.347, 1.135
0.350, 0.347, 1.135
0.350, 0.347, 1.135
0.350, 0.347, 1.135
0.350, 0.347, 1.135
0.350, 0.347, 1.136
0.350, 0.350, 1.136
0.350, 0.350, 1.104
0.350, 0.350, 1.135
0.350, 0.350, 1.135
0.350, 0.350, 1.135
0.350, 0.351, 1.135
0.350, 0.351, 1.119
0.350, 0.351, 1.134
0.350, 0.351, 1.134
0.350, 0.351, 1.134
0.350, 0.351, 1.134
0.350, 0.351, 1.134
0.350, 0.351, 1.134
0.350, 0.350, 1.134
0.350, 0.350, 1.150
0.350, 0.350, 1.135
0.350, 0.350, 1.135
0.350, 0.350, 1.135
0.350, 0.347, 1.135
0.350, 0.347, 1.166
0.350, 0.347, 1.136
0.350, 0.347, 1.136
0.350, 0.347, 1.136
0.350, 0.347, 1.136
0.350, 0.347, 1.136
0.350, 0.347, 1.136
0.350, 0.347, 1.136
0.350, 0.347, 1.136
0.350, 0.347, 1.136
0.350, 0.347, 1.136
0.350, 0.350, 1.137
0.350, 0.350, 1.105
0.350, 0.350, 1.136
0.350, 0.351, 1.136
0.350, 0.351, 1.120
0.350, 0.351, 1.135
0.350, 0.352, 1.135
0.350, 0.352, 1.119
0.350, 0.352, 1.135
0.350, 0.352, 1.135
0.350, 0.352, 1.135
0.350, 0.352, 1.135
0.350, 0.354, 1.134
0.350, 0.354, 1.103
0.350, 0.354, 1.133
0.350, 0.354, 1.133
0.350, 0.354, 1.133
0.350, 0.354, 1.133
0.350, 0.352, 1.133
0.350, 0.352, 1.164
0.350, 0.352, 1.133
0.350, 0.352, 1.133
0.350, 0.351, 1.133
0.350, 0.351, 1.149
0.350, 0.351, 1.133
0.350, 0.350, 1.133
0.350, 0.350, 1.149
0.350, 0.350, 1.134
0.350, 0.350, 1.134
0.350, 0.350, 1.134
0.350, 0.350, 1.134
0.350, 0.350, 1.134
0.350, 0.350, 1.134
0.350, 0.350, 1.134
0.350, 0.350, 1.134
0.350, 0.350, 1.134
0.350, 0.350, 1.134
0.350, 0.350, 1.134
0.350, 0.350, 1.134
0.350, 0.350, 1.134
0.350, 0.350, 1.134
0.350, 0.350, 1.134
0.350, 0.350, 1.134
0.350, 0.350, 1.134
0.350, 0.350, 1.134
0.350, 0.350, 1.134
0.350, 0.350, 1.134
0.350, 0.350, 1.134
0.350, 0.350, 1.134
0.350, 0.350, 1.134
0.350, 0.350, 1.134
0.350, 0.350, 1.134
0.350, 0.350, 1.134
0.350, 0.350, 1.134
0.350, 0.350, 1.134
0.350, 0.350, 1.134
0.350, 0.350, 1.134
0.350, 0.347, 1.134
0.350, 0.347, 1.166
0.350, 0.350, 1.135
0.350, 0.347, 1.104
0.350, 0.347, 1.166
0.350, 0.350, 1.135
0.350, 0.347, 1.104
0.350, 0.350, 1.166
0.350, 0.350, 1.104
0.350, 0.350, 1.135
0.350, 0.350, 1.135
0.350, 0.350, 1.135
0.350, 0.350, 1.135
0.350, 0.351, 1.135
0.350, 0.351, 1.119
0.350, 0.351, 1.134
0.350, 0.351, 1.134
0.350, 0.350, 1.134
0.350, 0.351, 1.150
0.350, 0.351, 1.119
0.350, 0.350, 1.134
0.350, 0.350, 1.150
0.350, 0.350, 1.135
0.350, 0.350, 1.135
0.350, 0.350, 1.135
0.350, 0.350, 1.135
0.350, 0.350, 1.135
0.350, 0.350, 1.135
0.350, 0.350, 1.135
0.350, 0.350, 1.135
0.350, 0.347, 1.135
0.350, 0.350, 1.166
0.350, 0.350, 1.104
0.350, 0.350, 1.135
0.350, 0.350, 1.135
0.350, 0.350, 1.135
0.350, 0.350, 1.135
0.350, 0.350, 1.135
0.350, 0.350, 1.135
0.350, 0.350, 1.135
0.350, 0.350, 1.135
0.350, 0.350, 1.135
0.350, 0.350, 1.135
0.350, 0.350, 1.135
0.350, 0.350, 1.135
0.350, 0.350, 1.135
0.350, 0.350, 1.135
0.350, 0.350, 1.135
0.350, 0.350, 1.135
0.350, 0.350, 1.135
0.350, 0.350, 1.135
0.350, 0.350, 1.135
0.350, 0.350, 1.135
0.350, 0.350, 1.135
0.350, 0.347, 1.135
0.350, 0.347, 1.167
0.350, 0.347, 1.136
0.350, 0.347, 1.136
0.350, 0.347, 1.136
0.350, 0.347, 1.136
0.350, 0.347, 1.136
0.350, 0.347, 1.136
0.350, 0.347, 1.137
0.350, 0.347, 1.137
0.350, 0.350, 1.137
0.350, 0.350, 1.105
0.350, 0.350, 1.136
0.350, 0.350, 1.136
0.350, 0.351, 1.136
0.350, 0.351, 1.120
0.350, 0.352, 1.135
0.350, 0.352, 1.120
0.350, 0.352, 1.135
0.350, 0.352, 1.135
0.350, 0.354, 1.135
0.350, 0.354, 1.103
0.350, 0.354, 1.134
0.350, 0.354, 1.133
0.350, 0.354, 1.133
0.350, 0.354, 1.133
0.350, 0.352, 1.133
0.350, 0.352, 1.164
0.350, 0.352, 1.134
0.350, 0.352, 1.134
0.350, 0.351, 1.133
0.350, 0.351, 1.149
0.350, 0.351, 1.134
0.350, 0.350, 1.134
0.350, 0.350, 1.150
0.350, 0.350, 1.134
0.350, 0.350, 1.134
0.350, 0.347, 1.134
0.350, 0.347, 1.166
0.350, 0.347, 1.135
0.350, 0.347, 1.135
0.350, 0.350, 1.135
0.350, 0.350, 1.104
0.350, 0.350, 1.135
0.350, 0.350, 1.135
0.350, 0.350, 1.135
0.350, 0.350, 1.135
0.350, 0.351, 1.135
0.350, 0.351, 1.119
0.350, 0.351, 1.134
0.350, 0.351, 1.134
0.350, 0.351, 1.134
0.350, 0.351, 1.134
0.350, 0.351, 1.134
0.350, 0.351, 1.134
0.350, 0.351, 1.134
0.350, 0.350, 1.134
0.350, 0.350, 1.150
0.350, 0.350, 1.134
0.350, 0.350, 1.134
0.350, 0.347, 1.134
0.350, 0.347, 1.166
1.300, 0.347, 1.470
1.300, 0.347, 1.506
1.300, 0.347, 1.542
1.300, 0.347, 1.578
1.300, 0.350, 1.613
1.300, 0.351, 1.617
1.300, 0.356, 1.668
1.300, 0.360, 1.656
1.300, 0.366, 1.690
1.300, 0.374, 1.707
1.300, 0.383, 1.709
1.300, 0.396, 1.724
1.300, 0.411, 1.708
1.300, 0.428, 1.705
1.300, 0.448, 1.701
1.300, 0.469, 1.696
1.300, 0.494, 1.688
1.300, 0.521, 1.679
1.300, 0.550, 1.653
1.300, 0.581, 1.655
1.300, 0.617, 1.641
1.300, 0.651, 1.592
1.300, 0.688, 1.620
1.300, 0.727, 1.599
1.300, 0.765, 1.576
1.300, 0.803, 1.598
1.300, 0.842, 1.604
1.300, 0.880, 1.592
1.300, 0.918, 1.610
1.300, 0.954, 1.611
1.300, 0.991, 1.642
1.300, 1.023, 1.625
1.300, 1.056, 1.686
1.300, 1.087, 1.668
1.300, 1.116, 1.695
1.300, 1.144, 1.723
1.300, 1.171, 1.735
1.300, 1.197, 1.730
1.300, 1.220, 1.755
1.300, 1.240, 1.781
1.300, 1.261, 1.807
1.300, 1.279, 1.801
1.300, 1.299, 1.826
1.300, 1.314, 1.804
1.300, 1.330, 1.860
1.300, 1.345, 1.837
1.300, 1.359, 1.846
1.300, 1.371, 1.854
1.300, 1.383, 1.862
1.300, 1.396, 1.871
1.300, 1.406, 1.847
1.300, 1.417, 1.870
1.300, 1.427, 1.846
1.300, 1.436, 1.869
1.300, 1.445, 1.861
1.300, 1.454, 1.852
1.300, 1.461, 1.843
1.300, 1.469, 1.865
1.300, 1.475, 1.841
1.300, 1.483, 1.863
1.300, 1.489, 1.822
1.300, 1.496, 1.844
1.300, 1.500, 1.819
1.300, 1.506, 1.841
1.300, 1.509, 1.815
1.300, 1.514, 1.837
1.300, 1.516, 1.812
1.300, 1.520, 1.834
1.300, 1.523, 1.809
1.300, 1.524, 1.799
1.300, 1.526, 1.821
1.300, 1.526, 1.812
1.300, 1.526, 1.819
1.300, 1.524, 1.811
1.300, 1.523, 1.818
1.300, 1.520, 1.810
1.300, 1.516, 1.834
1.300, 1.514, 1.827
1.300, 1.509, 1.804
1.300, 1.505, 1.829
1.300, 1.500, 1.823
1.300, 1.493, 1.817
1.300, 1.486, 1.843
1.300, 1.480, 1.838
1.300, 1.470, 1.834
1.300, 1.463, 1.862
1.300, 1.454, 1.827
1.300, 1.445, 1.855
1.300, 1.434, 1.853
1.300, 1.423, 1.883
1.300, 1.414, 1.866
1.300, 1.401, 1.850
1.300, 1.391, 1.897
1.300, 1.378, 1.866
1.300, 1.368, 1.899
1.300, 1.355, 1.869
1.300, 1.344, 1.902
1.300, 1.331, 1.889
1.300, 1.318, 1.908
1.300, 1.307, 1.912
1.300, 1.295, 1.900
1.300, 1.284, 1.904
1.300, 1.272, 1.909
1.300, 1.262, 1.914
1.300, 1.252, 1.904
1.300, 1.240, 1.909
1.300, 1.231, 1.931
1.300, 1.222, 1.906
1.300, 1.213, 1.912
1.300, 1.206, 1.919
1.300, 1.198, 1.894
1.300, 1.192, 1.916
1.300, 1.185, 1.891
1.300, 1.180, 1.913
1.300, 1.175, 1.889
1.300, 1.171, 1.911
1.300, 1.167, 1.886
1.300, 1.165, 1.908
1.300, 1.162, 1.867
1.300, 1.161, 1.905
1.300, 1.161, 1.879
1.300, 1.161, 1.869
1.300, 1.162, 1.875
1.300, 1.164, 1.864
1.300, 1.165, 1.853
1.300, 1.169, 1.873
1.300, 1.171, 1.846
1.300, 1.175, 1.865
1.300, 1.178, 1.853
1.300, 1.183, 1.857
1.300, 1.185, 1.844
1.300, 1.192, 1.878
1.300, 1.197, 1.818
1.300, 1.202, 1.852
1.300, 1.208, 1.838
1.300, 1.213, 1.839
1.300, 1.220, 1.856
1.300, 1.225, 1.826
1.300, 1.233, 1.842
1.300, 1.239, 1.811
1.300, 1.245, 1.842
1.300, 1.252, 1.842
1.300, 1.257, 1.826
1.300, 1.266, 1.841
1.300, 1.271, 1.809
1.300, 1.277, 1.839
1.300, 1.284, 1.838
1.300, 1.290, 1.820
1.300, 1.295, 1.834
1.300, 1.302, 1.832
1.300, 1.308, 1.814
1.300, 1.313, 1.827
1.300, 1.317, 1.841
1.300, 1.322, 1.838
1.300, 1.327, 1.836
1.300, 1.331, 1.833
1.300, 1.335, 1.831
1.300, 1.337, 1.843
1.300, 1.340, 1.857
1.300, 1.344, 1.838
1.300, 1.346, 1.836
1.300, 1.348, 1.848
1.300, 1.350, 1.846
1.300, 1.351, 1.859
1.300, 1.351, 1.857
1.300, 1.351, 1.870
1.300, 1.353, 1.868
1.300, 1.353, 1.835
1.300, 1.351, 1.863
1.300, 1.351, 1.893
1.300, 1.350, 1.860
1.300, 1.348, 1.874
1.300, 1.346, 1.873
1.300, 1.345, 1.887
1.300, 1.344, 1.871
1.300, 1.340, 1.869
1.300, 1.339, 1.900
1.300, 1.336, 1.868
1.300, 1.335, 1.899
1.300, 1.331, 1.867
1.300, 1.330, 1.898
1.300, 1.327, 1.866
1.300, 1.323, 1.897
1.300, 1.322, 1.898
1.300, 1.321, 1.867
1.300, 1.317, 1.866
1.300, 1.314, 1.898
1.300, 1.313, 1.898
1.300, 1.309, 1.867
1.300, 1.308, 1.899
1.300, 1.305, 1.868
1.300, 1.304, 1.900
1.300, 1.302, 1.870
1.300, 1.300, 1.870
1.300, 1.299, 1.886
1.300, 1.298, 1.871
1.300, 1.295, 1.872
1.300, 1.294, 1.888
1.300, 1.294, 1.873
1.300, 1.291, 1.858
1.300, 1.291, 1.906
1.300, 1.290, 1.860
1.300, 1.290, 1.876
1.300, 1.289, 1.861
1.300, 1.289, 1.877
1.300, 1.286, 1.862
1.300, 1.286, 1.895
1.300, 1.286, 1.864
1.300, 1.285, 1.865
1.300, 1.285, 1.881
1.300, 1.285, 1.866
1.300, 1.284, 1.867
1.300, 1.284, 1.883
1.300, 1.282, 1.869
1.300, 1.282, 1.901
1.300, 1.280, 1.871
1.300, 1.280, 1.887
1.300, 1.279, 1.873
1.300, 1.277, 1.889
1.300, 1.277, 1.906
1.300, 1.277, 1.876
1.300, 1.277, 1.877
1.300, 1.277, 1.878
1.300, 1.277, 1.879
1.300, 1.279, 1.880
1.300, 1.279, 1.849
1.300, 1.280, 1.881
1.300, 1.282, 1.865
1.300, 1.282, 1.866
1.300, 1.284, 1.882
1.300, 1.285, 1.851
1.300, 1.286, 1.866
1.300, 1.289, 1.867
1.300, 1.289, 1.851
1.300, 1.290, 1.882
1.300, 1.290, 1.867
1.300, 1.290, 1.882
1.300, 1.291, 1.883
1.300, 1.290, 1.867
1.300, 1.291, 1.899
1.300, 1.290, 1.868
1.300, 1.290, 1.900
1.300, 1.290, 1.885
1.300, 1.290, 1.885
1.300, 1.290, 1.885
1.300, 1.289, 1.886
1.300, 1.289, 1.902
1.300, 1.289, 1.887
1.300, 1.289, 1.887
1.300, 1.289, 1.888
1.300, 1.289, 1.888
1.300, 1.289, 1.889
1.300, 1.289, 1.889
1.300, 1.289, 1.890
1.300, 1.290, 1.890
1.300, 1.290, 1.875
1.300, 1.290, 1.890
1.300, 1.291, 1.891
1.300, 1.293, 1.875
1.300, 1.293, 1.859
1.300, 1.294, 1.890
1.300, 1.294, 1.875
1.300, 1.295, 1.890
1.300, 1.298, 1.875
1.300, 1.298, 1.859
1.300, 1.299, 1.890
1.300, 1.300, 1.874
1.300, 1.302, 1.873
1.300, 1.302, 1.857
1.300, 1.304, 1.888
1.300, 1.304, 1.872
1.300, 1.305, 1.887
1.300, 1.307, 1.871
1.300, 1.307, 1.855
1.300, 1.308, 1.885
1.300, 1.308, 1.869
1.300, 1.308, 1.884
1.300, 1.309, 1.884
1.300, 1.309, 1.868
1.300, 1.312, 1.883
1.300, 1.312, 1.851
1.300, 1.313, 1.881
1.300, 1.313, 1.865
1.300, 1.314, 1.880
1.300, 1.314, 1.863
1.300, 1.314, 1.878
1.300, 1.316, 1.878
1.300, 1.316, 1.846
1.300, 1.316, 1.876
1.300, 1.316, 1.875
1.300, 1.316, 1.875
1.300, 1.316, 1.874
1.300, 1.316, 1.873
1.300, 1.316, 1.873
1.300, 1.316, 1.872
1.300, 1.316, 1.872
1.300, 1.316, 1.871
1.300, 1.316, 1.870
1.300, 1.316, 1.870
1.300, 1.314, 1.869
1.300, 1.314, 1.900
1.300, 1.314, 1.869
1.300, 1.314, 1.868
1.300, 1.314, 1.868
1.300, 1.313, 1.867
1.300, 1.313, 1.883
1.300, 1.313, 1.867
1.300, 1.313, 1.866
1.300, 1.312, 1.866
1.300, 1.312, 1.881
1.300, 1.309, 1.865
1.300, 1.309, 1.897
1.300, 1.308, 1.865
1.300, 1.307, 1.881
1.300, 1.305, 1.881
1.300, 1.305, 1.897
1.300, 1.304, 1.866
1.300, 1.302, 1.882
1.300, 1.302, 1.882
1.300, 1.302, 1.867
1.300, 1.300, 1.867
1.300, 1.300, 1.898
1.300, 1.299, 1.867
1.300, 1.299, 1.883
1.300, 1.299, 1.868
1.300, 1.298, 1.868
1.300, 1.298, 1.884
1.300, 1.298, 1.868
1.300, 1.298, 1.869
1.300, 1.298, 1.869
1.300, 1.295, 1.869
1.300, 1.295, 1.900
1.300, 1.295, 1.870
1.300, 1.295, 1.870
1.300, 1.295, 1.870
1.300, 1.298, 1.870
1.300, 1.298, 1.839
1.300, 1.298, 1.870
1.300, 1.298, 1.870
1.300, 1.298, 1.870
1.300, 1.298, 1.870
1.300, 1.295, 1.870
1.300, 1.295, 1.902
1.300, 1.295, 1.871
1.300, 1.295, 1.871
1.300, 1.295, 1.872
1.300, 1.294, 1.872
1.300, 1.294, 1.888
1.300, 1.294, 1.873
1.300, 1.294, 1.873
1.300, 1.293, 1.873
1.300, 1.293, 1.889
1.300, 1.293, 1.874
1.300, 1.291, 1.874
1.300, 1.291, 1.906
1.300, 1.290, 1.876
1.300, 1.289, 1.892
1.300, 1.289, 1.893
1.300, 1.286, 1.878
1.300, 1.285, 1.910
1.300, 1.285, 1.895
1.300, 1.284, 1.881
1.300, 1.282, 1.897
1.300, 1.280, 1.914
1.300, 1.279, 1.900
1.300, 1.277, 1.901
1.300, 1.277, 1.918
1.300, 1.276, 1.888
1.300, 1.276, 1.905
1.300, 1.276, 1.890
1.300, 1.276, 1.891
1.300, 1.276, 1.892
1.300, 1.276, 1.893
1.300, 1.276, 1.894
1.300, 1.277, 1.895
1.300, 1.277, 1.880
1.300, 1.279, 1.896
1.300, 1.279, 1.865
1.300, 1.280, 1.897
1.300, 1.282, 1.882
1.300, 1.284, 1.882
1.300, 1.285, 1.866
1.300, 1.286, 1.882
1.300, 1.289, 1.882
1.300, 1.290, 1.866
1.300, 1.291, 1.882
1.300, 1.293, 1.882
1.300, 1.294, 1.866
1.300, 1.295, 1.881
1.300, 1.295, 1.881
1.300, 1.298, 1.896
1.300, 1.299, 1.865
1.300, 1.300, 1.880
1.300, 1.302, 1.879
1.300, 1.302, 1.863
1.300, 1.304, 1.894
1.300, 1.304, 1.878
1.300, 1.305, 1.893
1.300, 1.305, 1.877
1.300, 1.307, 1.892
1.300, 1.307, 1.860
1.300, 1.308, 1.891
1.300, 1.308, 1.875
1.300, 1.308, 1.890
1.300, 1.308, 1.890
1.300, 1.308, 1.889
1.300, 1.309, 1.889
1.300, 1.309, 1.873
1.300, 1.309, 1.888
1.300, 1.309, 1.888
1.300, 1.309, 1.887
1.300, 1.309, 1.887
1.300, 1.312, 1.887
1.300, 1.312, 1.855
1.300, 1.313, 1.885
1.300, 1.313, 1.869
1.300, 1.313, 1.883
1.300, 1.313, 1.883
1.300, 1.314, 1.883
1.300, 1.314, 1.866
1.300, 1.314, 1.881
1.300, 1.314, 1.881
1.300, 1.316, 1.880
1.300, 1.316, 1.848
1.300, 1.316, 1.878
1.300, 1.314, 1.877
1.300, 1.314, 1.908
1.300, 1.314, 1.877
1.300, 1.313, 1.877
1.300, 1.313, 1.892
1.300, 1.312, 1.876
1.300, 1.312, 1.891
1.300, 1.309, 1.876
1.300, 1.309, 1.907
1.300, 1.308, 1.876
1.300, 1.308, 1.891
1.300, 1.307, 1.876
1.300, 1.307, 1.891
1.300, 1.307, 1.875
1.300, 1.307, 1.875
1.300, 1.307, 1.875
1.300, 1.307, 1.875
1.300, 1.307, 1.874
1.300, 1.307, 1.874
1.300, 1.308, 1.874
1.300, 1.308, 1.858
1.300, 1.309, 1.873
1.300, 1.309, 1.857
1.300, 1.312, 1.872
1.300, 1.312, 1.840
1.300, 1.312, 1.870
1.300, 1.313, 1.870
1.300, 1.313, 1.853
1.300, 1.313, 1.868
1.300, 1.313, 1.868
1.300, 1.313, 1.867
1.300, 1.312, 1.867
1.300, 1.312, 1.882
1.300, 1.312, 1.866
1.300, 1.309, 1.866
1.300, 1.308, 1.897
1.300, 1.307, 1.882
1.300, 1.305, 1.882
1.300, 1.304, 1.898
1.300, 1.300, 1.883
1.300, 1.299, 1.915
1.300, 1.295, 1.885
1.300, 1.293, 1.917
1.300, 1.290, 1.902
1.300, 1.286, 1.919
1.300, 1.285, 1.921
1.300, 1.282, 1.891
1.300, 1.279, 1.924
1.300, 1.277, 1.910
1.300, 1.275, 1.912
1.300, 1.272, 1.914
1.300, 1.272, 1.916
1.300, 1.271, 1.886
1.300, 1.270, 1.903
1.300, 1.270, 1.904
1.300, 1.270, 1.890
1.300, 1.270, 1.891
1.300, 1.271, 1.892
1.300, 1.271, 1.877
1.300, 1.272, 1.894
1.300, 1.272, 1.879
1.300, 1.275, 1.896
1.300, 1.276, 1.865
1.300, 1.276, 1.881
1.300, 1.277, 1.897
1.300, 1.279, 1.882
1.300, 1.280, 1.867
1.300, 1.282, 1.883
1.300, 1.282, 1.883
1.300, 1.284, 1.899
1.300, 1.285, 1.868
1.300, 1.286, 1.883
1.300, 1.286, 1.884
1.300, 1.289, 1.899
1.300, 1.290, 1.868
1.300, 1.290, 1.884
1.300, 1.291, 1.899
1.300, 1.291, 1.884
1.300, 1.293, 1.900
1.300, 1.293, 1.868
1.300, 1.294, 1.899
1.300, 1.294, 1.884
1.300, 1.295, 1.899
1.300, 1.295, 1.884
1.300, 1.295, 1.899
1.300, 1.298, 1.900
1.300, 1.298, 1.868
1.300, 1.298, 1.899
1.300, 1.298, 1.899
1.300, 1.299, 1.899
1.300, 1.299, 1.883
1.300, 1.299, 1.899
1.300, 1.300, 1.899
1.300, 1.300, 1.883
1.300, 1.302, 1.898
1.300, 1.302, 1.867
1.300, 1.302, 1.897
1.300, 1.304, 1.897
1.300, 1.304, 1.881
1.300, 1.305, 1.897
1.300, 1.307, 1.881
1.300, 1.308, 1.864
1.300, 1.309, 1.879
1.300, 1.312, 1.878
1.300, 1.313, 1.862
1.300, 1.314, 1.876
1.300, 1.316, 1.875
1.300, 1.317, 1.858
1.300, 1.318, 1.873
1.300, 1.321, 1.872
1.300, 1.322, 1.855
1.300, 1.323, 1.869
1.300, 1.325, 1.867
1.300, 1.327, 1.850
1.300, 1.328, 1.864
1.300, 1.330, 1.863
1.300, 1.331, 1.846
1.300, 1.331, 1.859
1.300, 1.331, 1.874
1.300, 1.332, 1.872
1.300, 1.332, 1.855
1.300, 1.331, 1.870
1.300, 1.331, 1.884
1.300, 1.330, 1.868
1.300, 1.328, 1.882
1.300, 1.327, 1.897
1.300, 1.325, 1.881
1.300, 1.323, 1.881
1.300, 1.321, 1.896
1.300, 1.318, 1.896
1.300, 1.316, 1.896
1.300, 1.314, 1.897
1.300, 1.312, 1.897
1.300, 1.308, 1.897
1.300, 1.305, 1.914
1.300, 1.304, 1.915
1.300, 1.300, 1.884
1.300, 1.298, 1.916
1.300, 1.294, 1.902
1.300, 1.291, 1.918
1.300, 1.289, 1.920
1.300, 1.286, 1.906
1.300, 1.284, 1.907
1.300, 1.280, 1.909
1.300, 1.277, 1.926
1.300, 1.276, 1.928
1.300, 1.272, 1.898
1.300, 1.271, 1.932
1.300, 1.268, 1.902
1.300, 1.267, 1.935
1.300, 1.266, 1.906
1.300, 1.263, 1.908
1.300, 1.262, 1.926
1.300, 1.261, 1.912
1.300, 1.261, 1.914
1.300, 1.259, 1.900
1.300, 1.259, 1.933
1.300, 1.259, 1.904
1.300, 1.259, 1.905
1.300, 1.259, 1.907
1.300, 1.259, 1.909
1.300, 1.261, 1.910
1.300, 1.262, 1.880
1.300, 1.263, 1.896
1.300, 1.266, 1.897
1.300, 1.268, 1.883
1.300, 1.270, 1.883
1.300, 1.272, 1.883
1.300, 1.276, 1.883
1.300, 1.277, 1.868
1.300, 1.280, 1.899
1.300, 1.284, 1.868
1.300, 1.286, 1.867
1.300, 1.290, 1.882
1.300, 1.293, 1.866
1.000, 1.295, 1.759
1.000, 1.300, 1.763
1.000, 1.302, 1.719
1.000, 1.305, 1.738
1.000, 1.307, 1.725
1.000, 1.308, 1.713
1.000, 1.309, 1.717
1.000, 1.309, 1.704
1.000, 1.309, 1.708
1.000, 1.308, 1.697
1.000, 1.305, 1.701
1.000, 1.300, 1.721
1.000, 1.295, 1.727
1.000, 1.290, 1.718
1.000, 1.284, 1.724
1.000, 1.275, 1.715
1.000, 1.266, 1.754
1.000, 1.256, 1.748
1.000, 1.244, 1.741
1.000, 1.231, 1.783
1.000, 1.220, 1.779
1.000, 1.206, 1.759
1.000, 1.190, 1.787
1.000, 1.176, 1.816
1.000, 1.160, 1.784
1.000, 1.144, 1.814
1.000, 1.129, 1.814
1.000, 1.111, 1.799
1.000, 1.096, 1.832
1.000, 1.079, 1.803
1.000, 1.064, 1.837
1.000, 1.050, 1.809
1.000, 1.035, 1.797
1.000, 1.023, 1.816
1.000, 1.009, 1.789
1.000, 0.996, 1.809
1.000, 0.986, 1.798
1.000, 0.976, 1.771
1.000, 0.966, 1.776
1.000, 0.958, 1.765
1.000, 0.953, 1.754
1.000, 0.946, 1.727
1.000, 0.940, 1.747
1.000, 0.936, 1.736
1.000, 0.934, 1.709
1.000, 0.932, 1.696
1.000, 0.931, 1.700
1.000, 0.931, 1.687
1.000, 0.931, 1.675
1.000, 0.931, 1.677
1.000, 0.932, 1.680
1.000, 0.934, 1.667
1.000, 0.935, 1.653
1.000, 0.939, 1.670
1.000, 0.940, 1.641
1.000, 0.943, 1.673
1.000, 0.945, 1.643
1.000, 0.948, 1.676
1.000, 0.949, 1.646
1.000, 0.953, 1.678
1.000, 0.954, 1.648
1.000, 0.955, 1.680
1.000, 0.957, 1.681
1.000, 0.958, 1.667
1.000, 0.960, 1.683
1.000, 0.962, 1.684
1.000, 0.962, 1.670
1.000, 0.962, 1.702
1.000, 0.962, 1.703
1.000, 0.962, 1.705
1.000, 0.962, 1.706
1.000, 0.962, 1.708
1.000, 0.960, 1.709
1.000, 0.960, 1.742
1.000, 0.960, 1.713
1.000, 0.960, 1.714
1.000, 0.960, 1.716
1.000, 0.960, 1.717
1.000, 0.960, 1.719
1.000, 0.960, 1.721
1.000, 0.960, 1.722
1.000, 0.962, 1.724
1.000, 0.962, 1.693
1.000, 0.962, 1.726
1.000, 0.963, 1.727
1.000, 0.964, 1.713
1.000, 0.964, 1.714
1.000, 0.964, 1.730
1.000, 0.966, 1.732
1.000, 0.968, 1.701
1.000, 0.968, 1.718
1.000, 0.969, 1.734
1.000, 0.971, 1.720
1.000, 0.971, 1.704
1.000, 0.972, 1.736
1.000, 0.973, 1.722
1.000, 0.976, 1.722
1.000, 0.976, 1.707
1.000, 0.977, 1.739
1.000, 0.978, 1.724
1.000, 0.981, 1.724
1.000, 0.983, 1.693
1.000, 0.985, 1.724
1.000, 0.987, 1.708
1.000, 0.991, 1.708
1.000, 0.992, 1.692
1.000, 0.995, 1.722
1.000, 0.996, 1.690
1.000, 1.000, 1.721
1.000, 1.003, 1.689
1.000, 1.006, 1.688
1.000, 1.008, 1.702
1.000, 1.010, 1.701
1.000, 1.014, 1.700
1.000, 1.015, 1.683
1.000, 1.018, 1.712
1.000, 1.019, 1.680
1.000, 1.022, 1.709
1.000, 1.024, 1.692
1.000, 1.026, 1.691
1.000, 1.026, 1.689
1.000, 1.027, 1.719
1.000, 1.029, 1.702
1.000, 1.029, 1.700
1.000, 1.029, 1.715
1.000, 1.029, 1.714
1.000, 1.029, 1.713
1.000, 1.029, 1.711
1.000, 1.027, 1.710
1.000, 1.026, 1.725
1.000, 1.026, 1.725
1.000, 1.024, 1.708
1.000, 1.023, 1.739
1.000, 1.022, 1.723
1.000, 1.019, 1.723
1.000, 1.018, 1.738
1.000, 1.017, 1.722
1.000, 1.014, 1.722
1.000, 1.012, 1.754
1.000, 1.010, 1.723
1.000, 1.009, 1.739
1.000, 1.008, 1.723
1.000, 1.006, 1.723
1.000, 1.004, 1.739
1.000, 1.003, 1.724
1.000, 1.003, 1.725
1.000, 1.001, 1.709
1.000, 1.000, 1.741
1.000, 1.000, 1.726
1.000, 0.999, 1.710
1.000, 0.999, 1.726
1.000, 0.999, 1.711
1.000, 0.999, 1.711
1.000, 0.999, 1.711
1.000, 0.999, 1.711
1.000, 0.999, 1.711
1.000, 0.999, 1.711
1.000, 0.999, 1.711
1.000, 0.999, 1.711
1.000, 0.999, 1.711
1.000, 1.000, 1.711
1.000, 1.000, 1.695
1.000, 1.000, 1.711
1.000, 1.000, 1.711
1.000, 1.001, 1.711
1.000, 1.001, 1.695
1.000, 1.003, 1.710
1.000, 1.004, 1.679
1.000, 1.006, 1.694
1.000, 1.008, 1.693
1.000, 1.008, 1.676
1.000, 1.009, 1.707
1.000, 1.009, 1.691
1.000, 1.010, 1.706
1.000, 1.012, 1.690
1.000, 1.014, 1.673
1.000, 1.014, 1.687
1.000, 1.015, 1.702
1.000, 1.015, 1.686
1.000, 1.017, 1.701
1.000, 1.017, 1.669
1.000, 1.018, 1.699
1.000, 1.018, 1.682
1.000, 1.018, 1.697
1.000, 1.019, 1.696
1.000, 1.019, 1.680
1.000, 1.018, 1.694
1.000, 1.018, 1.710
1.000, 1.018, 1.693
1.000, 1.017, 1.693
1.000, 1.017, 1.708
1.000, 1.015, 1.692
1.000, 1.014, 1.723
1.000, 1.012, 1.707
1.000, 1.009, 1.707
1.000, 1.008, 1.739
1.000, 1.006, 1.708
1.000, 1.003, 1.724
1.000, 1.000, 1.725
1.000, 0.996, 1.742
1.000, 0.995, 1.743
1.000, 0.992, 1.713
1.000, 0.991, 1.745
1.000, 0.987, 1.715
1.000, 0.985, 1.748
1.000, 0.983, 1.734
1.000, 0.980, 1.735
1.000, 0.978, 1.737
1.000, 0.976, 1.738
1.000, 0.976, 1.740
1.000, 0.973, 1.710
1.000, 0.972, 1.743
1.000, 0.971, 1.729
1.000, 0.971, 1.730
1.000, 0.969, 1.716
1.000, 0.969, 1.749
1.000, 0.969, 1.719
1.000, 0.969, 1.720
1.000, 0.969, 1.721
1.000, 0.971, 1.723
1.000, 0.971, 1.692
1.000, 0.972, 1.724
1.000, 0.973, 1.709
1.000, 0.976, 1.710
1.000, 0.976, 1.695
1.000, 0.977, 1.726
1.000, 0.978, 1.711
1.000, 0.980, 1.712
1.000, 0.981, 1.696
1.000, 0.981, 1.712
1.000, 0.983, 1.728
1.000, 0.985, 1.713
1.000, 0.985, 1.697
1.000, 0.986, 1.729
1.000, 0.986, 1.713
1.000, 0.987, 1.729
1.000, 0.987, 1.714
1.000, 0.987, 1.730
1.000, 0.989, 1.730
1.000, 0.989, 1.699
1.000, 0.989, 1.730
1.000, 0.991, 1.731
1.000, 0.991, 1.715
1.000, 0.991, 1.731
1.000, 0.991, 1.731
1.000, 0.992, 1.732
1.000, 0.992, 1.716
1.000, 0.992, 1.732
1.000, 0.994, 1.732
1.000, 0.994, 1.701
1.000, 0.994, 1.732
1.000, 0.995, 1.732
1.000, 0.995, 1.717
1.000, 0.995, 1.732
1.000, 0.996, 1.732
1.000, 0.996, 1.717
1.000, 0.996, 1.732
1.000, 0.996, 1.732
1.000, 0.999, 1.732
1.000, 0.999, 1.701
1.000, 0.999, 1.732
1.000, 0.999, 1.732
1.000, 0.999, 1.732
1.000, 0.999, 1.732
1.000, 0.999, 1.732
1.000, 0.999, 1.732
1.000, 0.999, 1.732
1.000, 0.999, 1.732
1.000, 0.999, 1.732
1.000, 0.996, 1.732
1.000, 0.996, 1.764
1.000, 0.996, 1.733
1.000, 0.995, 1.733
1.000, 0.995, 1.749
1.000, 0.995, 1.734
1.000, 0.994, 1.734
1.000, 0.994, 1.750
1.000, 0.994, 1.735
1.000, 0.994, 1.735
1.000, 0.994, 1.736
1.000, 0.994, 1.736
1.000, 0.994, 1.736
1.000, 0.994, 1.736
1.000, 0.995, 1.737
1.000, 0.996, 1.721
1.000, 0.999, 1.721
1.000, 1.000, 1.705
1.000, 1.001, 1.720
1.000, 1.004, 1.719
1.000, 1.006, 1.687
1.000, 1.009, 1.717
1.000, 1.010, 1.685
1.000, 1.014, 1.715
1.000, 1.015, 1.682
1.000, 1.018, 1.712
1.000, 1.019, 1.679
1.000, 1.019, 1.709
1.000, 1.022, 1.724
1.000, 1.022, 1.691
1.000, 1.022, 1.721
1.000, 1.022, 1.720
1.000, 1.019, 1.720
1.000, 1.019, 1.751
1.000, 1.018, 1.719
1.000, 1.017, 1.734
1.000, 1.015, 1.734
1.000, 1.014, 1.750
1.000, 1.010, 1.734
1.000, 1.009, 1.766
1.000, 1.008, 1.735
1.000, 1.004, 1.735
1.000, 1.001, 1.767
1.000, 1.000, 1.768
1.000, 0.999, 1.738
1.000, 0.996, 1.738
1.000, 0.995, 1.755
1.000, 0.995, 1.740
1.000, 0.995, 1.725
1.000, 0.994, 1.725
1.000, 0.994, 1.741
1.000, 0.994, 1.726
1.000, 0.994, 1.726
1.000, 0.994, 1.726
1.000, 0.994, 1.726
1.000, 0.994, 1.726
1.000, 0.992, 1.727
1.000, 0.992, 1.759
1.000, 0.992, 1.728
1.000, 0.992, 1.728
1.000, 0.992, 1.729
1.000, 0.994, 1.729
1.000, 0.994, 1.698
1.000, 0.994, 1.729
1.000, 0.994, 1.729
1.000, 0.994, 1.729
1.000, 0.994, 1.729
1.000, 0.994, 1.730
1.000, 0.995, 1.730
1.000, 0.995, 1.714
1.000, 0.995, 1.730
1.000, 0.995, 1.730
1.000, 0.995, 1.730
1.000, 0.996, 1.730
1.000, 0.996, 1.715
1.000, 0.996, 1.730
1.000, 0.996, 1.730
1.000, 0.996, 1.730
1.000, 0.996, 1.731
1.000, 0.996, 1.731
1.000, 0.996, 1.731
1.000, 0.996, 1.731
1.000, 0.996, 1.731
1.000, 0.999, 1.731
1.000, 0.999, 1.700
1.000, 0.999, 1.731
1.000, 0.999, 1.731
1.000, 1.000, 1.731
1.000, 1.000, 1.715
1.000, 1.001, 1.730
1.000, 1.001, 1.714
1.000, 1.003, 1.730
1.000, 1.003, 1.698
1.000, 1.003, 1.729
1.000, 1.004, 1.729
1.000, 1.004, 1.713
1.000, 1.004, 1.728
1.000, 1.006, 1.728
1.000, 1.006, 1.712
1.000, 1.006, 1.727
1.000, 1.006, 1.727
1.000, 1.006, 1.727
1.000, 1.006, 1.726
1.000, 1.008, 1.726
1.000, 1.008, 1.694
1.000, 1.008, 1.725
1.000, 1.008, 1.724
1.000, 1.008, 1.724
1.000, 1.008, 1.724
1.000, 1.006, 1.724
1.000, 1.006, 1.755
1.000, 1.006, 1.724
1.000, 1.004, 1.724
1.000, 1.004, 1.739
1.000, 1.004, 1.724
1.000, 1.004, 1.724
1.000, 1.003, 1.723
1.000, 1.003, 1.739
1.000, 1.003, 1.724
1.000, 1.003, 1.723
1.000, 1.001, 1.723
1.000, 1.001, 1.755
1.000, 1.001, 1.724
1.000, 1.001, 1.724
1.000, 1.000, 1.724
1.000, 1.000, 1.740
1.000, 1.000, 1.724
1.000, 0.999, 1.724
1.000, 0.999, 1.740
1.000, 0.999, 1.725
1.000, 0.996, 1.725
1.000, 0.996, 1.757
1.000, 0.996, 1.726
1.000, 0.996, 1.726
1.000, 0.999, 1.726
1.000, 0.999, 1.695
1.000, 0.999, 1.726
1.000, 0.999, 1.726
1.000, 1.000, 1.726
1.000, 1.000, 1.710
1.000, 1.000, 1.725
1.000, 0.999, 1.725
1.000, 0.999, 1.741
1.000, 0.999, 1.726
1.000, 0.996, 1.726
1.000, 0.996, 1.758
1.000, 0.996, 1.727
1.000, 0.995, 1.727
1.000, 0.995, 1.743
1.000, 0.994, 1.728
1.000, 0.994, 1.744
1.000, 0.992, 1.729
1.000, 0.992, 1.761
1.000, 0.992, 1.730
1.000, 0.991, 1.731
1.000, 0.991, 1.747
1.000, 0.991, 1.732
1.000, 0.991, 1.732
1.000, 0.991, 1.732
1.000, 0.992, 1.733
1.000, 0.992, 1.717
1.000, 0.994, 1.733
1.000, 0.994, 1.702
1.000, 0.995, 1.733
1.000, 0.995, 1.717
1.000, 0.996, 1.733
1.000, 0.996, 1.717
1.000, 0.996, 1.732
1.000, 0.996, 1.733
1.000, 0.996, 1.733
1.000, 0.996, 1.733
1.000, 0.996, 1.733
1.000, 0.996, 1.733
1.000, 0.996, 1.733
1.000, 0.995, 1.733
1.000, 0.995, 1.749
1.000, 0.995, 1.734
1.000, 0.995, 1.734
1.000, 0.995, 1.735
1.000, 0.995, 1.735
1.000, 0.996, 1.735
1.000, 0.996, 1.719
1.000, 0.996, 1.735
1.000, 0.999, 1.735
1.000, 1.000, 1.703
1.000, 1.001, 1.718
1.000, 1.003, 1.718
1.000, 1.004, 1.702
1.000, 1.006, 1.716
1.000, 1.008, 1.716
1.000, 1.009, 1.699
1.000, 1.010, 1.714
1.000, 1.012, 1.713
1.000, 1.014, 1.697
1.000, 1.015, 1.711
1.000, 1.018, 1.710
1.000, 1.018, 1.677
1.000, 1.019, 1.723
1.000, 1.022, 1.706
1.000, 1.022, 1.689
1.000, 1.022, 1.719
1.000, 1.022, 1.718
1.000, 1.022, 1.718
1.000, 1.019, 1.717
1.000, 1.019, 1.748
1.000, 1.018, 1.716
1.000, 1.017, 1.731
1.000, 1.015, 1.731
1.000, 1.014, 1.747
1.000, 1.012, 1.731
1.000, 1.009, 1.731
1.000, 1.008, 1.763
1.000, 1.006, 1.732
1.000, 1.004, 1.748
1.000, 1.003, 1.733
1.000, 1.000, 1.733
1.000, 1.000, 1.765
1.000, 0.999, 1.719
1.000, 0.996, 1.735
1.000, 0.995, 1.751
1.000, 0.994, 1.736
1.000, 0.994, 1.737
1.000, 0.994, 1.722
1.000, 0.992, 1.722
1.000, 0.992, 1.754
1.000, 0.992, 1.724
1.000, 0.992, 1.724
1.000, 0.991, 1.724
1.000, 0.991, 1.740
1.000, 0.991, 1.725
1.000, 0.991, 1.726
1.000, 0.991, 1.726
1.000, 0.991, 1.726
1.000, 0.991, 1.727
1.000, 0.991, 1.727
1.000, 0.991, 1.727
1.000, 0.991, 1.728
1.000, 0.991, 1.728
1.000, 0.991, 1.729
1.000, 0.991, 1.729
1.000, 0.991, 1.729
1.000, 0.991, 1.730
1.000, 0.991, 1.730
1.000, 0.991, 1.730
1.000, 0.991, 1.731
1.000, 0.992, 1.731
1.000, 0.992, 1.716
1.000, 0.992, 1.731
1.000, 0.992, 1.732
1.000, 0.994, 1.732
1.000, 0.994, 1.701
1.000, 0.994, 1.732
1.000, 0.995, 1.732
1.000, 0.995, 1.716
1.000, 0.995, 1.732
1.000, 0.995, 1.732
1.000, 0.995, 1.732
1.000, 0.995, 1.732
1.000, 0.995, 1.732
1.000, 0.995, 1.733
1.000, 0.995, 1.733
1.000, 0.995, 1.733
1.000, 0.995, 1.733
1.000, 0.995, 1.733
1.000, 0.995, 1.734
1.000, 0.995, 1.734
1.000, 0.995, 1.734
1.000, 0.995, 1.734
1.000, 0.995, 1.734
1.000, 0.995, 1.734
1.000, 0.995, 1.735
1.000, 0.995, 1.735
1.000, 0.995, 1.735
1.000, 0.994, 1.735
1.000, 0.994, 1.751
1.000, 0.994, 1.736
1.000, 0.994, 1.736
1.000, 0.994, 1.736
1.000, 0.995, 1.737
1.000, 0.995, 1.721
1.000, 0.995, 1.737
1.000, 0.996, 1.737
1.000, 0.996, 1.721
1.000, 0.996, 1.737
1.000, 0.999, 1.737
1.000, 0.999, 1.705
1.000, 1.000, 1.736
1.000, 1.000, 1.720
1.000, 1.001, 1.736
1.000, 1.001, 1.720
1.000, 1.003, 1.735
1.000, 1.003, 1.704
1.000, 1.004, 1.734
1.000, 1.006, 1.718
1.000, 1.006, 1.718
1.000, 1.008, 1.733
1.000, 1.008, 1.701
1.000, 1.008, 1.731
1.000, 1.009, 1.731
1.000, 1.009, 1.715
1.000, 1.010, 1.730
1.000, 1.010, 1.714
1.000, 1.010, 1.729
1.000, 1.012, 1.728
1.000, 1.014, 1.696
1.000, 1.014, 1.711
1.000, 1.014, 1.726
1.000, 1.015, 1.725
1.000, 1.015, 1.709
1.000, 1.015, 1.724
1.000, 1.015, 1.723
1.000, 1.015, 1.723
1.000, 1.015, 1.722
1.000, 1.014, 1.722
1.000, 1.014, 1.737
1.000, 1.014, 1.721
1.000, 1.014, 1.720
1.000, 1.014, 1.720
1.000, 1.012, 1.719
1.000, 1.012, 1.735
1.000, 1.012, 1.719
1.000, 1.012, 1.718
1.000, 1.010, 1.718
1.000, 1.010, 1.749
1.000, 1.009, 1.718
1.000, 1.009, 1.733
1.000, 1.008, 1.718
1.000, 1.008, 1.733
1.000, 1.006, 1.718
1.000, 1.006, 1.749
1.000, 1.004, 1.718
0.350, 1.003, 1.505
0.350, 1.001, 1.480
0.350, 1.000, 1.472
0.350, 0.996, 1.433
0.350, 0.995, 1.440
0.350, 0.992, 1.386
0.350, 0.987, 1.394
0.350, 0.983, 1.387
0.350, 0.976, 1.365
0.350, 0.968, 1.374
0.350, 0.958, 1.369
0.350, 0.948, 1.365
0.350, 0.935, 1.361
0.350, 0.922, 1.375
0.350, 0.907, 1.373
0.350, 0.888, 1.373
0.350, 0.870, 1.406
0.350, 0.849, 1.393
0.350, 0.828, 1.412
0.350, 0.805, 1.401
0.350, 0.780, 1.423
0.350, 0.755, 1.446
0.350, 0.729, 1.440
0.350, 0.702, 1.435
0.350, 0.674, 1.462
0.350, 0.649, 1.460
0.350, 0.621, 1.426
0.350, 0.595, 1.457
0.350, 0.568, 1.441
0.350, 0.543, 1.443
0.350, 0.518, 1.429
0.350, 0.495, 1.431
0.350, 0.472, 1.403
0.350, 0.452, 1.407
0.350, 0.433, 1.364
0.350, 0.415, 1.368
0.350, 0.398, 1.340
0.350, 0.384, 1.345
0.350, 0.374, 1.302
0.350, 0.364, 1.259
0.350, 0.356, 1.262
0.350, 0.350, 1.234
0.350, 0.345, 1.205
0.350, 0.342, 1.191
0.350, 0.341, 1.178
0.350, 0.342, 1.148
0.350, 0.343, 1.117
0.350, 0.346, 1.117
0.350, 0.350, 1.085
0.350, 0.356, 1.084
0.350, 0.360, 1.051
0.350, 0.366, 1.064
0.350, 0.373, 1.046
0.350, 0.380, 1.027
0.350, 0.387, 1.024
0.350, 0.392, 1.020
0.350, 0.398, 1.032
0.350, 0.405, 1.028
0.350, 0.411, 1.008
0.350, 0.414, 1.019
0.350, 0.419, 1.046
0.350, 0.421, 1.027
0.350, 0.425, 1.054
0.350, 0.426, 1.034
0.350, 0.426, 1.062
0.350, 0.425, 1.075
0.350, 0.423, 1.087
0.350, 0.421, 1.085
0.350, 0.416, 1.099
0.350, 0.412, 1.129
0.350, 0.407, 1.128
0.350, 0.402, 1.127
0.350, 0.396, 1.143
0.350, 0.389, 1.143
0.350, 0.382, 1.159
0.350, 0.374, 1.161
0.350, 0.365, 1.178
0.350, 0.357, 1.196
0.350, 0.350, 1.183
0.350, 0.342, 1.170
0.350, 0.334, 1.189
0.350, 0.327, 1.192
0.350, 0.319, 1.180
0.350, 0.313, 1.200
0.350, 0.306, 1.172
0.350, 0.301, 1.192
0.350, 0.297, 1.164
0.350, 0.292, 1.168
0.350, 0.290, 1.172
0.350, 0.288, 1.144
0.350, 0.285, 1.147
0.350, 0.285, 1.151
0.350, 0.283, 1.122
0.350, 0.285, 1.156
0.350, 0.286, 1.096
0.350, 0.288, 1.114
0.350, 0.291, 1.116
0.350, 0.295, 1.086
0.350, 0.297, 1.087
0.350, 0.301, 1.103
0.350, 0.306, 1.073
0.350, 0.311, 1.073
0.350, 0.318, 1.073
0.350, 0.322, 1.041
0.350, 0.328, 1.071
0.350, 0.332, 1.054
0.350, 0.338, 1.069
0.350, 0.345, 1.052
0.350, 0.350, 1.034
0.350, 0.356, 1.063
0.350, 0.360, 1.046
0.350, 0.366, 1.059
0.350, 0.370, 1.041
0.350, 0.374, 1.054
0.350, 0.379, 1.067
0.350, 0.380, 1.049
0.350, 0.383, 1.094
0.350, 0.384, 1.061
0.350, 0.387, 1.090
0.350, 0.387, 1.072
0.350, 0.388, 1.102
0.350, 0.387, 1.084
0.350, 0.384, 1.114
0.350, 0.383, 1.129
0.350, 0.382, 1.113
0.350, 0.380, 1.112
0.350, 0.377, 1.127
0.350, 0.374, 1.127
0.350, 0.370, 1.143
0.350, 0.366, 1.143
0.350, 0.361, 1.159
0.350, 0.359, 1.161
0.350, 0.356, 1.130
0.350, 0.351, 1.147
0.350, 0.347, 1.164
0.350, 0.345, 1.150
0.350, 0.341, 1.135
0.350, 0.337, 1.168
0.350, 0.336, 1.154
0.350, 0.332, 1.124
0.350, 0.331, 1.157
0.350, 0.329, 1.127
0.350, 0.328, 1.144
0.350, 0.328, 1.130
0.350, 0.327, 1.116
0.350, 0.327, 1.132
0.350, 0.328, 1.118
0.350, 0.328, 1.103
0.350, 0.329, 1.119
0.350, 0.329, 1.104
0.350, 0.332, 1.120
0.350, 0.334, 1.074
0.350, 0.336, 1.105
0.350, 0.337, 1.089
0.350, 0.341, 1.104
0.350, 0.342, 1.073
0.350, 0.345, 1.103
0.350, 0.346, 1.072
0.350, 0.350, 1.102
0.350, 0.351, 1.070
0.350, 0.352, 1.101
0.350, 0.354, 1.100
0.350, 0.356, 1.084
0.350, 0.357, 1.098
0.350, 0.357, 1.098
0.350, 0.357, 1.113
0.350, 0.357, 1.113
0.350, 0.357, 1.112
0.350, 0.357, 1.112
0.350, 0.357, 1.112
0.350, 0.357, 1.112
0.350, 0.356, 1.111
0.350, 0.354, 1.127
0.350, 0.352, 1.127
0.350, 0.352, 1.143
0.350, 0.351, 1.113
0.350, 0.350, 1.128
0.350, 0.347, 1.129
0.350, 0.347, 1.145
0.350, 0.346, 1.114
0.350, 0.345, 1.130
0.350, 0.343, 1.131
0.350, 0.343, 1.147
0.350, 0.342, 1.117
0.350, 0.342, 1.133
0.350, 0.341, 1.118
0.350, 0.341, 1.134
0.350, 0.341, 1.119
0.350, 0.341, 1.119
0.350, 0.341, 1.120
0.350, 0.341, 1.120
0.350, 0.341, 1.120
0.350, 0.341, 1.121
0.350, 0.342, 1.121
0.350, 0.342, 1.106
0.350, 0.343, 1.121
0.350, 0.345, 1.106
0.350, 0.345, 1.090
0.350, 0.346, 1.121
0.350, 0.347, 1.105
0.350, 0.347, 1.105
0.350, 0.350, 1.120
0.350, 0.351, 1.089
0.350, 0.351, 1.104
0.350, 0.352, 1.119
0.350, 0.352, 1.103
0.350, 0.354, 1.118
0.350, 0.354, 1.087
0.350, 0.356, 1.117
0.350, 0.356, 1.101
0.350, 0.356, 1.116
0.350, 0.356, 1.116
0.350, 0.356, 1.116
0.350, 0.356, 1.116
0.350, 0.354, 1.116
0.350, 0.354, 1.131
0.350, 0.354, 1.116
0.350, 0.354, 1.116
0.350, 0.352, 1.115
0.350, 0.352, 1.147
0.350, 0.352, 1.116
0.350, 0.352, 1.116
0.350, 0.351, 1.116
0.350, 0.351, 1.132
0.350, 0.351, 1.116
0.350, 0.351, 1.116
0.350, 0.351, 1.116
0.350, 0.351, 1.116
0.350, 0.351, 1.116
0.350, 0.351, 1.116
0.350, 0.352, 1.116
0.350, 0.352, 1.100
0.350, 0.352, 1.115
0.350, 0.352, 1.115
0.350, 0.352, 1.115
0.350, 0.352, 1.115
0.350, 0.352, 1.115
0.350, 0.352, 1.115
0.350, 0.352, 1.115
0.350, 0.352, 1.115
0.350, 0.352, 1.115
0.350, 0.352, 1.115
0.350, 0.354, 1.115
0.350, 0.352, 1.083
0.350, 0.354, 1.145
0.350, 0.352, 1.083
0.350, 0.352, 1.145
0.350, 0.352, 1.114
0.350, 0.352, 1.114
0.350, 0.352, 1.114
0.350, 0.352, 1.114
0.350, 0.352, 1.114
0.350, 0.352, 1.114
0.350, 0.351, 1.114
0.350, 0.351, 1.129
0.350, 0.351, 1.114
0.350, 0.351, 1.114
0.350, 0.351, 1.114
0.350, 0.351, 1.114
0.350, 0.351, 1.114
0.350, 0.351, 1.114
0.350, 0.351, 1.114
0.350, 0.351, 1.114
0.350, 0.351, 1.114
0.350, 0.351, 1.114
0.350, 0.351, 1.114
0.350, 0.351, 1.114
0.350, 0.352, 1.114
0.350, 0.352, 1.098
0.350, 0.352, 1.113
0.350, 0.352, 1.113
0.350, 0.354, 1.113
0.350, 0.354, 1.081
0.350, 0.354, 1.112
0.350, 0.354, 1.112
0.350, 0.354, 1.111
0.350, 0.354, 1.111
0.350, 0.354, 1.111
0.350, 0.354, 1.111
0.350, 0.354, 1.111
0.350, 0.354, 1.111
0.350, 0.354, 1.110
0.350, 0.354, 1.110
0.350, 0.354, 1.110
0.350, 0.352, 1.110
0.350, 0.352, 1.141
0.350, 0.352, 1.111
0.350, 0.351, 1.111
0.350, 0.351, 1.126
0.350, 0.350, 1.111
0.350, 0.350, 1.127
0.350, 0.347, 1.111
0.350, 0.347, 1.143
0.350, 0.347, 1.112
0.350, 0.346, 1.112
0.350, 0.346, 1.128
0.350, 0.346, 1.113
0.350, 0.346, 1.113
0.350, 0.345, 1.113
0.350, 0.345, 1.129
0.350, 0.345, 1.114
0.350, 0.346, 1.114
0.350, 0.346, 1.099
0.350, 0.346, 1.114
0.350, 0.346, 1.114
0.350, 0.347, 1.114
0.350, 0.347, 1.099
0.350, 0.347, 1.114
0.350, 0.350, 1.114
0.350, 0.350, 1.083
0.350, 0.350, 1.114
0.350, 0.350, 1.114
0.350, 0.351, 1.114
0.350, 0.350, 1.098
0.350, 0.351, 1.129
0.350, 0.351, 1.098
0.350, 0.351, 1.113
0.350, 0.351, 1.113
0.350, 0.351, 1.113
0.350, 0.351, 1.113
0.350, 0.351, 1.113
0.350, 0.351, 1.113
0.350, 0.351, 1.113
0.350, 0.351, 1.113
0.350, 0.351, 1.113
0.350, 0.351, 1.113
0.350, 0.351, 1.113
0.350, 0.351, 1.113
0.350, 0.352, 1.113
0.350, 0.352, 1.097
0.350, 0.352, 1.112
0.350, 0.352, 1.112
0.350, 0.352, 1.112
0.350, 0.352, 1.112
0.350, 0.352, 1.112
0.350, 0.352, 1.112
0.350, 0.352, 1.112
0.350, 0.352, 1.112
0.350, 0.352, 1.111
0.350, 0.352, 1.111
0.350, 0.352, 1.111
0.350, 0.352, 1.111
0.350, 0.352, 1.111
0.350, 0.352, 1.111
0.350, 0.352, 1.111
0.350, 0.354, 1.111
0.350, 0.354, 1.079
0.350, 0.354, 1.110
0.350, 0.354, 1.110
0.350, 0.354, 1.109
0.350, 0.354, 1.109
0.350, 0.354, 1.109
0.350, 0.354, 1.109
0.350, 0.352, 1.109
0.350, 0.352, 1.140
0.350, 0.352, 1.109
0.350, 0.351, 1.109
0.350, 0.351, 1.125
0.350, 0.351, 1.110
0.350, 0.350, 1.110
0.350, 0.350, 1.125
0.350, 0.347, 1.110
0.350, 0.347, 1.142
0.350, 0.347, 1.111
0.350, 0.347, 1.111
0.350, 0.346, 1.111
0.350, 0.346, 1.127
0.350, 0.346, 1.112
0.350, 0.346, 1.112
0.350, 0.346, 1.112
0.350, 0.346, 1.112
0.350, 0.346, 1.113
0.350, 0.346, 1.113
0.350, 0.346, 1.113
0.350, 0.346, 1.113
0.350, 0.347, 1.113
0.350, 0.347, 1.097
0.350, 0.347, 1.113
0.350, 0.350, 1.113
0.350, 0.350, 1.081
0.350, 0.351, 1.112
0.350, 0.351, 1.096
0.350, 0.352, 1.112
0.350, 0.352, 1.096
0.350, 0.352, 1.111
0.350, 0.354, 1.111
0.350, 0.354, 1.079
0.350, 0.354, 1.110
0.350, 0.354, 1.110
0.350, 0.354, 1.110
0.350, 0.354, 1.109
0.350, 0.352, 1.109
0.350, 0.352, 1.141
0.350, 0.352, 1.110
0.350, 0.351, 1.110
0.350, 0.350, 1.126
0.350, 0.350, 1.126
0.350, 0.347, 1.111
0.350, 0.347, 1.142
0.350, 0.346, 1.112
0.350, 0.346, 1.128
0.350, 0.345, 1.112
0.350, 0.345, 1.128
0.350, 0.343, 1.113
0.350, 0.343, 1.145
0.350, 0.343, 1.114
0.350, 0.343, 1.115
0.350, 0.343, 1.115
0.350, 0.343, 1.115
0.350, 0.343, 1.116
0.350, 0.343, 1.116
0.350, 0.345, 1.116
0.350, 0.345, 1.085
0.350, 0.346, 1.116
0.350, 0.346, 1.100
0.350, 0.347, 1.116
0.350, 0.347, 1.100
0.350, 0.350, 1.115
0.350, 0.350, 1.084
0.350, 0.351, 1.115
0.350, 0.351, 1.099
0.350, 0.352, 1.114
0.350, 0.352, 1.098
0.350, 0.354, 1.113
0.350, 0.354, 1.082
0.350, 0.354, 1.112
0.350, 0.354, 1.112
0.350, 0.356, 1.112
0.350, 0.356, 1.096
0.350, 0.354, 1.111
0.350, 0.354, 1.127
0.350, 0.354, 1.111
0.350, 0.354, 1.111
0.350, 0.354, 1.111
0.350, 0.354, 1.111
0.350, 0.352, 1.111
0.350, 0.352, 1.142
0.350, 0.351, 1.111
0.350, 0.351, 1.127
0.350, 0.351, 1.112
0.350, 0.350, 1.112
0.350, 0.350, 1.127
0.350, 0.347, 1.112
0.350, 0.347, 1.144
0.350, 0.347, 1.113
0.350, 0.347, 1.113
0.350, 0.347, 1.113
0.350, 0.347, 1.113
0.350, 0.347, 1.113
0.350, 0.347, 1.113
0.350, 0.347, 1.114
0.350, 0.347, 1.114
0.350, 0.347, 1.114
0.350, 0.347, 1.114
0.350, 0.347, 1.114
0.350, 0.350, 1.114
0.350, 0.350, 1.083
0.350, 0.351, 1.113
0.350, 0.351, 1.097
0.350, 0.351, 1.113
0.350, 0.352, 1.113
0.350, 0.352, 1.097
0.350, 0.352, 1.112
0.350, 0.352, 1.112
0.350, 0.352, 1.112
0.350, 0.352, 1.112
0.350, 0.354, 1.112
0.350, 0.352, 1.080
0.350, 0.354, 1.142
0.350, 0.352, 1.080
0.350, 0.352, 1.142
0.350, 0.352, 1.111
0.350, 0.352, 1.111
0.350, 0.352, 1.111
0.350, 0.352, 1.111
0.350, 0.351, 1.111
0.350, 0.351, 1.127
0.350, 0.351, 1.111
0.350, 0.350, 1.111
0.350, 0.350, 1.127
0.350, 0.350, 1.112
0.350, 0.350, 1.112
0.350, 0.350, 1.112
0.350, 0.347, 1.112
0.350, 0.347, 1.143
0.350, 0.347, 1.113
0.350, 0.347, 1.113
0.350, 0.347, 1.113
0.350, 0.350, 1.113
0.350, 0.350, 1.082
0.350, 0.350, 1.112
0.350, 0.350, 1.112
0.350, 0.350, 1.112
0.350, 0.350, 1.112
0.350, 0.351, 1.112
0.350, 0.351, 1.097
0.350, 0.351, 1.112
0.350, 0.351, 1.112
0.350, 0.351, 1.112
0.350, 0.351, 1.112
0.350, 0.352, 1.112
0.350, 0.352, 1.096
0.350, 0.352, 1.111
0.350, 0.352, 1.111
0.350, 0.351, 1.111
0.350, 0.351, 1.127
0.350, 0.351, 1.111
0.350, 0.351, 1.111
0.350, 0.351, 1.111
0.350, 0.351, 1.111
0.350, 0.351, 1.111
0.350, 0.350, 1.111
0.350, 0.350, 1.127
0.350, 0.350, 1.112
0.350, 0.350, 1.112
0.350, 0.350, 1.112
0.350, 0.347, 1.112
0.350, 0.347, 1.143
0.350, 0.347, 1.113
0.350, 0.350, 1.113
0.350, 0.350, 1.081
0.350, 0.350, 1.112
0.350, 0.350, 1.112
0.350, 0.350, 1.112
0.350, 0.350, 1.112
0.350, 0.350, 1.112
0.350, 0.350, 1.112
0.350, 0.351, 1.112
0.350, 0.351, 1.096
0.350, 0.351, 1.112
0.350, 0.351, 1.111
0.350, 0.351, 1.111
0.350, 0.351, 1.111
0.350, 0.352, 1.111
0.350, 0.352, 1.096
0.350, 0.352, 1.111
0.350, 0.352, 1.111
0.350, 0.352, 1.111
0.350, 0.352, 1.111
0.350, 0.352, 1.111
0.350, 0.352, 1.110
0.350, 0.351, 1.110
0.350, 0.351, 1.126
0.350, 0.351, 1.111
0.350, 0.351, 1.111
0.350, 0.350, 1.111
0.350, 0.350, 1.126
0.350, 0.350, 1.111
0.350, 0.347, 1.111
0.350, 0.347, 1.143
0.350, 0.347, 1.112
0.350, 0.347, 1.112
0.350, 0.347, 1.112
0.350, 0.346, 1.112
0.350, 0.346, 1.128
0.350, 0.346, 1.113
0.350, 0.346, 1.113
0.350, 0.346, 1.113
0.350, 0.346, 1.113
0.350, 0.346, 1.114
0.350, 0.346, 1.114
0.350, 0.346, 1.114
0.350, 0.347, 1.114
0.350, 0.347, 1.098
0.350, 0.347, 1.114
0.350, 0.347, 1.114
0.350, 0.347, 1.114
0.350, 0.350, 1.114
0.350, 0.350, 1.083
0.350, 0.350, 1.113
0.350, 0.350, 1.113
0.350, 0.350, 1.113
0.350, 0.350, 1.113
0.350, 0.350, 1.113
0.350, 0.350, 1.113
0.350, 0.350, 1.113
0.350, 0.350, 1.113
0.350, 0.350, 1.113
0.350, 0.350, 1.113
0.350, 0.350, 1.113
0.350, 0.350, 1.113
0.350, 0.347, 1.113
0.350, 0.347, 1.145
0.350, 0.347, 1.114
0.350, 0.347, 1.115
0.350, 0.347, 1.115
0.350, 0.347, 1.115
0.350, 0.347, 1.115
0.350, 0.347, 1.115
0.350, 0.347, 1.115
0.350, 0.347, 1.115
0.350, 0.347, 1.115
0.350, 0.347, 1.115
0.350, 0.347, 1.115
0.350, 0.347, 1.115
0.350, 0.347, 1.116
0.350, 0.347, 1.116
0.350, 0.347, 1.116
0.350, 0.347, 1.116
0.350, 0.347, 1.116
0.800, 0.350, 1.275
0.800, 0.350, 1.260
0.800, 0.350, 1.308
0.800, 0.350, 1.325
0.800, 0.351, 1.341
0.800, 0.352, 1.343
0.800, 0.354, 1.359
0.800, 0.356, 1.360
0.800, 0.359, 1.391
0.800, 0.361, 1.376
0.800, 0.365, 1.407
0.800, 0.370, 1.407
0.800, 0.375, 1.390
0.800, 0.382, 1.420
0.800, 0.389, 1.402
0.800, 0.397, 1.415
0.800, 0.406, 1.412
0.800, 0.415, 1.408
0.800, 0.426, 1.420
0.800, 0.437, 1.415
0.800, 0.449, 1.409
0.800, 0.462, 1.418
0.800, 0.476, 1.395
0.800, 0.490, 1.402
0.800, 0.506, 1.409
0.800, 0.521, 1.384
0.800, 0.535, 1.404
0.800, 0.552, 1.425
0.800, 0.567, 1.382
0.800, 0.582, 1.416
0.800, 0.598, 1.419
0.800, 0.612, 1.406
0.800, 0.627, 1.439
0.800, 0.641, 1.425
0.800, 0.655, 1.441
0.800, 0.668, 1.442
0.800, 0.681, 1.442
0.800, 0.695, 1.457
0.800, 0.705, 1.441
0.800, 0.716, 1.487
0.800, 0.727, 1.486
0.800, 0.737, 1.470
0.800, 0.747, 1.484
0.800, 0.755, 1.498
0.800, 0.762, 1.512
0.800, 0.769, 1.527
0.800, 0.774, 1.525
0.800, 0.779, 1.540
0.800, 0.783, 1.554
0.800, 0.788, 1.553
0.800, 0.792, 1.552
0.800, 0.794, 1.567
0.800, 0.796, 1.581
0.800, 0.797, 1.581
0.800, 0.798, 1.596
0.800, 0.798, 1.595
0.800, 0.801, 1.611
0.800, 0.801, 1.579
0.800, 0.798, 1.610
0.800, 0.801, 1.642
0.800, 0.798, 1.579
0.800, 0.798, 1.642
0.800, 0.798, 1.611
0.800, 0.798, 1.611
0.800, 0.798, 1.611
0.800, 0.798, 1.611
0.800, 0.798, 1.611
0.800, 0.798, 1.611
0.800, 0.801, 1.611
0.800, 0.801, 1.580
0.800, 0.802, 1.610
0.800, 0.803, 1.595
0.800, 0.805, 1.594
0.800, 0.806, 1.578
0.800, 0.808, 1.592
0.800, 0.810, 1.592
0.800, 0.811, 1.575
0.800, 0.812, 1.590
0.800, 0.815, 1.589
0.800, 0.816, 1.572
0.800, 0.819, 1.587
0.800, 0.819, 1.554
0.800, 0.821, 1.599
0.800, 0.821, 1.567
0.800, 0.824, 1.597
0.800, 0.825, 1.564
0.800, 0.825, 1.578
0.800, 0.826, 1.593
0.800, 0.826, 1.576
0.800, 0.826, 1.590
0.800, 0.826, 1.589
0.800, 0.826, 1.589
0.800, 0.826, 1.588
0.800, 0.825, 1.587
0.800, 0.825, 1.601
0.800, 0.824, 1.585
0.800, 0.821, 1.600
0.800, 0.820, 1.615
0.800, 0.820, 1.600
0.800, 0.817, 1.583
0.800, 0.816, 1.630
0.800, 0.815, 1.599
0.800, 0.812, 1.599
0.800, 0.811, 1.615
0.800, 0.810, 1.599
0.800, 0.808, 1.599
0.800, 0.806, 1.615
0.800, 0.805, 1.600
0.800, 0.802, 1.600
0.800, 0.802, 1.632
0.800, 0.801, 1.586
0.800, 0.798, 1.602
0.800, 0.797, 1.618
0.800, 0.797, 1.603
0.800, 0.796, 1.588
0.800, 0.796, 1.604
0.800, 0.796, 1.589
0.800, 0.796, 1.589
0.800, 0.797, 1.589
0.800, 0.797, 1.573
0.800, 0.798, 1.589
0.800, 0.798, 1.573
0.800, 0.801, 1.588
0.800, 0.801, 1.557
0.800, 0.802, 1.588
0.800, 0.802, 1.572
0.800, 0.803, 1.587
0.800, 0.803, 1.571
0.800, 0.803, 1.586
0.800, 0.805, 1.586
0.800, 0.805, 1.554
0.800, 0.805, 1.585
0.800, 0.806, 1.585
0.800, 0.806, 1.569
0.800, 0.805, 1.584
0.800, 0.805, 1.600
0.800, 0.805, 1.584
0.800, 0.805, 1.584
0.800, 0.805, 1.584
0.800, 0.805, 1.583
0.800, 0.803, 1.583
0.800, 0.803, 1.615
0.800, 0.803, 1.584
0.800, 0.802, 1.584
0.800, 0.802, 1.599
0.800, 0.802, 1.584
0.800, 0.802, 1.584
0.800, 0.802, 1.584
0.800, 0.802, 1.584
0.800, 0.802, 1.584
0.800, 0.802, 1.584
0.800, 0.803, 1.583
0.800, 0.803, 1.568
0.800, 0.803, 1.583
0.800, 0.803, 1.583
0.800, 0.803, 1.583
0.800, 0.803, 1.582
0.800, 0.805, 1.582
0.800, 0.805, 1.551
0.800, 0.805, 1.581
0.800, 0.805, 1.581
0.800, 0.805, 1.581
0.800, 0.805, 1.581
0.800, 0.803, 1.580
0.800, 0.803, 1.612
0.800, 0.803, 1.581
0.800, 0.803, 1.581
0.800, 0.803, 1.581
0.800, 0.802, 1.581
0.800, 0.802, 1.596
0.800, 0.801, 1.581
0.800, 0.801, 1.597
0.800, 0.798, 1.581
0.800, 0.798, 1.613
0.800, 0.798, 1.582
0.800, 0.797, 1.582
0.800, 0.797, 1.598
0.800, 0.797, 1.583
0.800, 0.796, 1.583
0.800, 0.796, 1.599
0.800, 0.796, 1.584
0.800, 0.796, 1.584
0.800, 0.796, 1.584
0.800, 0.796, 1.584
0.800, 0.796, 1.584
0.800, 0.796, 1.584
0.800, 0.796, 1.584
0.800, 0.794, 1.585
0.800, 0.796, 1.616
0.800, 0.796, 1.554
0.800, 0.796, 1.585
0.800, 0.796, 1.585
0.800, 0.796, 1.585
0.800, 0.796, 1.586
0.800, 0.796, 1.586
0.800, 0.796, 1.586
0.800, 0.796, 1.586
0.800, 0.796, 1.586
0.800, 0.796, 1.586
0.800, 0.796, 1.586
0.800, 0.796, 1.587
0.800, 0.796, 1.587
0.800, 0.796, 1.587
0.800, 0.794, 1.587
0.800, 0.794, 1.619
0.800, 0.794, 1.588
0.800, 0.794, 1.589
0.800, 0.793, 1.589
0.800, 0.793, 1.605
0.800, 0.792, 1.590
0.800, 0.793, 1.606
0.800, 0.792, 1.575
0.800, 0.792, 1.606
0.800, 0.792, 1.591
0.800, 0.792, 1.592
0.800, 0.792, 1.592
0.800, 0.792, 1.592
0.800, 0.792, 1.593
0.800, 0.793, 1.593
0.800, 0.794, 1.577
0.800, 0.794, 1.577
0.800, 0.796, 1.593
0.800, 0.796, 1.561
0.800, 0.797, 1.592
0.800, 0.798, 1.577
0.800, 0.798, 1.576
0.800, 0.801, 1.592
0.800, 0.801, 1.560
0.800, 0.802, 1.591
0.800, 0.803, 1.575
0.800, 0.803, 1.575
0.800, 0.805, 1.590
0.800, 0.805, 1.558
0.800, 0.805, 1.589
0.800, 0.805, 1.588
0.800, 0.806, 1.588
0.800, 0.806, 1.572
0.800, 0.806, 1.587
0.800, 0.806, 1.587
0.800, 0.805, 1.587
0.800, 0.805, 1.602
0.800, 0.805, 1.587
0.800, 0.805, 1.587
0.800, 0.803, 1.586
0.800, 0.803, 1.618
0.800, 0.802, 1.587
0.800, 0.802, 1.603
0.800, 0.802, 1.587
0.800, 0.801, 1.587
0.800, 0.801, 1.603
0.800, 0.801, 1.588
0.800, 0.798, 1.587
0.800, 0.798, 1.619
0.800, 0.798, 1.588
0.800, 0.797, 1.588
0.800, 0.797, 1.604
0.800, 0.797, 1.589
0.800, 0.796, 1.589
0.800, 0.796, 1.605
0.800, 0.796, 1.590
0.800, 0.796, 1.590
0.800, 0.794, 1.590
0.800, 0.794, 1.622
0.800, 0.794, 1.591
0.800, 0.794, 1.592
0.800, 0.793, 1.592
0.800, 0.794, 1.608
0.800, 0.793, 1.577
0.800, 0.793, 1.608
0.800, 0.794, 1.593
0.800, 0.796, 1.578
0.800, 0.796, 1.562
0.800, 0.796, 1.593
0.800, 0.797, 1.593
0.800, 0.798, 1.577
0.800, 0.801, 1.577
0.800, 0.801, 1.561
0.800, 0.802, 1.591
0.800, 0.803, 1.575
0.800, 0.803, 1.575
0.800, 0.805, 1.590
0.800, 0.805, 1.558
0.800, 0.806, 1.589
0.800, 0.806, 1.573
0.800, 0.808, 1.588
0.800, 0.808, 1.572
0.800, 0.808, 1.587
0.800, 0.808, 1.587
0.800, 0.808, 1.587
0.800, 0.808, 1.586
0.800, 0.806, 1.586
0.800, 0.806, 1.602
0.800, 0.805, 1.586
0.800, 0.805, 1.601
0.800, 0.803, 1.586
0.800, 0.802, 1.617
0.800, 0.801, 1.602
0.800, 0.798, 1.603
0.800, 0.797, 1.619
0.800, 0.796, 1.604
0.800, 0.794, 1.605
0.800, 0.793, 1.621
0.800, 0.793, 1.606
0.800, 0.792, 1.591
0.800, 0.792, 1.607
0.800, 0.792, 1.592
0.800, 0.793, 1.593
0.800, 0.793, 1.577
0.800, 0.794, 1.593
0.800, 0.794, 1.577
0.800, 0.796, 1.593
0.800, 0.797, 1.561
0.800, 0.797, 1.576
0.800, 0.798, 1.592
0.800, 0.801, 1.576
0.800, 0.802, 1.560
0.800, 0.802, 1.575
0.800, 0.803, 1.590
0.800, 0.803, 1.574
0.800, 0.805, 1.590
0.800, 0.805, 1.558
0.800, 0.805, 1.588
0.800, 0.805, 1.588
0.800, 0.805, 1.588
0.800, 0.805, 1.588
0.800, 0.805, 1.588
0.800, 0.805, 1.587
0.800, 0.805, 1.587
0.800, 0.805, 1.587
0.800, 0.803, 1.587
0.800, 0.803, 1.618
0.800, 0.802, 1.587
0.800, 0.801, 1.603
0.800, 0.798, 1.603
0.800, 0.798, 1.620
0.800, 0.797, 1.589
0.800, 0.796, 1.605
0.800, 0.794, 1.605
0.800, 0.793, 1.622
0.800, 0.793, 1.607
0.800, 0.792, 1.592
0.800, 0.792, 1.608
0.800, 0.792, 1.593
0.800, 0.792, 1.593
0.800, 0.792, 1.594
0.800, 0.792, 1.594
0.800, 0.793, 1.594
0.800, 0.793, 1.579
0.800, 0.794, 1.594
0.800, 0.796, 1.579
0.800, 0.797, 1.563
0.800, 0.798, 1.578
0.800, 0.801, 1.578
0.800, 0.802, 1.561
0.800, 0.803, 1.576
0.800, 0.805, 1.576
0.800, 0.806, 1.559
0.800, 0.808, 1.574
0.800, 0.810, 1.573
0.800, 0.811, 1.557
0.800, 0.811, 1.571
0.800, 0.811, 1.586
0.800, 0.812, 1.586
0.800, 0.812, 1.570
0.800, 0.811, 1.585
0.800, 0.811, 1.600
0.800, 0.811, 1.584
0.800, 0.810, 1.584
0.800, 0.808, 1.599
0.800, 0.808, 1.615
0.800, 0.806, 1.584
0.800, 0.806, 1.600
0.800, 0.805, 1.584
0.800, 0.805, 1.600
0.800, 0.805, 1.584
0.800, 0.805, 1.584
0.800, 0.803, 1.584
0.800, 0.803, 1.615
0.800, 0.803, 1.584
0.800, 0.802, 1.584
0.800, 0.802, 1.600
0.800, 0.801, 1.584
0.800, 0.801, 1.600
0.800, 0.801, 1.585
0.800, 0.798, 1.585
0.800, 0.798, 1.616
0.800, 0.798, 1.586
0.800, 0.798, 1.586
0.800, 0.797, 1.586
0.800, 0.797, 1.602
0.800, 0.797, 1.586
0.800, 0.797, 1.586
0.800, 0.797, 1.586
0.800, 0.796, 1.587
0.800, 0.796, 1.603
0.800, 0.796, 1.587
0.800, 0.796, 1.587
0.800, 0.796, 1.588
0.800, 0.794, 1.588
0.800, 0.794, 1.620
0.800, 0.794, 1.589
0.800, 0.794, 1.589
0.800, 0.794, 1.589
0.800, 0.794, 1.590
0.800, 0.794, 1.590
0.800, 0.794, 1.590
0.800, 0.794, 1.590
0.800, 0.794, 1.591
0.800, 0.794, 1.591
0.800, 0.794, 1.591
0.800, 0.794, 1.591
0.800, 0.796, 1.592
0.800, 0.796, 1.560
0.800, 0.796, 1.591
0.800, 0.796, 1.591
0.800, 0.796, 1.591
0.800, 0.797, 1.591
0.800, 0.797, 1.576
0.800, 0.797, 1.591
0.800, 0.798, 1.591
0.800, 0.798, 1.576
0.800, 0.798, 1.591
0.800, 0.798, 1.591
0.800, 0.801, 1.591
0.800, 0.801, 1.560
0.800, 0.802, 1.590
0.800, 0.802, 1.574
0.800, 0.803, 1.590
0.800, 0.803, 1.574
0.800, 0.805, 1.589
0.800, 0.805, 1.557
0.800, 0.806, 1.588
0.800, 0.806, 1.572
0.800, 0.806, 1.587
0.800, 0.808, 1.587
0.800, 0.808, 1.571
0.800, 0.808, 1.586
0.800, 0.810, 1.586
0.800, 0.810, 1.554
0.800, 0.810, 1.584
0.800, 0.808, 1.584
0.800, 0.808, 1.615
0.800, 0.808, 1.584
0.800, 0.808, 1.584
0.800, 0.806, 1.583
0.800, 0.806, 1.599
0.800, 0.805, 1.583
0.800, 0.805, 1.599
0.800, 0.805, 1.583
0.800, 0.803, 1.583
0.800, 0.803, 1.614
0.800, 0.802, 1.584
0.800, 0.802, 1.599
0.800, 0.801, 1.584
0.800, 0.801, 1.600
0.800, 0.801, 1.584
0.800, 0.798, 1.584
0.800, 0.798, 1.616
0.800, 0.798, 1.585
0.800, 0.798, 1.585
0.800, 0.797, 1.585
0.800, 0.797, 1.601
0.800, 0.797, 1.586
0.800, 0.797, 1.586
0.800, 0.798, 1.586
0.800, 0.798, 1.570
0.800, 0.798, 1.586
0.800, 0.801, 1.586
0.800, 0.801, 1.554
0.800, 0.802, 1.585
0.800, 0.802, 1.569
0.800, 0.802, 1.584
0.800, 0.803, 1.584
0.800, 0.803, 1.568
0.800, 0.803, 1.584
0.800, 0.803, 1.584
0.800, 0.803, 1.583
0.800, 0.803, 1.583
0.800, 0.802, 1.583
0.800, 0.802, 1.599
0.800, 0.802, 1.583
0.800, 0.801, 1.583
0.800, 0.801, 1.599
0.800, 0.801, 1.584
0.800, 0.798, 1.584
0.800, 0.798, 1.615
0.800, 0.798, 1.585
0.800, 0.797, 1.585
0.800, 0.797, 1.601
0.800, 0.797, 1.585
0.800, 0.797, 1.585
0.800, 0.797, 1.586
0.800, 0.797, 1.586
0.800, 0.797, 1.586
0.800, 0.797, 1.586
0.800, 0.797, 1.586
0.800, 0.797, 1.586
0.800, 0.797, 1.586
0.800, 0.797, 1.586
0.800, 0.797, 1.586
0.800, 0.797, 1.586
0.800, 0.797, 1.587
0.800, 0.797, 1.587
0.800, 0.796, 1.587
0.800, 0.796, 1.603
0.800, 0.794, 1.587
0.800, 0.794, 1.619
0.800, 0.793, 1.589
0.800, 0.793, 1.605
0.800, 0.793, 1.590
0.800, 0.792, 1.590
0.800, 0.792, 1.606
0.800, 0.793, 1.591
0.800, 0.792, 1.575
0.800, 0.792, 1.607
0.800, 0.793, 1.592
0.800, 0.793, 1.576
0.800, 0.794, 1.592
0.800, 0.794, 1.576
0.800, 0.796, 1.592
0.800, 0.796, 1.561
0.800, 0.797, 1.592
0.800, 0.797, 1.576
0.800, 0.797, 1.591
0.800, 0.798, 1.591
0.800, 0.798, 1.576
0.800, 0.801, 1.591
0.800, 0.801, 1.560
0.800, 0.802, 1.590
0.800, 0.802, 1.574
0.800, 0.802, 1.590
0.800, 0.802, 1.590
0.800, 0.801, 1.590
0.800, 0.801, 1.605
0.800, 0.801, 1.590
0.800, 0.801, 1.590
0.800, 0.801, 1.590
0.800, 0.798, 1.590
0.800, 0.798, 1.622
0.800, 0.798, 1.591
0.800, 0.798, 1.591
0.800, 0.798, 1.591
0.800, 0.797, 1.591
0.800, 0.797, 1.607
0.800, 0.797, 1.592
0.800, 0.797, 1.592
0.800, 0.796, 1.592
0.800, 0.796, 1.608
0.800, 0.796, 1.593
0.800, 0.794, 1.593
0.800, 0.794, 1.624
0.800, 0.794, 1.594
0.800, 0.793, 1.594
0.800, 0.793, 1.610
0.800, 0.793, 1.595
0.800, 0.793, 1.595
0.800, 0.793, 1.596
0.800, 0.793, 1.596
0.800, 0.794, 1.596
0.800, 0.794, 1.581
0.800, 0.794, 1.596
0.800, 0.794, 1.597
0.800, 0.796, 1.597
0.800, 0.796, 1.565
0.800, 0.796, 1.596
0.800, 0.797, 1.596
0.800, 0.797, 1.581
0.800, 0.797, 1.596
0.800, 0.798, 1.596
0.800, 0.798, 1.581
0.800, 0.798, 1.596
0.800, 0.801, 1.596
0.800, 0.801, 1.564
0.800, 0.801, 1.595
0.800, 0.801, 1.595
0.800, 0.801, 1.595
0.800, 0.801, 1.595
0.800, 0.801, 1.595
0.800, 0.798, 1.595
0.800, 0.798, 1.627
0.800, 0.798, 1.596
0.800, 0.798, 1.596
0.800, 0.798, 1.596
0.800, 0.798, 1.596
0.800, 0.798, 1.596
0.800, 0.797, 1.596
0.800, 0.797, 1.612
0.800, 0.797, 1.597
0.800, 0.797, 1.597
0.800, 0.798, 1.597
0.800, 0.798, 1.581
0.800, 0.798, 1.597
0.800, 0.798, 1.597
0.800, 0.801, 1.597
0.800, 0.801, 1.565
0.800, 0.802, 1.596
0.800, 0.802, 1.580
0.800, 0.803, 1.595
0.800, 0.805, 1.580
0.800, 0.805, 1.563
1.200, 0.806, 1.735
1.200, 0.806, 1.734
1.200, 0.808, 1.764
1.200, 0.810, 1.763
1.200, 0.811, 1.761
1.200, 0.812, 1.791
1.200, 0.816, 1.805
1.200, 0.819, 1.788
1.200, 0.821, 1.801
1.200, 0.826, 1.829
1.200, 0.833, 1.811
1.200, 0.839, 1.792
1.200, 0.844, 1.819
1.200, 0.853, 1.830
1.200, 0.862, 1.809
1.200, 0.871, 1.804
1.200, 0.881, 1.813
1.200, 0.894, 1.806
1.200, 0.907, 1.782
1.200, 0.918, 1.789
1.200, 0.934, 1.810
1.200, 0.948, 1.753
1.200, 0.963, 1.789
1.200, 0.978, 1.777
1.200, 0.995, 1.780
1.200, 1.010, 1.751
1.200, 1.029, 1.783
1.200, 1.046, 1.737
1.200, 1.063, 1.752
1.200, 1.078, 1.751
1.200, 1.095, 1.782
1.200, 1.111, 1.749
1.200, 1.130, 1.762
1.200, 1.146, 1.727
1.200, 1.161, 1.754
1.200, 1.178, 1.766
1.200, 1.193, 1.730
1.200, 1.207, 1.755
1.200, 1.222, 1.766
1.200, 1.236, 1.744
1.200, 1.247, 1.753
1.200, 1.259, 1.778
1.200, 1.270, 1.772
1.200, 1.280, 1.765
1.200, 1.291, 1.774
1.200, 1.300, 1.767
1.200, 1.308, 1.775
1.200, 1.314, 1.784
1.200, 1.322, 1.808
1.200, 1.327, 1.770
1.200, 1.332, 1.810
1.200, 1.337, 1.788
1.200, 1.340, 1.796
1.200, 1.344, 1.805
1.200, 1.345, 1.798
1.200, 1.346, 1.823
1.200, 1.348, 1.818
1.200, 1.348, 1.796
1.200, 1.346, 1.821
1.200, 1.346, 1.847
1.200, 1.345, 1.811
1.200, 1.341, 1.821
1.200, 1.339, 1.848
1.200, 1.336, 1.828
1.200, 1.332, 1.839
1.200, 1.328, 1.836
1.200, 1.323, 1.848
1.200, 1.318, 1.845
1.200, 1.313, 1.842
1.200, 1.307, 1.855
1.200, 1.302, 1.853
1.200, 1.294, 1.836
1.200, 1.289, 1.881
1.200, 1.280, 1.849
1.200, 1.275, 1.880
1.200, 1.267, 1.848
1.200, 1.259, 1.879
1.200, 1.253, 1.880
1.200, 1.245, 1.849
1.200, 1.238, 1.881
1.200, 1.230, 1.867
1.200, 1.224, 1.884
1.200, 1.216, 1.854
1.200, 1.210, 1.887
1.200, 1.202, 1.858
1.200, 1.197, 1.891
1.200, 1.190, 1.863
1.200, 1.183, 1.881
1.200, 1.176, 1.884
1.200, 1.171, 1.887
1.200, 1.165, 1.859
1.200, 1.161, 1.878
1.200, 1.156, 1.866
1.200, 1.152, 1.869
1.200, 1.147, 1.872
1.200, 1.144, 1.876
1.200, 1.142, 1.864
1.200, 1.139, 1.836
1.200, 1.138, 1.870
1.200, 1.138, 1.842
1.200, 1.137, 1.829
1.200, 1.137, 1.847
1.200, 1.137, 1.834
1.200, 1.137, 1.837
1.200, 1.138, 1.839
1.200, 1.138, 1.826
1.200, 1.139, 1.843
1.200, 1.141, 1.830
1.200, 1.142, 1.816
1.200, 1.144, 1.833
1.200, 1.146, 1.835
1.200, 1.147, 1.820
1.200, 1.148, 1.837
1.200, 1.152, 1.839
1.200, 1.153, 1.809
1.200, 1.155, 1.841
1.200, 1.157, 1.826
1.200, 1.160, 1.827
1.200, 1.161, 1.828
1.200, 1.162, 1.844
1.200, 1.164, 1.845
1.200, 1.165, 1.831
1.200, 1.167, 1.847
1.200, 1.169, 1.848
1.200, 1.170, 1.833
1.200, 1.171, 1.849
1.200, 1.173, 1.849
1.200, 1.175, 1.834
1.200, 1.176, 1.850
1.200, 1.178, 1.851
1.200, 1.179, 1.835
1.200, 1.179, 1.851
1.200, 1.180, 1.867
1.200, 1.183, 1.852
1.200, 1.183, 1.837
1.200, 1.184, 1.868
1.200, 1.184, 1.853
1.200, 1.185, 1.869
1.200, 1.187, 1.854
1.200, 1.187, 1.838
1.200, 1.188, 1.869
1.200, 1.190, 1.854
1.200, 1.190, 1.854
1.200, 1.192, 1.870
1.200, 1.193, 1.838
1.200, 1.193, 1.854
1.200, 1.194, 1.869
1.200, 1.194, 1.854
1.200, 1.197, 1.869
1.200, 1.198, 1.838
1.200, 1.199, 1.853
1.200, 1.199, 1.852
1.200, 1.201, 1.868
1.200, 1.202, 1.836
1.200, 1.203, 1.851
1.200, 1.206, 1.851
1.200, 1.207, 1.834
1.200, 1.208, 1.849
1.200, 1.210, 1.848
1.200, 1.213, 1.832
1.200, 1.215, 1.830
1.200, 1.216, 1.829
1.200, 1.217, 1.843
1.200, 1.220, 1.842
1.200, 1.221, 1.825
1.200, 1.222, 1.840
1.200, 1.224, 1.838
1.200, 1.224, 1.821
1.200, 1.225, 1.851
1.200, 1.226, 1.834
1.200, 1.226, 1.833
1.200, 1.229, 1.847
1.200, 1.229, 1.815
1.200, 1.229, 1.844
1.200, 1.230, 1.843
1.200, 1.230, 1.826
1.200, 1.229, 1.841
1.200, 1.229, 1.855
1.200, 1.226, 1.839
1.200, 1.226, 1.870
1.200, 1.225, 1.838
1.200, 1.225, 1.853
1.200, 1.224, 1.836
1.200, 1.222, 1.851
1.200, 1.221, 1.867
1.200, 1.217, 1.851
1.200, 1.216, 1.882
1.200, 1.215, 1.851
1.200, 1.211, 1.851
1.200, 1.208, 1.883
1.200, 1.206, 1.883
1.200, 1.203, 1.869
1.200, 1.201, 1.869
1.200, 1.199, 1.870
1.200, 1.197, 1.871
1.200, 1.194, 1.872
1.200, 1.193, 1.873
1.200, 1.192, 1.858
1.200, 1.190, 1.859
1.200, 1.188, 1.876
1.200, 1.188, 1.861
1.200, 1.187, 1.846
1.200, 1.187, 1.862
1.200, 1.187, 1.847
1.200, 1.187, 1.848
1.200, 1.187, 1.848
1.200, 1.187, 1.849
1.200, 1.187, 1.849
1.200, 1.188, 1.850
1.200, 1.188, 1.834
1.200, 1.188, 1.850
1.200, 1.190, 1.851
1.200, 1.190, 1.835
1.200, 1.190, 1.851
1.200, 1.190, 1.851
1.200, 1.192, 1.852
1.200, 1.192, 1.821
1.200, 1.192, 1.852
1.200, 1.192, 1.852
1.200, 1.192, 1.852
1.200, 1.192, 1.853
1.200, 1.193, 1.853
1.200, 1.193, 1.837
1.200, 1.193, 1.853
1.200, 1.193, 1.853
1.200, 1.193, 1.853
1.200, 1.193, 1.854
1.200, 1.193, 1.854
1.200, 1.193, 1.854
1.200, 1.193, 1.855
1.200, 1.193, 1.855
1.200, 1.193, 1.855
1.200, 1.193, 1.855
1.200, 1.193, 1.856
1.200, 1.194, 1.856
1.200, 1.194, 1.840
1.200, 1.197, 1.856
1.200, 1.197, 1.824
1.200, 1.198, 1.855
1.200, 1.198, 1.840
1.200, 1.199, 1.855
1.200, 1.201, 1.839
1.200, 1.201, 1.823
1.200, 1.202, 1.854
1.200, 1.202, 1.838
1.200, 1.203, 1.853
1.200, 1.203, 1.837
1.200, 1.203, 1.853
1.200, 1.203, 1.852
1.200, 1.206, 1.852
1.200, 1.206, 1.821
1.200, 1.206, 1.851
1.200, 1.206, 1.851
1.200, 1.203, 1.851
1.200, 1.203, 1.882
1.200, 1.203, 1.851
1.200, 1.203, 1.851
1.200, 1.203, 1.851
1.200, 1.203, 1.851
1.200, 1.203, 1.851
1.200, 1.203, 1.851
1.200, 1.203, 1.850
1.200, 1.203, 1.850
1.200, 1.203, 1.850
1.200, 1.203, 1.850
1.200, 1.203, 1.850
1.200, 1.203, 1.850
1.200, 1.206, 1.850
1.200, 1.206, 1.818
1.200, 1.207, 1.848
1.200, 1.207, 1.832
1.200, 1.208, 1.848
1.200, 1.208, 1.831
1.200, 1.210, 1.847
1.200, 1.211, 1.815
1.200, 1.211, 1.829
1.200, 1.213, 1.844
1.200, 1.215, 1.828
1.200, 1.215, 1.811
1.200, 1.216, 1.841
1.200, 1.216, 1.825
1.200, 1.217, 1.840
1.200, 1.220, 1.823
1.200, 1.221, 1.806
1.200, 1.221, 1.820
1.200, 1.221, 1.835
1.200, 1.222, 1.834
1.200, 1.222, 1.818
1.200, 1.224, 1.832
1.200, 1.222, 1.800
1.200, 1.224, 1.861
1.200, 1.222, 1.798
1.200, 1.222, 1.860
1.200, 1.222, 1.828
1.200, 1.221, 1.827
1.200, 1.221, 1.842
1.200, 1.220, 1.826
1.200, 1.217, 1.841
1.200, 1.217, 1.857
1.200, 1.216, 1.825
1.200, 1.215, 1.840
1.200, 1.215, 1.840
1.200, 1.213, 1.824
1.200, 1.211, 1.855
1.200, 1.210, 1.840
1.200, 1.208, 1.840
1.200, 1.207, 1.856
1.200, 1.206, 1.841
1.200, 1.203, 1.841
1.200, 1.203, 1.857
1.200, 1.201, 1.826
1.200, 1.201, 1.858
1.200, 1.199, 1.827
1.200, 1.197, 1.858
1.200, 1.194, 1.859
1.200, 1.193, 1.860
1.200, 1.193, 1.846
1.200, 1.192, 1.831
1.200, 1.190, 1.847
1.200, 1.188, 1.863
1.200, 1.187, 1.849
1.200, 1.185, 1.850
1.200, 1.185, 1.866
1.200, 1.185, 1.836
1.200, 1.185, 1.837
1.200, 1.185, 1.837
1.200, 1.185, 1.838
1.200, 1.185, 1.838
1.200, 1.187, 1.839
1.200, 1.188, 1.808
1.200, 1.188, 1.823
1.200, 1.190, 1.839
1.200, 1.192, 1.824
1.200, 1.192, 1.808
1.200, 1.193, 1.839
1.200, 1.194, 1.823
1.200, 1.194, 1.823
1.200, 1.194, 1.839
1.200, 1.197, 1.839
1.200, 1.197, 1.807
1.200, 1.197, 1.838
1.200, 1.197, 1.839
1.200, 1.198, 1.839
1.200, 1.198, 1.823
1.200, 1.198, 1.838
1.200, 1.197, 1.838
1.200, 1.197, 1.854
1.200, 1.197, 1.839
1.200, 1.197, 1.839
1.200, 1.197, 1.839
1.200, 1.197, 1.840
1.200, 1.197, 1.840
1.200, 1.197, 1.840
1.200, 1.198, 1.840
1.200, 1.198, 1.824
1.200, 1.198, 1.840
1.200, 1.199, 1.840
1.200, 1.199, 1.824
1.200, 1.201, 1.839
1.200, 1.201, 1.808
1.200, 1.202, 1.839
1.200, 1.203, 1.823
1.200, 1.206, 1.822
1.200, 1.207, 1.806
1.200, 1.208, 1.821
1.200, 1.210, 1.820
1.200, 1.211, 1.803
1.200, 1.211, 1.818
1.200, 1.213, 1.833
1.200, 1.215, 1.816
1.200, 1.215, 1.800
1.200, 1.215, 1.830
1.200, 1.215, 1.829
1.200, 1.215, 1.829
1.200, 1.215, 1.828
1.200, 1.213, 1.828
1.200, 1.213, 1.859
1.200, 1.211, 1.828
1.200, 1.211, 1.843
1.200, 1.210, 1.827
1.200, 1.210, 1.842
1.200, 1.208, 1.827
1.200, 1.207, 1.858
1.200, 1.207, 1.843
1.200, 1.206, 1.827
1.200, 1.206, 1.843
1.200, 1.203, 1.827
1.200, 1.203, 1.859
1.200, 1.202, 1.828
1.200, 1.202, 1.843
1.200, 1.202, 1.828
1.200, 1.201, 1.828
1.200, 1.201, 1.844
1.200, 1.201, 1.828
1.200, 1.201, 1.828
1.200, 1.201, 1.828
1.200, 1.201, 1.828
1.200, 1.201, 1.828
1.200, 1.199, 1.828
1.200, 1.199, 1.860
1.200, 1.199, 1.829
1.200, 1.199, 1.829
1.200, 1.199, 1.829
1.200, 1.198, 1.829
1.200, 1.198, 1.845
1.200, 1.198, 1.830
1.200, 1.198, 1.830
1.200, 1.198, 1.830
1.200, 1.199, 1.830
1.200, 1.199, 1.814
1.200, 1.199, 1.829
1.200, 1.201, 1.829
1.200, 1.201, 1.798
1.200, 1.202, 1.829
1.200, 1.203, 1.813
1.200, 1.203, 1.812
1.200, 1.206, 1.827
1.200, 1.207, 1.796
1.200, 1.208, 1.810
1.200, 1.210, 1.810
1.200, 1.211, 1.793
1.200, 1.213, 1.808
1.200, 1.213, 1.807
1.200, 1.215, 1.822
1.200, 1.215, 1.790
1.200, 1.215, 1.820
1.200, 1.215, 1.819
1.200, 1.215, 1.819
1.200, 1.213, 1.818
1.200, 1.213, 1.849
1.200, 1.213, 1.818
1.200, 1.211, 1.817
1.200, 1.210, 1.833
1.200, 1.208, 1.833
1.200, 1.207, 1.849
1.200, 1.206, 1.833
1.200, 1.202, 1.834
1.200, 1.201, 1.866
1.200, 1.199, 1.835
1.200, 1.197, 1.851
1.200, 1.193, 1.852
1.200, 1.192, 1.869
1.200, 1.188, 1.839
1.200, 1.185, 1.872
1.200, 1.183, 1.873
1.200, 1.180, 1.859
1.200, 1.178, 1.861
1.200, 1.175, 1.863
1.200, 1.173, 1.880
1.200, 1.170, 1.851
1.200, 1.167, 1.884
1.200, 1.164, 1.886
1.200, 1.162, 1.873
1.200, 1.161, 1.875
1.200, 1.160, 1.862
1.200, 1.157, 1.864
1.200, 1.157, 1.882
1.200, 1.157, 1.852
1.200, 1.157, 1.854
1.200, 1.157, 1.856
1.200, 1.160, 1.857
1.200, 1.161, 1.827
1.200, 1.162, 1.844
1.200, 1.164, 1.845
1.200, 1.165, 1.830
1.200, 1.169, 1.846
1.200, 1.171, 1.815
1.200, 1.173, 1.831
1.200, 1.176, 1.831
1.200, 1.179, 1.831
1.200, 1.183, 1.815
1.200, 1.185, 1.815
1.200, 1.190, 1.830
1.200, 1.193, 1.798
1.200, 1.197, 1.812
1.200, 1.199, 1.811
1.200, 1.202, 1.826
1.200, 1.206, 1.809
1.200, 1.208, 1.808
1.200, 1.211, 1.822
1.200, 1.215, 1.805
1.200, 1.216, 1.803
1.200, 1.220, 1.833
1.200, 1.221, 1.800
1.200, 1.224, 1.830
1.200, 1.225, 1.797
1.200, 1.226, 1.826
1.200, 1.226, 1.825
1.200, 1.229, 1.839
1.200, 1.230, 1.807
1.200, 1.230, 1.821
1.200, 1.231, 1.835
1.200, 1.231, 1.818
1.200, 1.231, 1.832
1.200, 1.231, 1.831
1.200, 1.231, 1.830
1.200, 1.231, 1.829
1.200, 1.230, 1.827
1.200, 1.230, 1.842
1.200, 1.229, 1.826
1.200, 1.229, 1.840
1.200, 1.226, 1.824
1.200, 1.225, 1.854
1.200, 1.224, 1.839
1.200, 1.222, 1.838
1.200, 1.221, 1.853
1.200, 1.220, 1.838
1.200, 1.217, 1.837
1.200, 1.216, 1.853
1.200, 1.215, 1.837
1.200, 1.211, 1.837
1.200, 1.210, 1.869
1.200, 1.208, 1.838
1.200, 1.207, 1.854
1.200, 1.203, 1.839
1.200, 1.203, 1.870
1.200, 1.201, 1.824
1.200, 1.199, 1.856
1.200, 1.198, 1.857
1.200, 1.197, 1.842
1.200, 1.194, 1.842
1.200, 1.193, 1.859
1.200, 1.193, 1.844
1.200, 1.193, 1.829
1.200, 1.193, 1.829
1.200, 1.192, 1.829
1.200, 1.192, 1.845
1.200, 1.192, 1.830
1.200, 1.192, 1.831
1.200, 1.192, 1.831
1.200, 1.192, 1.831
1.200, 1.193, 1.832
1.200, 1.193, 1.816
1.200, 1.193, 1.832
1.200, 1.193, 1.832
1.200, 1.193, 1.832
1.200, 1.193, 1.832
1.200, 1.193, 1.833
1.200, 1.194, 1.833
1.200, 1.193, 1.817
1.200, 1.193, 1.849
1.200, 1.193, 1.834
1.200, 1.193, 1.834
1.200, 1.193, 1.834
1.200, 1.193, 1.834
1.200, 1.193, 1.835
1.200, 1.193, 1.835
1.200, 1.192, 1.835
1.200, 1.192, 1.851
1.200, 1.192, 1.836
1.200, 1.190, 1.837
1.200, 1.190, 1.869
1.200, 1.190, 1.838
1.200, 1.190, 1.839
1.200, 1.190, 1.839
1.200, 1.190, 1.839
1.200, 1.190, 1.840
1.200, 1.192, 1.840
1.200, 1.192, 1.809
1.200, 1.193, 1.840
1.200, 1.194, 1.824
1.200, 1.194, 1.824
1.200, 1.197, 1.840
1.200, 1.198, 1.808
1.200, 1.199, 1.823
1.200, 1.202, 1.823
1.200, 1.203, 1.791
1.200, 1.206, 1.821
1.200, 1.207, 1.805
1.200, 1.208, 1.820
1.200, 1.210, 1.819
1.200, 1.211, 1.802
1.200, 1.211, 1.817
1.200, 1.213, 1.832
1.200, 1.213, 1.815
1.200, 1.213, 1.830
1.200, 1.213, 1.830
1.200, 1.213, 1.829
1.200, 1.213, 1.829
1.200, 1.213, 1.829
1.200, 1.211, 1.828
1.200, 1.211, 1.843
1.200, 1.210, 1.828
1.200, 1.210, 1.843
1.200, 1.208, 1.827
1.200, 1.208, 1.858
1.200, 1.207, 1.827
1.200, 1.206, 1.843
1.200, 1.206, 1.843
1.200, 1.203, 1.828
1.200, 1.202, 1.859
1.200, 1.201, 1.844
1.200, 1.201, 1.844
1.200, 1.199, 1.829
1.200, 1.198, 1.860
1.200, 1.197, 1.846
1.200, 1.197, 1.846
1.200, 1.194, 1.831
1.200, 1.194, 1.863
1.200, 1.193, 1.832
0.000, 1.193, 1.425