101.14 51.36
101.14 51.36
99.14 51.36
97.14 51.36
101.14 51.36
99.14 51.36
99.14 51.36
99.14 51.36
99.14 51.36
101.14 51.36
102.14 51.36
95.14 51.36
101.14 51.36
101.14 51.36
94.14 51.36
95.14 51.36
96.14 51.36
101.14 51.36
106.14 51.36
100.14 51.36
100.14 51.36
100.14 51.36
101.14 51.36
102.14 51.36
104.14 51.36
102.14 51.36
100.14 51.36
99.14 51.36
98.14 51.36
101.14 51.36
99.14 51.36
103.14 51.36
103.14 51.36
100.14 51.36
104.14 51.36
98.14 51.36
103.14 51.36
102.14 51.36
98.14 51.36
99.14 51.36
102.14 51.36
101.14 51.36
100.14 51.36
98.14 51.36
106.14 51.36
102.14 51.36
103.14 51.36
103.14 51.36
98.14 51.36
102.14 51.36
107.14 51.36
102.14 51.36
103.14 51.36
107.14 51.36
103.14 51.36
100.14 51.36
101.14 51.36
101.14 51.36
102.14 51.36
103.14 51.36
99.14 51.36
102.14 51.36
100.14 51.36
98.14 51.36
101.14 51.36
101.14 51.36
103.14 51.36
99.14 51.36
100.14 51.36
104.14 51.36
103.14 51.36
97.14 51.36
101.14 51.36
105.14 51.36
101.14 51.36
104.14 51.36
94.14 51.36
104.14 51.36
102.14 51.36
99.14 51.36
99.14 51.36
104.14 51.36
103.14 51.36
102.14 51.36
103.14 51.36
105.14 51.36
102.14 51.36
101.14 51.36
99.14 51.36
101.14 51.36
102.14 51.36
104.14 51.36
103.14 51.36
102.14 51.36
107.14 51.36
99.14 51.36
99.14 51.36
104.14 51.36
101.14 51.36
98.14 51.36
99.14 51.36
104.14 51.36
97.14 51.36
102.14 51.36
100.14 51.36
101.14 51.36
108.14 51.36
104.14 51.36
99.14 51.36
98.14 51.36
107.14 51.36
99.14 51.36
101.14 51.36
104.14 51.36
104.14 51.36
103.14 51.36
101.14 51.36
100.14 51.36
104.14 51.36
99.14 51.36
103.14 51.36
105.14 51.36
98.14 51.36
105.14 51.36
102.14 51.36
104.14 51.36
106.14 51.36
103.14 51.36
103.14 51.36
100.14 51.36
102.14 51.36
104.14 51.36
102.14 51.36
100.14 51.36
98.14 51.36
95.14 51.36
102.14 51.36
104.14 51.36
100.14 51.36
104.14 51.36
104.14 51.36
102.14 51.36
109.14 51.36
100.14 51.36
97.14 51.36
107.14 51.36
104.14 51.36
104.14 51.36
100.14 51.36
103.14 51.36
106.14 51.36
104.14 51.36
107.14 51.36
104.14 51.36
104.14 51.36
104.14 51.36
103.14 51.36
104.14 51.36
102.14 51.36
102.14 51.36
109.14 51.36
107.14 51.36
105.14 51.36
108.14 51.36
106.14 51.36
106.14 51.36
105.14 51.36
104.14 51.36
105.14 51.36
102.14 51.36
101.14 51.36
106.14 51.36
101.14 51.36
106.14 51.36
102.14 51.36
101.14 51.36
108.14 51.36
104.14 51.36
104.14 51.36
105.14 51.36
106.14 51.36
106.14 51.36
106.14 51.36
105.14 51.36
104.14 51.36
99.14 51.36
102.14 51.36
105.14 51.36
103.14 51.36
104.14 51.36
108.14 51.36
107.14 51.36
104.14 51.36
107.14 51.36
103.14 51.36
106.14 51.36
105.14 51.36
106.14 51.36
102.14 51.36
107.14 51.36
104.14 51.36
99.14 51.36
106.14 51.36
107.14 51.36
105.14 51.36
106.14 51.36
109.14 51.36
109.14 51.36
104.14 51.36
112.14 51.36
104.14 51.36
111.14 51.36
101.14 51.36
107.14 51.36
104.14 51.36
102.14 51.36
109.14 51.36
101.14 51.36
105.14 51.36
106.14 51.36
106.14 51.36
104.14 51.36
107.14 51.36
108.14 51.36
111.14 51.36
105.14 51.36
107.14 51.36
102.14 51.36
109.14 51.36
105.14 51.36
107.14 51.36
108.14 51.36
109.14 51.36
102.14 51.36
108.14 51.36
108.14 51.36
110.14 51.36
107.14 51.36
102.14 51.36
104.14 51.36
106.14 51.36
108.14 51.36
106.14 51.36
105.14 51.36
104.14 51.36
107.14 51.36
106.14 51.36
104.14 51.36
106.14 51.36
104.14 51.36
102.14 51.36
110.14 51.36
106.14 51.36
103.14 51.36
106.14 51.36
109.14 51.36
109.14 51.36
107.14 51.36
105.14 51.36
108.14 51.36
108.14 51.36
109.14 51.36
110.14 51.36
112.14 51.36
108.14 51.36
107.14 51.36
106.14 51.36
109.14 51.36
108.14 51.36
108.14 51.36
109.14 51.36
104.14 51.36
110.14 51.36
108.14 51.36
103.14 51.36
107.14 51.36
109.14 51.36
109.14 51.36
109.14 51.36
107.14 51.36
106.14 51.36
107.14 51.36
109.14 51.36
112.14 51.36
107.14 51.36
109.14 51.36
106.14 51.36
103.14 51.36
105.14 51.36
111.14 51.36
108.14 51.36
110.14 51.36
109.14 51.36
108.14 51.36
107.14 51.36
109.14 51.36
109.14 51.36
105.14 51.36
106.14 51.36
111.14 51.36
105.14 51.36
108.14 51.36
104.14 51.36
108.14 51.36
107.14 51.36
107.14 51.36
105.14 51.36
111.14 51.36
109.14 51.36
107.14 51.36
108.14 51.36
109.14 51.36
110.14 51.36
108.14 51.36
101.14 51.36
108.14 51.36
108.14 51.36
113.14 51.36
107.14 51.36
107.14 51.36
108.14 51.36
109.14 51.36
107.14 51.36
108.14 51.36
108.14 51.36
107.14 51.36
109.14 51.36
107.14 51.36
107.14 51.36
106.14 51.36
107.14 51.36
106.14 51.36
103.14 51.36
105.14 51.36
107.14 51.36
103.14 51.36
108.14 51.36
100.14 51.36
107.14 51.36
103.14 51.36
106.14 51.36
110.14 51.36
107.14 51.36
101.14 51.36
110.14 51.36
108.14 51.36
107.14 51.36
106.14 51.36
108.14 51.36
106.14 51.36
111.14 52.38
115.14 52.38
109.14 52.38
105.14 52.38
111.14 52.38
108.14 52.38
106.14 52.38
109.14 52.38
108.14 52.38
108.14 52.38
105.14 52.38
112.14 52.38
103.14 52.38
107.14 52.38
106.14 52.38
103.14 52.38
109.14 52.38
108.14 52.38
110.14 52.38
106.14 52.38
108.14 52.38
107.14 52.38
104.14 52.38
106.14 52.38
107.14 52.38
117.14 52.38
112.14 52.38
107.14 52.38
105.14 52.38
114.14 52.38
105.14 52.38
108.14 52.38
107.14 52.38
105.14 52.38
109.14 52.38
105.14 52.38
108.14 52.38
107.14 52.38
110.14 52.38
102.14 52.38
106.14 52.38
107.14 52.38
107.14 52.38
108.14 52.38
110.14 52.38
108.14 52.38
109.14 52.38
112.14 52.38
104.14 52.38
113.14 52.38
107.14 51.77
106.14 51.77
109.14 51.77
109.14 51.77
113.14 51.77
110.14 51.77
105.14 51.77
112.14 51.77
114.14 51.77
110.14 51.77
107.14 51.77
113.14 51.77
114.14 51.77
105.14 51.77
111.14 51.77
108.14 51.77
109.14 51.77
108.14 51.77
113.14 51.77
114.14 51.77
116.14 51.77
114.14 51.77
111.14 51.77
110.14 51.77
106.14 51.77
117.14 51.77
112.14 51.77
110.14 51.77
110.14 51.77
115.14 51.77
114.14 51.77
107.14 51.77
107.14 51.77
114.14 51.77
110.14 51.77
110.14 51.77
113.14 51.77
111.14 51.77
111.14 51.77
110.14 51.77
110.14 51.77
115.14 51.77
107.14 51.77
105.14 51.77
108.14 51.77
109.14 51.77
111.14 51.77
109.14 51.77
113.14 51.77
114.14 51.77
114.14 52.31
112.14 52.31
111.14 52.31
111.14 52.31
111.14 52.31
108.14 52.31
109.14 52.31
111.14 52.31
111.14 52.31
110.14 52.31
114.14 52.31
110.14 52.31
111.14 52.31
109.14 52.31
114.14 52.31
107.14 52.31
107.14 52.31
110.14 52.31
105.14 52.31
108.14 52.31
115.14 52.31
108.14 52.31
108.14 52.31
112.14 52.31
110.14 52.31
113.14 52.31
108.14 52.31
115.14 52.31
110.14 52.31
114.14 52.31
108.14 52.31
108.14 52.31
116.14 52.31
111.14 52.31
111.14 52.31
107.14 52.31
108.14 52.31
108.14 52.31
113.14 52.31
112.14 52.31
110.14 52.31
108.14 52.31
112.14 52.31
112.14 52.31
109.14 52.31
106.14 52.31
113.14 52.31
109.14 52.31
112.14 52.31
111.14 52.31
111.14 51.98
115.14 51.98
108.14 51.98
110.14 51.98
111.14 51.98
111.14 51.98
108.14 51.98
112.14 51.98
116.14 51.98
113.14 51.98
113.14 51.98
107.14 51.98
106.14 51.98
106.14 51.98
111.14 51.98
116.14 51.98
105.14 51.98
114.14 51.98
114.14 51.98
112.14 51.98
112.14 51.98
114.14 51.98
109.14 51.98
109.14 51.98
115.14 51.98
113.14 51.98
111.14 51.98
107.14 51.98
109.14 51.98
109.14 51.98
110.14 51.98
108.14 51.98
111.14 51.98
116.14 51.98
116.14 51.98
114.14 51.98
109.14 51.98
109.14 51.98
112.14 51.98
108.14 51.98
111.14 51.98
110.14 51.98
109.14 51.98
106.14 51.98
112.14 51.98
116.14 51.98
109.14 51.98
109.14 51.98
114.14 51.98
112.14 51.98
110.14 50.01
103.14 50.01
109.14 50.01
111.14 50.01
104.14 50.01
112.14 50.01
113.14 50.01
107.14 50.01
109.14 50.01
108.14 50.01
114.14 50.01
110.14 50.01
111.14 50.01
114.14 50.01
108.14 50.01
108.14 50.01
111.14 50.01
113.14 50.01
110.14 50.01
109.14 50.01
108.14 50.01
110.14 50.01
112.14 50.01
108.14 50.01
112.14 50.01
115.14 50.01
109.14 50.01
108.14 50.01
107.14 50.01
113.14 50.01
112.14 50.01
113.14 50.01
110.14 50.01
110.14 50.01
113.14 50.01
114.14 50.01
108.14 50.01
113.14 50.01
109.14 50.01
109.14 50.01
112.14 50.01
108.14 50.01
109.14 50.01
108.14 50.01
109.14 50.01
111.14 50.01
106.14 50.01
107.14 50.01
107.14 50.01
104.14 50.01
109.14 52.23
109.14 52.23
107.14 52.23
106.14 52.23
109.14 52.23
106.14 52.23
111.14 52.23
109.14 52.23
109.14 52.23
114.14 52.23
105.14 52.23
104.14 52.23
105.14 52.23
108.14 52.23
109.14 52.23
103.14 52.23
105.14 52.23
108.14 52.23
108.14 52.23
107.14 52.23
105.14 52.23
105.14 52.23
107.14 52.23
101.14 52.23
106.14 52.23
104.14 52.23
107.14 52.23
105.14 52.23
107.14 52.23
106.14 52.23
107.14 52.23
104.14 52.23
109.14 52.23
106.14 52.23
109.14 52.23
108.14 52.23
109.14 52.23
107.14 52.23
104.14 52.23
111.14 52.23
106.14 52.23
106.14 52.23
115.14 52.23
108.14 52.23
104.14 52.23
107.14 52.23
104.14 52.23
110.14 52.23
106.14 52.23
111.14 52.23
108.14 52.57
106.14 52.57
109.14 52.57
108.14 52.57
107.14 52.57
111.14 52.57
113.14 52.57
104.14 52.57
108.14 52.57
107.14 52.57
112.14 52.57
110.14 52.57
110.14 52.57
112.14 52.57
111.14 52.57
104.14 52.57
107.14 52.57
115.14 52.57
110.14 52.57
108.14 52.57
107.14 52.57
107.14 52.57
113.14 52.57
109.14 52.57
112.14 52.57
112.14 52.57
110.14 52.57
103.14 52.57
108.14 52.57
111.14 52.57
108.14 52.57
110.14 52.57
110.14 52.57
113.14 52.57
109.14 52.57
102.14 52.57
114.14 52.57
111.14 52.57
107.14 52.57
112.14 52.57
111.14 52.57
106.14 52.57
112.14 52.57
108.14 52.57
107.14 52.57
109.14 52.57
111.14 52.57
110.14 52.57
110.14 52.57
110.14 52.57
108.14 52.57
112.14 52.57
109.14 52.57
109.14 52.57
111.14 52.57
111.14 52.57
109.14 52.57
113.14 52.57
114.14 52.57
111.14 52.57
110.14 52.57
109.14 52.57
108.14 52.57
110.14 52.57
108.14 52.57
107.14 52.57
108.14 52.57
113.14 52.57
109.14 52.57
115.14 52.57
109.14 52.57
114.14 52.57
113.14 52.57
111.14 52.57
112.14 52.57
114.14 52.57
116.14 52.57
110.14 52.57
114.14 52.57
106.14 52.57
112.14 52.57
112.14 52.57
116.14 52.57
115.14 52.57
115.14 52.57
109.14 52.57
108.14 52.57
114.14 52.57
111.14 52.57
109.14 52.57
114.14 52.57
111.14 52.57
116.14 52.57
109.14 52.57
109.14 52.57
116.14 52.57
115.14 52.57
114.14 52.57
113.14 52.57
108.14 52.57
116.14 51.42
108.14 51.42
112.14 51.42
110.14 51.42
114.14 51.42
111.14 51.42
111.14 51.42
115.14 51.42
119.14 51.42
109.14 51.42
109.14 51.42
118.14 51.42
116.14 51.42
109.14 51.42
109.14 51.42
114.14 51.42
114.14 51.42
113.14 51.42
111.14 51.42
111.14 51.42
106.14 51.42
109.14 51.42
109.14 51.42
115.14 51.42
110.14 51.42
111.14 51.42
111.14 51.42
110.14 51.42
114.14 51.42
111.14 51.42
114.14 51.42
110.14 51.42
110.14 51.42
110.14 51.42
115.14 51.42
111.14 51.42
113.14 51.42
108.14 51.42
113.14 51.42
110.14 51.42
113.14 51.42
108.14 51.42
113.14 51.42
111.14 51.42
106.14 51.42
112.14 51.42
113.14 51.42
109.14 51.42
114.14 51.42
115.14 51.42
111.14 51.42
113.14 51.42
110.14 51.42
111.14 51.42
109.14 51.42
105.14 51.42
110.14 51.42
107.14 51.42
112.14 51.42
102.14 51.42
110.14 51.42
112.14 51.42
118.14 51.42
110.14 51.42
110.14 51.42
109.14 51.42
107.14 51.42
111.14 51.42
107.14 51.42
109.14 51.42
109.14 51.42
112.14 51.42
109.14 51.42
105.14 51.42
110.14 51.42
113.14 51.42
108.14 51.42
112.14 51.42
111.14 51.42
111.14 51.42
109.14 51.42
108.14 51.42
108.14 51.42
105.14 51.42
113.14 51.42
106.14 51.42
108.14 51.42
108.14 51.42
112.14 51.42
102.14 51.42
106.14 51.42
109.14 51.42
112.14 51.42
105.14 51.42
112.14 51.42
109.14 51.42
110.14 51.42
108.14 51.42
104.14 51.42
107.14 51.42
110.14 50.50
108.14 50.50
107.14 50.50
110.14 50.50
108.14 50.50
109.14 50.50
110.14 50.50
106.14 50.50
109.14 50.50
111.14 50.50
110.14 50.50
107.14 50.50
110.14 50.50
109.14 50.50
112.14 50.50
103.14 50.50
109.14 50.50
112.14 50.50
104.14 50.50
108.14 50.50
111.14 50.50
108.14 50.50
105.14 50.50
103.14 50.50
110.14 50.50
106.14 50.50
104.14 50.50
108.14 50.50
105.14 50.50
103.14 50.50
104.14 50.50
102.14 50.50
108.14 50.50
106.14 50.50
106.14 50.50
101.14 50.50
104.14 50.50
102.14 50.50
109.14 50.50
105.14 50.50
106.14 50.50
104.14 50.50
103.14 50.50
102.14 50.50
99.14 50.50
109.14 50.50
103.14 50.50
103.14 50.50
109.14 50.50
105.14 50.50
105.14 50.50
109.14 50.50
104.14 50.50
103.14 50.50
105.14 50.50
106.14 50.50
104.14 50.50
104.14 50.50
104.14 50.50
105.14 50.50
107.14 50.50
103.14 50.50
101.14 50.50
104.14 50.50
104.14 50.50
102.14 50.50
103.14 50.50
105.14 50.50
107.14 50.50
97.14 50.50
112.14 50.50
107.14 50.50
107.14 50.50
106.14 50.50
105.14 50.50
108.14 50.50
105.14 50.50
106.14 50.50
102.14 50.50
102.14 50.50
100.14 50.50
104.14 50.50
106.14 50.50
104.14 50.50
98.14 50.50
105.14 50.50
103.14 50.50
100.14 50.50
105.14 50.50
105.14 50.50
104.14 50.50
104.14 50.50
101.14 50.50
99.14 50.50
98.14 50.50
104.14 50.50
98.14 50.50
104.14 50.50
105.14 50.50
102.14 50.50
107.14 52.58
104.14 52.58
109.14 52.58
101.14 52.58
105.14 52.58
103.14 52.58
98.14 52.58
106.14 52.58
105.14 52.58
101.14 52.58
106.14 52.58
97.14 52.58
104.14 52.58
101.14 52.58
105.14 52.58
100.14 52.58
106.14 52.58
105.14 52.58
102.14 52.58
102.14 52.58
105.14 52.58
100.14 52.58
107.14 52.58
103.14 52.58
105.14 52.58
104.14 52.58
103.14 52.58
100.14 52.58
107.14 52.58
106.14 52.58
100.14 52.58
102.14 52.58
105.14 52.58
99.14 52.58
104.14 52.58
110.14 52.58
102.14 52.58
104.14 52.58
104.14 52.58
108.14 52.58
106.14 52.58
107.14 52.58
106.14 52.58
101.14 52.58
106.14 52.58
103.14 52.58
108.14 52.58
106.14 52.58
111.14 52.58
106.14 52.58
109.14 52.58
108.14 52.58
104.14 52.58
100.14 52.58
110.14 52.58
103.14 52.58
107.14 52.58
107.14 52.58
107.14 52.58
112.14 52.58
110.14 52.58
108.14 52.58
103.14 52.58
105.14 52.58
112.14 52.58
108.14 52.58
103.14 52.58
110.14 52.58
109.14 52.58
106.14 52.58
104.14 52.58
111.14 52.58
110.14 52.58
105.14 52.58
104.14 52.58
106.14 52.58
108.14 52.58
108.14 52.58
112.14 52.58
105.14 52.58
110.14 52.58
113.14 52.58
115.14 52.58
111.14 52.58
103.14 52.58
109.14 52.58
106.14 52.58
108.14 52.58
108.14 52.58
107.14 52.58
114.14 52.58
111.14 52.58
110.14 52.58
114.14 52.58
108.14 52.58
110.14 52.58
109.14 52.58
113.14 52.58
110.14 52.58
109.14 52.58
108.14 52.58
103.14 52.58
116.14 52.58
108.14 52.58
113.14 52.58
109.14 52.58
116.14 52.58
109.14 52.58
116.14 52.58
108.14 52.58
108.14 52.58
112.14 52.58
115.14 52.58
110.14 52.58
116.14 52.58
110.14 52.58
113.14 52.58
109.14 52.58
115.14 52.58
110.14 52.58
111.14 52.58
111.14 52.58
114.14 52.58
108.14 52.58
109.14 52.58
112.14 52.58
117.14 52.58
108.14 52.58
110.14 52.58
113.14 52.58
108.14 52.58
113.14 52.58
116.14 52.58
114.14 52.58
118.14 52.58
110.14 52.58
115.14 52.58
114.14 52.58
110.14 52.58
115.14 52.58
114.14 52.58
113.14 52.58
110.14 52.58
110.14 52.58
114.14 52.58
116.14 52.58
113.14 52.58
110.14 52.58
111.14 52.58
106.14 52.58
107.14 52.43
114.14 52.43
114.14 52.43
110.14 52.43
111.14 52.43
110.14 52.43
112.14 52.43
110.14 52.43
112.14 52.43
111.14 52.43
111.14 52.43
112.14 52.43
115.14 52.43
107.14 52.43
115.14 52.43
112.14 52.43
116.14 52.43
109.14 52.43
106.14 52.43
111.14 52.43
110.14 52.43
112.14 52.43
114.14 52.43
114.14 52.43
114.14 52.43
107.14 52.43
109.14 52.43
110.14 52.43
112.14 52.43
113.14 52.43
111.14 52.43
110.14 52.43
113.14 52.43
110.14 52.43
112.14 52.43
111.14 52.43
108.14 52.43
110.14 52.43
110.14 52.43
108.14 52.43
111.14 52.43
110.14 52.43
113.14 52.43
107.14 52.43
111.14 52.43
114.14 52.43
113.14 52.43
117.14 52.43
115.14 52.43
112.14 52.43
117.14 50.81
113.14 50.81
109.14 50.81
115.14 50.81
113.14 50.81
110.14 50.81
111.14 50.81
113.14 50.81
111.14 50.81
111.14 50.81
114.14 50.81
114.14 50.81
112.14 50.81
109.14 50.81
111.14 50.81
111.14 50.81
110.14 50.81
113.14 50.81
115.14 50.81
112.14 50.81
110.14 50.81
105.14 50.81
108.14 50.81
114.14 50.81
112.14 50.81
110.14 50.81
111.14 50.81
115.14 50.81
111.14 50.81
113.14 50.81
115.14 50.81
108.14 50.81
108.14 50.81
117.14 50.81
113.14 50.81
108.14 50.81
111.14 50.81
115.14 50.81
114.14 50.81
110.14 50.81
109.14 50.81
107.14 50.81
112.14 50.81
108.14 50.81
114.14 50.81
113.14 50.81
112.14 50.81
108.14 50.81
110.14 50.81
106.14 50.81
111.14 50.81
104.14 50.81
107.14 50.81
106.14 50.81
109.14 50.81
111.14 50.81
113.14 50.81
104.14 50.81
108.14 50.81
107.14 50.81
105.14 50.81
112.14 50.81
109.14 50.81
111.14 50.81
112.14 50.81
107.14 50.81
103.14 50.81
111.14 50.81
108.14 50.81
104.14 50.81
108.14 50.81
105.14 50.81
106.14 50.81
103.14 50.81
111.14 50.81
107.14 50.81
109.14 50.81
103.14 50.81
113.14 50.81
109.14 50.81
102.14 50.81
108.14 50.81
107.14 50.81
107.14 50.81
108.14 50.81
108.14 50.81
108.14 50.81
109.14 50.81
111.14 50.81
112.14 50.81
105.14 50.81
104.14 50.81
107.14 50.81
105.14 50.81
106.14 50.81
109.14 50.81
110.14 50.81
106.14 50.81
109.14 50.81
106.14 50.81
107.14 50.81
107.14 50.81
105.14 50.81
108.14 50.81
106.14 50.81
106.14 50.81
110.14 50.81
109.14 50.81
111.14 50.81
102.14 50.81
110.14 50.81
113.14 50.81
107.14 50.81
104.14 50.81
107.14 50.81
110.14 50.81
102.14 50.81
111.14 50.81
109.14 50.81
103.14 50.81
103.14 50.81
104.14 50.81
111.14 50.81
106.14 50.81
105.14 50.81
104.14 50.81
103.14 50.81
106.14 50.81
106.14 50.81
102.14 50.81
108.14 50.81
106.14 50.81
107.14 50.81
108.14 50.81
111.14 50.81
109.14 50.81
106.14 50.81
106.14 50.81
105.14 50.81
113.14 50.81
108.14 50.81
107.14 50.81
104.14 50.81
108.14 50.81
108.14 50.81
104.14 50.81
104.14 50.81
108.14 50.81
107.14 50.81
106.14 50.81
112.14 50.84
100.14 50.84
100.14 50.84
108.14 50.84
108.14 50.84
108.14 50.84
108.14 50.84
106.14 50.84
102.14 50.84
104.14 50.84
104.14 50.84
107.14 50.84
107.14 50.84
103.14 50.84
104.14 50.84
104.14 50.84
106.14 50.84
109.14 50.84
105.14 50.84
109.14 50.84
104.14 50.84
99.14 50.84
110.14 50.84
108.14 50.84
108.14 50.84
109.14 50.84
105.14 50.84
108.14 50.84
105.14 50.84
109.14 50.84
108.14 50.84
104.14 50.84
105.14 50.84
103.14 50.84
107.14 50.84
100.14 50.84
105.14 50.84
103.14 50.84
106.14 50.84
108.14 50.84
100.14 50.84
106.14 50.84
103.14 50.84
107.14 50.84
105.14 50.84
108.14 50.84
103.14 50.84
108.14 50.84
100.14 50.84
104.14 50.84
107.14 50.61
106.14 50.61
104.14 50.61
106.14 50.61
105.14 50.61
110.14 50.61
104.14 50.61
110.14 50.61
110.14 50.61
103.14 50.61
104.14 50.61
108.14 50.61
103.14 50.61
110.14 50.61
104.14 50.61
108.14 50.61
104.14 50.61
106.14 50.61
105.14 50.61
108.14 50.61
105.14 50.61
108.14 50.61
105.14 50.61
108.14 50.61
105.14 50.61
105.14 50.61
106.14 50.61
102.14 50.61
104.14 50.61
102.14 50.61
105.14 50.61
107.14 50.61
109.14 50.61
105.14 50.61
104.14 50.61
105.14 50.61
103.14 50.61
99.14 50.61
98.14 50.61
103.14 50.61
102.14 50.61
106.14 50.61
105.14 50.61
108.14 50.61
104.14 50.61
106.14 50.61
102.14 50.61
108.14 50.61
105.14 50.61
101.14 50.61
108.14 52.09
101.14 52.09
102.14 52.09
103.14 52.09
108.14 52.09
104.14 52.09
103.14 52.09
99.14 52.09
102.14 52.09
107.14 52.09
105.14 52.09
104.14 52.09
103.14 52.09
99.14 52.09
107.14 52.09
104.14 52.09
106.14 52.09
114.14 52.09
105.14 52.09
103.14 52.09
107.14 52.09
104.14 52.09
101.14 52.09
109.14 52.09
102.14 52.09
105.14 52.09
108.14 52.09
105.14 52.09
109.14 52.09
104.14 52.09
100.14 52.09
108.14 52.09
105.14 52.09
107.14 52.09
108.14 52.09
104.14 52.09
107.14 52.09
108.14 52.09
108.14 52.09
104.14 52.09
104.14 52.09
105.14 52.09
110.14 52.09
104.14 52.09
108.14 52.09
106.14 52.09
108.14 52.09
104.14 52.09
107.14 52.09
109.14 52.09
104.14 52.09
103.14 52.09
109.14 52.09
107.14 52.09
105.14 52.09
107.14 52.09
108.14 52.09
111.14 52.09
103.14 52.09
111.14 52.09
108.14 52.09
108.14 52.09
104.14 52.09
106.14 52.09
107.14 52.09
107.14 52.09
110.14 52.09
105.14 52.09
113.14 52.09
108.14 52.09
109.14 52.09
108.14 52.09
109.14 52.09
107.14 52.09
110.14 52.09
113.14 52.09
107.14 52.09
105.14 52.09
110.14 52.09
109.14 52.09
104.14 52.09
106.14 52.09
109.14 52.09
109.14 52.09
107.14 52.09
114.14 52.09
111.14 52.09
106.14 52.09
109.14 52.09
104.14 52.09
104.14 52.09
110.14 52.09
110.14 52.09
113.14 52.09
110.14 52.09
104.14 52.09
112.14 52.09
111.14 52.09
108.14 52.09
107.14 52.09
106.14 50.02
112.14 50.02
106.14 50.02
116.14 50.02
111.14 50.02
108.14 50.02
111.14 50.02
108.14 50.02
104.14 50.02
106.14 50.02
108.14 50.02
110.14 50.02
106.14 50.02
108.14 50.02
103.14 50.02
108.14 50.02
109.14 50.02
107.14 50.02
104.14 50.02
111.14 50.02
105.14 50.02
107.14 50.02
105.14 50.02
109.14 50.02
113.14 50.02
111.14 50.02
102.14 50.02
105.14 50.02
108.14 50.02
110.14 50.02
109.14 50.02
110.14 50.02
107.14 50.02
104.14 50.02
102.14 50.02
106.14 50.02
104.14 50.02
104.14 50.02
108.14 50.02
105.14 50.02
105.14 50.02
108.14 50.02
102.14 50.02
114.14 50.02
105.14 50.02
105.14 50.02
108.14 50.02
106.14 50.02
101.14 50.02
98.14 50.02
109.14 50.65
106.14 50.65
102.14 50.65
104.14 50.65
101.14 50.65
103.14 50.65
105.14 50.65
105.14 50.65
104.14 50.65
105.14 50.65
103.14 50.65
104.14 50.65
100.14 50.65
103.14 50.65
105.14 50.65
110.14 50.65
101.14 50.65
101.14 50.65
107.14 50.65
107.14 50.65
101.14 50.65
103.14 50.65
107.14 50.65
102.14 50.65
103.14 50.65
100.14 50.65
103.14 50.65
100.14 50.65
102.14 50.65
103.14 50.65
100.14 50.65
105.14 50.65
105.14 50.65
101.14 50.65
103.14 50.65
103.14 50.65
101.14 50.65
103.14 50.65
106.14 50.65
102.14 50.65
102.14 50.65
101.14 50.65
101.14 50.65
104.14 50.65
106.14 50.65
98.14 50.65
102.14 50.65
99.14 50.65
102.14 50.65
102.14 50.65
106.14 50.13
102.14 50.13
99.14 50.13
101.14 50.13
105.14 50.13
103.14 50.13
104.14 50.13
106.14 50.13
102.14 50.13
105.14 50.13
105.14 50.13
100.14 50.13
106.14 50.13
102.14 50.13
106.14 50.13
99.14 50.13
102.14 50.13
104.14 50.13
104.14 50.13
96.14 50.13
106.14 50.13
102.14 50.13
103.14 50.13
101.14 50.13
103.14 50.13
100.14 50.13
103.14 50.13
102.14 50.13
102.14 50.13
102.14 50.13
98.14 50.13
101.14 50.13
103.14 50.13
99.14 50.13
99.14 50.13
95.14 50.13
103.14 50.13
99.14 50.13
101.14 50.13
102.14 50.13
95.14 50.13
100.14 50.13
108.14 50.13
96.14 50.13
94.14 50.13
98.14 50.13
98.14 50.13
103.14 50.13
98.14 50.13
99.14 50.13
102.14 50.13
101.14 50.13
97.14 50.13
94.14 50.13
95.14 50.13
94.14 50.13
101.14 50.13
94.14 50.13
98.14 50.13
98.14 50.13
96.14 50.13
96.14 50.13
98.14 50.13
98.14 50.13
97.14 50.13
95.14 50.13
98.14 50.13
95.14 50.13
99.14 50.13
97.14 50.13
99.14 50.13
96.14 50.13
95.14 50.13
96.14 50.13
99.14 50.13
89.14 50.13
94.14 50.13
91.14 50.13
97.14 50.13
94.14 50.13
93.14 50.13
98.14 50.13
89.14 50.13
92.14 50.13
89.14 50.13
96.14 50.13
94.14 50.13
94.14 50.13
92.14 50.13
93.14 50.13
93.14 50.13
94.14 50.13
90.14 50.13
93.14 50.13
94.14 50.13
92.14 50.13
95.14 50.13
97.14 50.13
90.14 50.13
93.14 50.13
89.14 51.91
93.14 51.91
96.14 51.91
93.14 51.91
96.14 51.91
91.14 51.91
88.14 51.91
90.14 51.91
99.14 51.91
101.14 51.91
92.14 51.91
90.14 51.91
98.14 51.91
92.14 51.91
97.14 51.91
93.14 51.91
96.14 51.91
96.14 51.91
92.14 51.91
93.14 51.91
91.14 51.91
94.14 51.91
95.14 51.91
99.14 51.91
91.14 51.91
94.14 51.91
94.14 51.91
94.14 51.91
94.14 51.91
95.14 51.91
92.14 51.91
89.14 51.91
98.14 51.91
94.14 51.91
86.14 51.91
93.14 51.91
92.14 51.91
96.14 51.91
95.14 51.91
96.14 51.91
98.14 51.91
95.14 51.91
94.14 51.91
93.14 51.91
99.14 51.91
97.14 51.91
96.14 51.91
98.14 51.91
94.14 51.91
98.14 51.91
93.14 51.91
103.14 51.91
92.14 51.91
95.14 51.91
94.14 51.91
94.14 51.91
98.14 51.91
97.14 51.91
92.14 51.91
101.14 51.91
97.14 51.91
98.14 51.91
97.14 51.91
96.14 51.91
101.14 51.91
99.14 51.91
95.14 51.91
95.14 51.91
97.14 51.91
97.14 51.91
94.14 51.91
101.14 51.91
96.14 51.91
101.14 51.91
98.14 51.91
99.14 51.91
96.14 51.91
103.14 51.91
95.14 51.91
101.14 51.91
97.14 51.91
98.14 51.91
95.14 51.91
95.14 51.91
97.14 51.91
95.14 51.91
95.14 51.91
99.14 51.91
96.14 51.91
101.14 51.91
102.14 51.91
96.14 51.91
95.14 51.91
101.14 51.91
103.14 51.91
99.14 51.91
101.14 51.91
98.14 51.91
101.14 51.91
101.14 51.91
98.14 51.91
99.14 51.91
101.14 51.91
100.14 51.91
103.14 51.91
96.14 51.91
97.14 51.91
98.14 51.91
98.14 51.91
101.14 51.91
100.14 51.91
96.14 51.91
104.14 51.91
101.14 51.91
101.14 51.91
99.14 51.91
106.14 51.91
102.14 51.91
102.14 51.91
103.14 51.91
92.14 51.91
97.14 51.91
101.14 51.91
100.14 51.91
98.14 51.91
100.14 51.91
99.14 51.91
101.14 51.91
102.14 51.91
102.14 51.91
104.14 51.91
105.14 51.91
101.14 51.91
101.14 51.91
102.14 51.91
107.14 51.91
103.14 51.91
107.14 51.91
105.14 51.91
101.14 51.91
103.14 51.91
101.14 51.91
100.14 51.91
104.14 51.91
98.14 51.91
106.14 51.91
102.14 51.91
104.14 51.91
101.14 51.91
98.14 51.91
103.14 51.09
101.14 51.09
102.14 51.09
97.14 51.09
103.14 51.09
105.14 51.09
98.14 51.09
97.14 51.09
97.14 51.09
104.14 51.09
100.14 51.09
100.14 51.09
106.14 51.09
102.14 51.09
104.14 51.09
102.14 51.09
103.14 51.09
105.14 51.09
107.14 51.09
102.14 51.09
104.14 51.09
108.14 51.09
102.14 51.09
107.14 51.09
107.14 51.09
102.14 51.09
104.14 51.09
108.14 51.09
100.14 51.09
107.14 51.09
101.14 51.09
105.14 51.09
105.14 51.09
105.14 51.09
103.14 51.09
105.14 51.09
100.14 51.09
106.14 51.09
106.14 51.09
105.14 51.09
107.14 51.09
100.14 51.09
104.14 51.09
105.14 51.09
106.14 51.09
105.14 51.09
100.14 51.09
103.14 51.09
102.14 51.09
105.14 51.09
108.14 51.09
109.14 51.09
107.14 51.09
103.14 51.09
101.14 51.09
103.14 51.09
106.14 51.09
105.14 51.09
102.14 51.09
109.14 51.09
107.14 51.09
109.14 51.09
102.14 51.09
105.14 51.09
108.14 51.09
104.14 51.09
104.14 51.09
107.14 51.09
108.14 51.09
113.14 51.09
103.14 51.09
109.14 51.09
103.14 51.09
103.14 51.09
106.14 51.09
108.14 51.09
107.14 51.09
105.14 51.09
106.14 51.09
104.14 51.09
112.14 51.09
106.14 51.09
105.14 51.09
106.14 51.09
110.14 51.09
104.14 51.09
102.14 51.09
105.14 51.09
106.14 51.09
104.14 51.09
103.14 51.09
109.14 51.09
105.14 51.09
107.14 51.09
104.14 51.09
104.14 51.09
103.14 51.09
103.14 51.09
106.14 51.09
101.14 51.09
106.14 50.28
109.14 50.28
104.14 50.28
109.14 50.28
102.14 50.28
106.14 50.28
108.14 50.28
108.14 50.28
107.14 50.28
107.14 50.28
102.14 50.28
107.14 50.28
101.14 50.28
110.14 50.28
105.14 50.28
107.14 50.28
108.14 50.28
99.14 50.28
102.14 50.28
109.14 50.28
107.14 50.28
106.14 50.28
103.14 50.28
108.14 50.28
105.14 50.28
105.14 50.28
108.14 50.28
105.14 50.28
101.14 50.28
109.14 50.28
105.14 50.28
104.14 50.28
108.14 50.28
105.14 50.28
105.14 50.28
105.14 50.28
108.14 50.28
99.14 50.28
109.14 50.28
105.14 50.28
106.14 50.28
103.14 50.28
103.14 50.28
107.14 50.28
99.14 50.28
102.14 50.28
109.14 50.28
108.14 50.28
103.14 50.28
103.14 50.28
104.14 51.88
103.14 51.88
108.14 51.88
102.14 51.88
105.14 51.88
107.14 51.88
104.14 51.88
106.14 51.88
107.14 51.88
102.14 51.88
103.14 51.88
105.14 51.88
101.14 51.88
101.14 51.88
104.14 51.88
102.14 51.88
101.14 51.88
100.14 51.88
104.14 51.88
107.14 51.88
104.14 51.88
98.14 51.88
102.14 51.88
108.14 51.88
105.14 51.88
104.14 51.88
102.14 51.88
104.14 51.88
101.14 51.88
104.14 51.88
104.14 51.88
105.14 51.88
103.14 51.88
105.14 51.88
102.14 51.88
108.14 51.88
104.14 51.88
103.14 51.88
104.14 51.88
99.14 51.88
108.14 51.88
102.14 51.88
104.14 51.88
102.14 51.88
105.14 51.88
105.14 51.88
105.14 51.88
103.14 51.88
108.14 51.88
104.14 51.88
104.14 51.88
105.14 51.88
109.14 51.88
100.14 51.88
102.14 51.88
104.14 51.88
105.14 51.88
109.14 51.88
108.14 51.88
108.14 51.88
106.14 51.88
103.14 51.88
107.14 51.88
105.14 51.88
105.14 51.88
112.14 51.88
107.14 51.88
106.14 51.88
110.14 51.88
103.14 51.88
103.14 51.88
109.14 51.88
103.14 51.88
108.14 51.88
107.14 51.88
108.14 51.88
106.14 51.88
107.14 51.88
107.14 51.88
106.14 51.88
107.14 51.88
104.14 51.88
105.14 51.88
109.14 51.88
103.14 51.88
112.14 51.88
106.14 51.88
112.14 51.88
111.14 51.88
108.14 51.88
103.14 51.88
104.14 51.88
108.14 51.88
104.14 51.88
108.14 51.88
109.14 51.88
109.14 51.88
108.14 51.88
109.14 51.88
108.14 51.88
106.14 51.88
105.14 51.88
112.14 51.88
111.14 51.88
108.14 51.88
111.14 51.88
109.14 51.88
111.14 51.88
110.14 51.88
108.14 51.88
107.14 51.88
111.14 51.88
107.14 51.88
104.14 51.88
106.14 51.88
106.14 51.88
108.14 51.88
108.14 51.88
108.14 51.88
111.14 51.88
107.14 51.88
109.14 51.88
107.14 51.88
109.14 51.88
111.14 51.88
114.14 51.88
108.14 51.88
111.14 51.88
113.14 51.88
105.14 51.88
110.14 51.88
109.14 51.88
111.14 51.88
108.14 51.88
111.14 51.88
113.14 51.88
115.14 51.88
109.14 51.88
103.14 51.88
113.14 51.88
104.14 51.88
109.14 51.88
108.14 51.88
110.14 51.88
108.14 51.88
103.14 51.88
110.14 51.88
112.14 51.88
110.14 51.88
107.14 51.88
112.14 51.88
111.14 51.88
106.14 51.88
112.14 51.88
106.14 51.88
109.14 51.88
113.14 51.88
104.14 51.88
108.14 51.88
108.14 51.88
106.14 51.88
110.14 51.88
110.14 51.88
109.14 51.88
108.14 51.88
114.14 51.88
111.14 51.88
107.14 51.88
106.14 51.88
108.14 51.88
111.14 51.88
105.14 51.88
116.14 51.88
115.14 51.88
113.14 51.88
110.14 51.88
107.14 51.88
111.14 51.88
109.14 51.88
108.14 51.88
113.14 51.88
110.14 51.88
109.14 51.88
107.14 51.88
118.14 51.88
108.14 51.88
107.14 51.88
112.14 51.88
110.14 51.88
111.14 51.88
110.14 51.88
107.14 51.88
112.14 51.88
112.14 51.88
109.14 51.88
116.14 51.88
111.14 51.88
113.14 51.88
109.14 51.88
109.14 51.88
112.14 51.25
109.14 51.25
108.14 51.25
110.14 51.25
110.14 51.25
109.14 51.25
108.14 51.25
105.14 51.25
112.14 51.25
107.14 51.25
109.14 51.25
108.14 51.25
111.14 51.25
107.14 51.25
110.14 51.25
111.14 51.25
112.14 51.25
107.14 51.25
105.14 51.25
106.14 51.25
105.14 51.25
107.14 51.25
106.14 51.25
110.14 51.25
105.14 51.25
106.14 51.25
111.14 51.25
106.14 51.25
110.14 51.25
104.14 51.25
108.14 51.25
104.14 51.25
111.14 51.25
110.14 51.25
108.14 51.25
103.14 51.25
109.14 51.25
106.14 51.25
105.14 51.25
108.14 51.25
102.14 51.25
104.14 51.25
108.14 51.25
107.14 51.25
105.14 51.25
107.14 51.25
109.14 51.25
108.14 51.25
110.14 51.25
108.14 51.25
107.14 50.58
109.14 50.58
109.14 50.58
108.14 50.58
109.14 50.58
108.14 50.58
107.14 50.58
105.14 50.58
111.14 50.58
108.14 50.58
110.14 50.58
106.14 50.58
110.14 50.58
108.14 50.58
109.14 50.58
103.14 50.58
107.14 50.58
107.14 50.58
106.14 50.58
105.14 50.58
104.14 50.58
107.14 50.58
105.14 50.58
108.14 50.58
101.14 50.58
102.14 50.58
111.14 50.58
106.14 50.58
107.14 50.58
105.14 50.58
107.14 50.58
108.14 50.58
111.14 50.58
108.14 50.58
111.14 50.58
104.14 50.58
109.14 50.58
108.14 50.58
107.14 50.58
103.14 50.58
110.14 50.58
105.14 50.58
107.14 50.58
107.14 50.58
110.14 50.58
104.14 50.58
105.14 50.58
110.14 50.58
108.14 50.58
105.14 50.58
104.14 50.58
100.14 50.58
105.14 50.58
102.14 50.58
102.14 50.58
106.14 50.58
108.14 50.58
107.14 50.58
109.14 50.58
113.14 50.58
107.14 50.58
108.14 50.58
107.14 50.58
111.14 50.58
112.14 50.58
107.14 50.58
107.14 50.58
109.14 50.58
109.14 50.58
109.14 50.58
106.14 50.58
106.14 50.58
102.14 50.58
106.14 50.58
101.14 50.58
106.14 50.58
108.14 50.58
110.14 50.58
104.14 50.58
105.14 50.58
104.14 50.58
108.14 50.58
104.14 50.58
105.14 50.58
107.14 50.58
109.14 50.58
108.14 50.58
104.14 50.58
110.14 50.58
100.14 50.58
99.14 50.58
104.14 50.58
107.14 50.58
107.14 50.58
109.14 50.58
104.14 50.58
100.14 50.58
108.14 50.58
104.14 50.58
108.14 50.58
105.14 51.44
108.14 51.44
109.14 51.44
109.14 51.44
107.14 51.44
109.14 51.44
110.14 51.44
107.14 51.44
103.14 51.44
109.14 51.44
105.14 51.44
105.14 51.44
103.14 51.44
111.14 51.44
105.14 51.44
103.14 51.44
107.14 51.44
105.14 51.44
107.14 51.44
110.14 51.44
105.14 51.44
105.14 51.44
104.14 51.44
106.14 51.44
106.14 51.44
105.14 51.44
103.14 51.44
106.14 51.44
104.14 51.44
104.14 51.44
103.14 51.44
107.14 51.44
105.14 51.44
105.14 51.44
103.14 51.44
101.14 51.44
107.14 51.44
109.14 51.44
110.14 51.44
107.14 51.44
107.14 51.44
106.14 51.44
109.14 51.44
106.14 51.44
109.14 51.44
107.14 51.44
106.14 51.44
106.14 51.44
102.14 51.44
107.14 51.44
111.14 51.23
106.14 51.23
108.14 51.23
112.14 51.23
110.14 51.23
105.14 51.23
111.14 51.23
111.14 51.23
105.14 51.23
110.14 51.23
110.14 51.23
104.14 51.23
109.14 51.23
108.14 51.23
105.14 51.23
111.14 51.23
111.14 51.23
112.14 51.23
108.14 51.23
107.14 51.23
108.14 51.23
105.14 51.23
105.14 51.23
113.14 51.23
110.14 51.23
109.14 51.23
111.14 51.23
106.14 51.23
113.14 51.23
105.14 51.23
110.14 51.23
107.14 51.23
106.14 51.23
108.14 51.23
113.14 51.23
109.14 51.23
107.14 51.23
107.14 51.23
108.14 51.23
108.14 51.23
104.14 51.23
108.14 51.23
107.14 51.23
102.14 51.23
114.14 51.23
105.14 51.23
108.14 51.23
109.14 51.23
111.14 51.23
107.14 51.23
111.14 51.64
109.14 51.64
108.14 51.64
104.14 51.64
106.14 51.64
114.14 51.64
106.14 51.64
104.14 51.64
112.14 51.64
112.14 51.64
111.14 51.64
108.14 51.64
108.14 51.64
109.14 51.64
110.14 51.64
100.14 51.64
106.14 51.64
102.14 51.64
108.14 51.64
111.14 51.64
109.14 51.64
107.14 51.64
111.14 51.64
112.14 51.64
104.14 51.64
112.14 51.64
108.14 51.64
109.14 51.64
108.14 51.64
105.14 51.64
106.14 51.64
105.14 51.64
114.14 51.64
108.14 51.64
104.14 51.64
105.14 51.64
108.14 51.64
106.14 51.64
108.14 51.64
108.14 51.64
108.14 51.64
108.14 51.64
110.14 51.64
105.14 51.64
106.14 51.64
104.14 51.64
108.14 51.64
107.14 51.64
107.14 51.64
107.14 51.64
103.14 50.35
111.14 50.35
111.14 50.35
111.14 50.35
112.14 50.35
106.14 50.35
109.14 50.35
109.14 50.35
115.14 50.35
106.14 50.35
111.14 50.35
112.14 50.35
106.14 50.35
108.14 50.35
109.14 50.35
110.14 50.35
111.14 50.35
107.14 50.35
109.14 50.35
105.14 50.35
107.14 50.35
110.14 50.35
109.14 50.35
103.14 50.35
106.14 50.35
103.14 50.35
104.14 50.35
107.14 50.35
109.14 50.35
111.14 50.35
109.14 50.35
107.14 50.35
103.14 50.35
105.14 50.35
106.14 50.35
110.14 50.35
110.14 50.35
107.14 50.35
105.14 50.35
106.14 50.35
111.14 50.35
105.14 50.35
101.14 50.35
109.14 50.35
107.14 50.35
112.14 50.35
112.14 50.35
106.14 50.35
107.14 50.35
114.14 50.35
109.14 50.35
104.14 50.35
110.14 50.35
110.14 50.35
108.14 50.35
107.14 50.35
105.14 50.35
114.14 50.35
112.14 50.35
110.14 50.35
105.14 50.35
110.14 50.35
107.14 50.35
110.14 50.35
107.14 50.35
107.14 50.35
107.14 50.35
106.14 50.35
107.14 50.35
109.14 50.35
105.14 50.35
106.14 50.35
110.14 50.35
109.14 50.35
111.14 50.35
110.14 50.35
109.14 50.35
104.14 50.35
104.14 50.35
111.14 50.35
111.14 50.35
105.14 50.35
105.14 50.35
108.14 50.35
108.14 50.35
102.14 50.35
109.14 50.35
109.14 50.35
107.14 50.35
110.14 50.35
111.14 50.35
108.14 50.35
101.14 50.35
104.14 50.35
108.14 50.35
106.14 50.35
104.14 50.35
102.14 50.35
106.14 50.35
107.14 50.35
107.14 50.04
103.14 50.04
105.14 50.04
103.14 50.04
107.14 50.04
106.14 50.04
105.14 50.04
106.14 50.04
105.14 50.04
105.14 50.04
105.14 50.04
107.14 50.04
105.14 50.04
103.14 50.04
109.14 50.04
104.14 50.04
108.14 50.04
101.14 50.04
104.14 50.04
105.14 50.04
102.14 50.04
103.14 50.04
104.14 50.04
103.14 50.04
102.14 50.04
102.14 50.04
105.14 50.04
106.14 50.04
104.14 50.04
106.14 50.04
101.14 50.04
101.14 50.04
102.14 50.04
103.14 50.04
105.14 50.04
102.14 50.04
99.14 50.04
100.14 50.04
102.14 50.04
101.14 50.04
98.14 50.04
108.14 50.04
104.14 50.04
103.14 50.04
101.14 50.04
104.14 50.04
96.14 50.04
104.14 50.04
101.14 50.04
100.14 50.04
105.14 51.74
100.14 51.74
97.14 51.74
103.14 51.74
108.14 51.74
105.14 51.74
104.14 51.74
98.14 51.74
103.14 51.74
106.14 51.74
102.14 51.74
103.14 51.74
105.14 51.74
99.14 51.74
106.14 51.74
107.14 51.74
103.14 51.74
100.14 51.74
100.14 51.74
103.14 51.74
104.14 51.74
100.14 51.74
106.14 51.74
108.14 51.74
105.14 51.74
103.14 51.74
107.14 51.74
105.14 51.74
102.14 51.74
105.14 51.74
106.14 51.74
101.14 51.74
105.14 51.74
102.14 51.74
105.14 51.74
101.14 51.74
102.14 51.74
109.14 51.74
103.14 51.74
103.14 51.74
102.14 51.74
109.14 51.74
110.14 51.74
106.14 51.74
106.14 51.74
100.14 51.74
106.14 51.74
100.14 51.74
107.14 51.74
107.14 51.74
100.14 51.74
102.14 51.74
106.14 51.74
104.14 51.74
108.14 51.74
104.14 51.74
100.14 51.74
108.14 51.74
104.14 51.74
107.14 51.74
109.14 51.74
105.14 51.74
108.14 51.74
111.14 51.74
108.14 51.74
101.14 51.74
106.14 51.74
108.14 51.74
110.14 51.74
103.14 51.74
106.14 51.74
106.14 51.74
107.14 51.74
105.14 51.74
103.14 51.74
106.14 51.74
102.14 51.74
104.14 51.74
104.14 51.74
110.14 51.74
108.14 51.74
108.14 51.74
108.14 51.74
106.14 51.74
105.14 51.74
104.14 51.74
106.14 51.74
108.14 51.74
113.14 51.74
100.14 51.74
110.14 51.74
105.14 51.74
107.14 51.74
109.14 51.74
103.14 51.74
110.14 51.74
104.14 51.74
105.14 51.74
115.14 51.74
111.14 51.74
109.14 50.07
107.14 50.07
107.14 50.07
112.14 50.07
111.14 50.07
107.14 50.07
108.14 50.07
106.14 50.07
105.14 50.07
109.14 50.07
111.14 50.07
100.14 50.07
109.14 50.07
114.14 50.07
109.14 50.07
110.14 50.07
110.14 50.07
107.14 50.07
113.14 50.07
107.14 50.07
109.14 50.07
108.14 50.07
104.14 50.07
104.14 50.07
106.14 50.07
110.14 50.07
104.14 50.07
104.14 50.07
102.14 50.07
107.14 50.07
103.14 50.07
106.14 50.07
108.14 50.07
105.14 50.07
108.14 50.07
110.14 50.07
108.14 50.07
105.14 50.07
107.14 50.07
108.14 50.07
104.14 50.07
108.14 50.07
104.14 50.07
107.14 50.07
104.14 50.07
109.14 50.07
99.14 50.07
105.14 50.07
107.14 50.07
107.14 50.07
104.14 50.07
109.14 50.07
104.14 50.07
107.14 50.07
104.14 50.07
97.14 50.07
105.14 50.07
106.14 50.07
105.14 50.07
100.14 50.07
103.14 50.07
102.14 50.07
108.14 50.07
108.14 50.07
101.14 50.07
107.14 50.07
106.14 50.07
108.14 50.07
104.14 50.07
105.14 50.07
106.14 50.07
106.14 50.07
103.14 50.07
107.14 50.07
102.14 50.07
103.14 50.07
102.14 50.07
106.14 50.07
104.14 50.07
103.14 50.07
103.14 50.07
101.14 50.07
107.14 50.07
103.14 50.07
103.14 50.07
99.14 50.07
102.14 50.07
104.14 50.07
99.14 50.07
104.14 50.07
105.14 50.07
108.14 50.07
98.14 50.07
102.14 50.07
102.14 50.07
99.14 50.07
103.14 50.07
103.14 50.07
104.14 50.07
101.14 50.07
105.14 50.68
104.14 50.68
99.14 50.68
105.14 50.68
103.14 50.68
100.14 50.68
98.14 50.68
103.14 50.68
101.14 50.68
104.14 50.68
107.14 50.68
101.14 50.68
98.14 50.68
103.14 50.68
104.14 50.68
106.14 50.68
104.14 50.68
103.14 50.68
106.14 50.68
103.14 50.68
106.14 50.68
99.14 50.68
101.14 50.68
104.14 50.68
100.14 50.68
101.14 50.68
109.14 50.68
100.14 50.68
107.14 50.68
103.14 50.68
102.14 50.68
103.14 50.68
100.14 50.68
106.14 50.68
110.14 50.68
103.14 50.68
103.14 50.68
101.14 50.68
107.14 50.68
100.14 50.68
108.14 50.68
105.14 50.68
105.14 50.68
105.14 50.68
106.14 50.68
105.14 50.68
106.14 50.68
100.14 50.68
104.14 50.68
99.14 50.68
101.14 52.27
105.14 52.27
103.14 52.27
102.14 52.27
100.14 52.27
100.14 52.27
95.14 52.27
101.14 52.27
102.14 52.27
102.14 52.27
102.14 52.27
103.14 52.27
103.14 52.27
106.14 52.27
104.14 52.27
107.14 52.27
106.14 52.27
102.14 52.27
106.14 52.27
101.14 52.27
106.14 52.27
105.14 52.27
104.14 52.27
107.14 52.27
107.14 52.27
106.14 52.27
102.14 52.27
108.14 52.27
103.14 52.27
108.14 52.27
104.14 52.27
105.14 52.27
102.14 52.27
101.14 52.27
104.14 52.27
105.14 52.27
104.14 52.27
103.14 52.27
101.14 52.27
108.14 52.27
109.14 52.27
106.14 52.27
105.14 52.27
105.14 52.27
105.14 52.27
107.14 52.27
105.14 52.27
104.14 52.27
111.14 52.27
108.14 52.27
110.14 52.27
106.14 52.27
108.14 52.27
110.14 52.27
106.14 52.27
109.14 52.27
110.14 52.27
107.14 52.27
108.14 52.27
112.14 52.27
104.14 52.27
107.14 52.27
108.14 52.27
107.14 52.27
107.14 52.27
106.14 52.27
113.14 52.27
109.14 52.27
108.14 52.27
112.14 52.27
105.14 52.27
108.14 52.27
109.14 52.27
110.14 52.27
107.14 52.27
107.14 52.27
