r, y, u
14.00, 16.99, 10.00
14.00, 17.00, 10.00
14.00, 16.99, 10.00
14.00, 16.99, 10.00
14.00, 16.98, 10.00
14.00, 16.99, 10.00
14.00, 16.98, 10.00
14.00, 16.85, 10.00
14.00, 16.42, 4.45
14.00, 15.85, 0.57
14.00, 15.31, 0.00
14.00, 14.99, 2.71
14.00, 14.85, 4.84
14.00, 14.79, 5.98
14.00, 14.74, 5.59
14.00, 14.63, 4.14
14.00, 14.47, 3.00
14.00, 14.31, 2.47
14.00, 14.19, 2.86
14.00, 14.13, 3.46
14.00, 14.10, 3.98
14.00, 14.08, 4.16
14.00, 14.04, 3.29
14.00, 13.96, 2.50
14.00, 13.94, 3.74
14.00, 13.94, 3.92
14.00, 13.91, 3.14
14.00, 13.90, 3.66
14.00, 13.86, 2.79
14.00, 13.84, 3.11
14.00, 13.82, 3.19
14.00, 13.85, 4.22
14.00, 13.86, 3.47
14.00, 13.84, 3.13
14.00, 13.79, 2.34
14.00, 13.75, 2.68
14.00, 13.74, 2.91
14.00, 13.72, 2.85
14.00, 13.75, 3.71
14.00, 13.79, 4.08
14.00, 13.78, 2.93
14.00, 13.78, 3.19
14.00, 13.77, 3.01
14.00, 13.73, 2.27
14.00, 13.71, 2.89
14.00, 13.71, 2.91
14.00, 13.68, 2.45
14.00, 13.64, 1.92
14.00, 13.62, 2.52
14.00, 13.62, 2.83
14.00, 13.64, 3.10
14.00, 13.70, 3.86
14.00, 13.77, 4.51
14.00, 13.78, 3.18
14.00, 13.76, 2.60
14.00, 13.75, 3.14
14.00, 13.71, 2.13
14.00, 13.68, 2.42
14.00, 13.65, 2.25
14.00, 13.64, 2.65
14.00, 13.64, 2.54
14.00, 13.65, 3.13
14.00, 13.69, 3.40
14.00, 13.70, 3.11
14.00, 13.75, 3.81
14.00, 13.74, 2.77
14.00, 13.76, 3.40
14.00, 13.75, 2.82
14.00, 13.74, 2.93
14.00, 13.74, 3.02
14.00, 13.73, 2.76
14.00, 13.75, 3.36
14.00, 13.77, 3.43
14.00, 13.80, 3.67
14.00, 13.82, 3.56
14.00, 13.83, 3.48
14.00, 13.82, 2.89
14.00, 13.80, 2.93
14.00, 13.84, 4.04
14.00, 13.87, 3.75
14.00, 13.83, 2.60
14.00, 13.82, 3.09
14.00, 13.85, 3.96
14.00, 13.89, 4.15
14.00, 13.90, 3.46
14.00, 13.89, 3.18
14.00, 13.85, 2.60
14.00, 13.84, 3.19
14.00, 13.84, 3.28
14.00, 13.82, 2.90
14.00, 13.83, 3.55
14.00, 13.86, 3.78
14.00, 13.86, 3.19
14.00, 13.84, 2.93
14.00, 13.87, 4.02
14.00, 13.86, 2.96
14.00, 13.80, 2.13
14.00, 13.73, 1.68
14.00, 13.71, 2.57
14.00, 13.72, 3.15
14.00, 13.74, 3.33
14.00, 13.77, 3.38
14.00, 13.78, 3.28
14.00, 13.83, 4.12
14.00, 13.84, 3.11
14.00, 13.84, 3.34
14.00, 13.83, 3.03
14.00, 13.78, 1.98
14.00, 13.77, 3.02
14.00, 13.75, 2.62
14.00, 13.71, 2.01
14.00, 13.70, 2.62
14.00, 13.72, 3.18
14.00, 13.77, 3.93
14.00, 13.81, 3.57
14.00, 13.82, 3.28
14.00, 13.80, 2.72
14.00, 13.82, 3.41
14.00, 13.83, 3.34
14.00, 13.84, 3.34
14.00, 13.84, 3.14
14.00, 13.81, 2.53
14.00, 13.79, 2.75
14.00, 13.82, 3.59
14.00, 13.85, 3.88
14.00, 13.88, 3.56
14.00, 13.89, 3.58
14.00, 13.91, 3.75
14.00, 13.92, 3.62
14.00, 13.91, 3.00
14.00, 13.90, 3.38
14.00, 13.90, 3.31
14.00, 13.91, 3.65
14.00, 13.91, 3.30
14.00, 13.96, 4.44
14.00, 13.99, 4.13
14.00, 13.98, 3.39
14.00, 13.98, 3.60
14.00, 13.93, 2.48
14.00, 13.90, 2.86
14.00, 13.89, 3.31
14.00, 13.90, 3.62
14.00, 13.93, 4.00
14.00, 13.93, 3.31
14.00, 13.92, 3.12
14.00, 13.91, 3.33
14.00, 13.92, 3.62
14.00, 13.89, 2.68
14.00, 13.86, 2.71
14.00, 13.79, 1.75
14.00, 13.77, 2.72
14.00, 13.81, 3.71
14.00, 13.85, 3.84
14.00, 13.87, 3.43
14.00, 13.88, 3.51
14.00, 13.88, 3.26
14.00, 13.88, 3.20
14.00, 13.85, 2.56
14.00, 13.83, 2.71
14.00, 13.81, 2.65
14.00, 13.79, 2.69
14.00, 13.78, 2.68
14.00, 13.79, 3.28
14.00, 13.82, 3.47
14.00, 13.81, 2.76
14.00, 13.82, 3.14
14.00, 13.81, 2.92
14.00, 13.86, 4.07
14.00, 13.90, 3.87
14.00, 13.90, 3.17
14.00, 13.87, 2.59
14.00, 13.82, 2.21
14.00, 13.82, 3.16
14.00, 13.87, 4.10
14.00, 13.89, 3.42
14.00, 13.90, 3.36
14.00, 13.91, 3.58
14.00, 13.92, 3.54
14.00, 13.92, 3.31
14.00, 13.90, 2.71
14.00, 13.93, 4.16
14.00, 13.95, 3.76
14.00, 13.99, 4.12
14.00, 14.00, 3.68
14.00, 13.98, 3.11
14.00, 13.97, 3.53
14.00, 13.97, 3.34
14.00, 14.01, 4.42
14.00, 14.03, 3.99
14.00, 14.02, 3.36
14.00, 14.02, 3.65
14.00, 14.00, 3.25
14.00, 13.98, 3.19
14.00, 13.99, 3.81
14.00, 13.98, 3.29
14.00, 13.96, 3.10
14.00, 13.96, 3.51
14.00, 13.96, 3.44
14.00, 13.96, 3.56
14.00, 13.93, 2.77
14.00, 13.87, 2.07
14.00, 13.83, 2.36
14.00, 13.84, 3.36
14.00, 13.90, 4.33
14.00, 13.95, 4.19
14.00, 13.96, 3.49
14.00, 13.92, 2.62
14.00, 13.90, 2.91
14.00, 13.86, 2.42
14.00, 13.87, 3.34
14.00, 13.88, 3.44
14.00, 13.87, 2.95
14.00, 13.84, 2.47
14.00, 13.79, 2.01
14.00, 13.79, 3.09
14.00, 13.81, 3.08
14.00, 13.87, 4.40
14.00, 13.93, 4.13
14.00, 13.93, 3.21
14.00, 13.93, 3.39
14.00, 13.93, 3.20
14.00, 13.89, 2.52
14.00, 13.89, 3.24
14.00, 13.85, 2.29
14.00, 13.83, 2.82
14.00, 13.84, 3.26
14.00, 13.89, 3.92
14.00, 13.93, 4.13
14.00, 13.96, 3.80
14.00, 13.96, 3.34
14.00, 13.96, 3.36
14.00, 13.94, 3.01
14.00, 13.93, 3.17
14.00, 13.97, 4.30
14.00, 14.02, 4.44
14.00, 14.02, 3.36
14.00, 14.01, 3.47
14.00, 14.00, 3.38
14.00, 14.02, 4.02
14.00, 14.03, 3.83
14.00, 14.07, 4.35
14.00, 14.05, 3.27
14.00, 14.01, 2.94
14.00, 13.99, 3.13
14.00, 14.00, 3.79
14.00, 14.03, 4.22
14.00, 14.03, 3.59
14.00, 14.01, 3.15
14.00, 14.00, 3.48
14.00, 14.00, 3.40
14.00, 13.96, 2.86
14.00, 13.89, 1.91
14.00, 13.87, 2.84
14.00, 13.88, 3.38
14.00, 13.95, 4.64
14.00, 13.99, 4.16
14.00, 14.01, 3.72
14.00, 13.95, 2.16
14.00, 13.91, 2.70
14.00, 13.88, 2.69
14.00, 13.87, 2.92
14.00, 13.88, 3.29
14.00, 13.90, 3.60
14.00, 13.89, 2.99
14.00, 13.85, 2.25
14.00, 13.83, 2.57
14.00, 13.84, 3.30
14.00, 13.90, 4.27
14.00, 13.95, 4.08
14.00, 13.97, 3.71
14.00, 13.94, 2.79
14.00, 13.89, 2.26
14.00, 13.88, 2.90
14.00, 13.88, 3.13
14.00, 13.90, 3.60
14.00, 13.89, 2.97
14.00, 13.87, 2.65
14.00, 13.88, 3.43
14.00, 13.90, 3.35
14.00, 13.95, 4.44
14.00, 13.98, 3.73
14.00, 14.00, 3.88
14.00, 13.96, 2.47
14.00, 13.95, 3.34
14.00, 13.96, 3.46
14.00, 14.00, 4.19
14.00, 14.05, 4.54
14.00, 14.06, 3.83
14.00, 14.05, 3.51
14.00, 14.04, 3.37
14.00, 14.05, 4.01
14.00, 14.07, 4.02
14.00, 14.06, 3.47
14.00, 14.05, 3.47
14.00, 14.01, 2.69
14.00, 13.99, 3.37
14.00, 14.03, 4.29
14.00, 14.07, 4.42
14.00, 14.05, 3.28
14.00, 14.05, 3.75
14.00, 14.04, 3.35
14.00, 14.00, 2.73
14.00, 13.95, 2.66
14.00, 13.94, 3.19
14.00, 13.94, 3.33
14.00, 13.96, 3.70
14.00, 13.97, 3.65
14.00, 13.98, 3.43
14.00, 14.00, 3.93
14.00, 14.01, 3.60
14.00, 13.94, 2.09
14.00, 13.87, 1.85
14.00, 13.83, 2.48
14.00, 13.83, 2.96
14.00, 13.87, 3.69
14.00, 13.92, 4.15
14.00, 13.93, 3.40
14.00, 13.92, 2.84
14.00, 13.93, 3.61
14.00, 13.94, 3.32
14.00, 13.94, 3.26
14.00, 13.93, 3.21
14.00, 13.93, 3.10
14.00, 13.91, 2.97
14.00, 13.88, 2.48
14.00, 13.87, 2.83
14.00, 13.88, 3.35
14.00, 13.91, 3.83
14.00, 13.90, 2.84
14.00, 13.90, 3.08
14.00, 13.92, 3.66
14.00, 13.97, 4.22
14.00, 13.99, 3.62
14.00, 13.99, 3.50
14.00, 13.97, 3.03
14.00, 13.95, 2.82
14.00, 13.97, 3.83
14.00, 14.02, 4.35
14.00, 14.05, 4.26
14.00, 14.07, 3.93
14.00, 14.06, 3.34
14.00, 14.04, 3.44
14.00, 14.05, 3.82
14.00, 14.05, 3.56
14.00, 14.04, 3.43
14.00, 14.06, 4.08
14.00, 14.07, 3.88
14.00, 14.05, 3.24
14.00, 14.06, 4.00
14.00, 14.05, 3.37
14.00, 14.02, 3.08
14.00, 14.02, 3.42
14.00, 14.00, 3.22
14.00, 14.02, 4.03
14.00, 14.02, 3.48
14.00, 13.98, 2.60
14.00, 13.97, 3.32
14.00, 13.98, 3.56
14.00, 13.99, 3.55
14.00, 13.98, 3.24
14.00, 13.96, 3.03
14.00, 13.94, 2.94
14.00, 13.92, 2.87
14.00, 13.89, 2.51
14.00, 13.90, 3.54
14.00, 13.91, 3.19
14.00, 13.90, 3.09
14.00, 13.89, 2.92
14.00, 13.90, 3.32
14.00, 13.95, 4.31
14.00, 13.96, 3.37
14.00, 13.97, 3.39
14.00, 13.93, 2.43
14.00, 13.92, 3.18
14.00, 13.88, 2.27
14.00, 13.88, 3.24
14.00, 13.91, 3.67
14.00, 13.92, 3.40
14.00, 13.91, 2.82
14.00, 13.90, 2.97
14.00, 13.90, 3.25
14.00, 13.94, 3.97
14.00, 13.97, 3.82
14.00, 13.99, 3.56
14.00, 13.97, 3.14
14.00, 13.99, 3.63
14.00, 13.98, 3.25
14.00, 13.97, 3.29
14.00, 13.95, 2.87
14.00, 13.96, 3.47
14.00, 14.03, 4.86
14.00, 14.07, 4.26
14.00, 14.09, 4.01
14.00, 14.09, 3.65
14.00, 14.08, 3.53
14.00, 14.05, 3.07
14.00, 14.03, 3.26
14.00, 14.02, 3.43
14.00, 14.03, 3.76
14.00, 14.07, 4.41
14.00, 14.08, 3.79
14.00, 14.07, 3.54
14.00, 14.06, 3.56
14.00, 14.05, 3.36
14.00, 14.03, 3.17
14.00, 14.03, 3.67
14.00, 14.01, 3.16
14.00, 14.00, 3.16
14.00, 13.99, 3.32
14.00, 14.01, 4.00
14.00, 14.01, 3.42
14.00, 14.00, 3.18
14.00, 13.96, 2.70
14.00, 13.91, 2.36
14.00, 13.90, 2.91
14.00, 13.89, 2.97
14.00, 13.90, 3.27
14.00, 13.90, 3.08
14.00, 13.97, 4.77
14.00, 13.99, 3.45
14.00, 13.95, 2.53
14.00, 13.91, 2.65
14.00, 13.94, 3.77
14.00, 13.95, 3.55
14.00, 13.94, 3.02
14.00, 13.92, 2.72
14.00, 13.89, 2.62
14.00, 13.85, 2.17
14.00, 13.88, 3.77
14.00, 13.93, 4.01
14.00, 13.95, 3.68
14.00, 13.94, 2.81
14.00, 13.94, 3.35
14.00, 13.96, 3.73
14.00, 13.97, 3.41
14.00, 13.96, 3.03
14.00, 13.93, 2.82
14.00, 13.96, 3.85
14.00, 14.00, 4.12
14.00, 14.01, 3.43
14.00, 14.01, 3.45
14.00, 14.01, 3.56
14.00, 14.02, 3.73
14.00, 14.05, 4.08
14.00, 14.06, 3.85
14.00, 14.05, 3.39
14.00, 14.06, 3.82
14.00, 14.05, 3.39
14.00, 14.05, 3.70
14.00, 14.02, 2.94
14.00, 14.05, 4.23
14.00, 14.08, 4.07
14.00, 14.08, 3.80
14.00, 14.10, 4.04
14.00, 14.07, 3.07
14.00, 14.05, 3.44
14.00, 14.04, 3.28
14.00, 14.06, 4.12
14.00, 14.04, 3.23
14.00, 14.01, 2.87
14.00, 14.02, 3.87
14.00, 14.01, 3.19
14.00, 14.00, 3.19
14.00, 13.98, 3.14
14.00, 13.95, 2.79
14.00, 13.92, 2.57
14.00, 13.91, 3.16
14.00, 13.95, 4.01
14.00, 13.94, 2.92
14.00, 13.93, 3.05
14.00, 13.93, 3.18
14.00, 13.93, 3.26
14.00, 13.93, 3.31
14.00, 13.99, 4.51
14.00, 13.97, 2.77
14.00, 13.95, 2.92
14.00, 13.90, 2.29
14.00, 13.90, 3.09
14.00, 13.89, 2.92
14.00, 13.90, 3.37
14.00, 13.90, 3.11
14.00, 13.94, 3.91
14.00, 13.96, 3.62
14.00, 13.99, 3.86
14.00, 13.98, 3.14
14.00, 13.95, 2.60
14.00, 13.94, 3.13
14.00, 13.93, 3.12
14.00, 13.96, 3.78
14.00, 14.00, 4.05
14.00, 13.99, 3.13
14.00, 13.98, 3.31
14.00, 14.00, 3.83
14.00, 14.03, 4.10
14.00, 14.04, 3.66
14.00, 14.04, 3.50
14.00, 14.05, 3.75
14.00, 14.06, 3.90
14.00, 14.06, 3.49
14.00, 14.03, 3.04
14.00, 14.05, 4.12
14.00, 14.09, 4.31
14.00, 14.09, 3.74
14.00, 14.09, 3.74
14.00, 14.08, 3.42
14.00, 14.09, 3.91
14.00, 14.09, 3.75
14.00, 14.08, 3.57
14.00, 14.05, 3.13
14.00, 14.06, 3.76
14.00, 14.05, 3.51
14.00, 14.03, 3.08
14.00, 14.02, 3.33
14.00, 14.01, 3.41
14.00, 13.97, 2.58
14.00, 13.94, 2.79
14.00, 13.94, 3.44
14.00, 13.95, 3.46
14.00, 13.98, 3.82
14.00, 13.96, 2.84
14.00, 13.95, 3.26
14.00, 13.94, 2.89
14.00, 13.95, 3.68
14.00, 13.96, 3.28
14.00, 13.96, 3.35
14.00, 13.97, 3.52
14.00, 13.93, 2.33
14.00, 13.90, 2.81
14.00, 13.89, 2.82
14.00, 13.91, 3.50
14.00, 13.91, 3.22
14.00, 13.96, 4.15
14.00, 13.95, 2.85
14.00, 13.92, 2.79
14.00, 13.93, 3.35
14.00, 13.96, 3.85
14.00, 13.96, 3.19
14.00, 13.97, 3.53
14.00, 13.97, 3.29
14.00, 13.94, 2.75
14.00, 13.95, 3.37
14.00, 13.94, 3.05
14.00, 13.97, 3.87
14.00, 13.99, 3.61
14.00, 14.04, 4.56
14.00, 14.03, 3.21
14.00, 14.03, 3.57
14.00, 14.01, 3.07
14.00, 14.05, 4.37
14.00, 14.08, 4.13
14.00, 14.07, 3.50
14.00, 14.06, 3.48
14.00, 14.05, 3.45
14.00, 14.08, 4.30
14.00, 14.13, 4.65
14.00, 14.14, 3.95
14.00, 14.11, 3.17
14.00, 14.09, 3.57
14.00, 14.07, 3.17
14.00, 14.05, 3.41
14.00, 14.05, 3.65
14.00, 14.07, 4.05
14.00, 14.06, 3.34
14.00, 14.06, 3.80
14.00, 14.04, 3.13
14.00, 13.99, 2.53
14.00, 13.97, 3.06
14.00, 13.99, 3.79
14.00, 13.99, 3.39
14.00, 13.97, 2.89
14.00, 13.96, 3.23
14.00, 13.96, 3.37
14.00, 13.96, 3.24
14.00, 13.97, 3.48
14.00, 13.97, 3.47
14.00, 13.97, 3.27
14.00, 13.94, 2.67
14.00, 13.91, 2.65
14.00, 13.89, 2.71
14.00, 13.91, 3.64
14.00, 13.92, 3.28
14.00, 13.92, 3.14
14.00, 13.92, 3.17
14.00, 13.92, 3.16
14.00, 13.93, 3.45
14.00, 13.93, 3.05
14.00, 13.93, 3.15
14.00, 13.93, 3.36
14.00, 13.95, 3.52
14.00, 13.93, 2.74
14.00, 13.94, 3.43
14.00, 13.96, 3.63
14.00, 13.94, 2.86
14.00, 13.96, 3.62
14.00, 14.00, 4.12
14.00, 14.01, 3.51
14.00, 13.98, 2.86
14.00, 14.00, 3.89
14.00, 14.02, 3.80
14.00, 14.05, 4.17
14.00, 14.07, 3.78
14.00, 14.06, 3.45
14.00, 14.05, 3.42
14.00, 14.03, 3.17
14.00, 14.06, 4.36
14.00, 14.11, 4.62
14.00, 14.16, 4.75
14.00, 14.15, 3.56
14.00, 14.11, 3.06
14.00, 14.07, 3.04
14.00, 14.09, 4.22
14.00, 14.12, 4.26
14.00, 14.09, 3.09
14.00, 14.04, 2.83
14.00, 14.04, 3.60
14.00, 14.04, 3.73
14.00, 14.04, 3.51
14.00, 14.05, 3.76
14.00, 14.02, 3.02
14.00, 13.98, 2.59
14.00, 13.96, 3.00
14.00, 13.97, 3.64
14.00, 13.96, 3.17
14.00, 13.96, 3.22
14.00, 13.98, 3.71
14.00, 14.00, 3.70
14.00, 13.96, 2.63
14.00, 13.95, 3.08
14.00, 13.92, 2.77
14.00, 13.90, 2.79
14.00, 13.92, 3.46
14.00, 13.94, 3.68
14.00, 13.92, 2.64
14.00, 13.92, 3.18
14.00, 13.91, 3.03
14.00, 13.90, 2.85
14.00, 13.92, 3.53
14.00, 13.93, 3.42
14.00, 13.97, 4.12
14.00, 14.00, 3.66
14.00, 13.95, 2.39
14.00, 13.94, 3.18
14.00, 13.91, 2.49
14.00, 13.88, 2.64
14.00, 13.91, 3.79
14.00, 13.99, 4.62
14.00, 14.03, 4.10
14.00, 13.99, 2.55
14.00, 13.98, 3.29
14.00, 13.99, 3.48
14.00, 14.02, 4.25
14.00, 14.02, 3.26
14.00, 14.04, 4.02
14.00, 14.05, 3.70
14.00, 14.07, 3.96
14.00, 14.07, 3.65
14.00, 14.07, 3.71
14.00, 14.08, 3.83
14.00, 14.10, 4.17
14.00, 14.13, 4.36
14.00, 14.12, 3.51
14.00, 14.11, 3.61
14.00, 14.10, 3.61
14.00, 14.07, 3.24
14.00, 14.04, 2.92
14.00, 14.05, 4.06
14.00, 14.09, 4.32
14.00, 14.08, 3.41
14.00, 14.06, 3.30
14.00, 14.03, 3.08
14.00, 14.02, 3.29
14.00, 14.00, 3.03
14.00, 13.98, 3.15
14.00, 13.99, 3.69
14.00, 14.01, 3.70
14.00, 14.01, 3.53
14.00, 13.99, 2.85
14.00, 13.95, 2.74
14.00, 13.89, 1.87
14.00, 13.91, 3.74
14.00, 13.97, 4.46
14.00, 13.96, 2.91
14.00, 13.92, 2.49
14.00, 13.91, 3.05
14.00, 13.92, 3.39
14.00, 13.93, 3.36
14.00, 13.95, 3.51
14.00, 13.94, 3.15
14.00, 13.92, 2.79
14.00, 13.94, 3.52
14.00, 13.93, 2.93
14.00, 13.93, 3.33
14.00, 13.92, 2.88
14.00, 13.94, 3.59
14.00, 13.95, 3.54
14.00, 13.93, 2.70
14.00, 13.96, 3.96
14.00, 13.95, 2.89
14.00, 13.95, 3.24
14.00, 13.97, 3.75
14.00, 14.01, 4.20
14.00, 14.02, 3.50
14.00, 14.01, 3.25
14.00, 14.01, 3.37
14.00, 14.01, 3.55
14.00, 14.02, 3.65
14.00, 14.06, 4.29
14.00, 14.09, 4.21
14.00, 14.10, 3.84
14.00, 14.09, 3.62
14.00, 14.09, 3.70
14.00, 14.11, 4.17
14.00, 14.13, 4.17
14.00, 14.12, 3.53
14.00, 14.07, 2.82
14.00, 14.05, 3.37
14.00, 14.07, 4.15
14.00, 14.09, 4.04
14.00, 14.08, 3.36
14.00, 14.07, 3.64
14.00, 14.06, 3.42
14.00, 14.04, 3.24
14.00, 14.03, 3.47
14.00, 14.00, 2.84
14.00, 14.01, 3.66
14.00, 13.98, 2.81
14.00, 13.99, 3.75
14.00, 13.98, 3.07
14.00, 13.99, 3.70
14.00, 13.95, 2.45
14.00, 13.95, 3.47
14.00, 13.93, 2.63
14.00, 13.90, 2.65
14.00, 13.91, 3.40
14.00, 13.92, 3.37
14.00, 13.91, 2.78
14.00, 13.95, 4.20
14.00, 13.98, 3.68
14.00, 13.96, 2.89
14.00, 13.94, 3.01
14.00, 13.93, 3.05
14.00, 13.93, 3.12
14.00, 13.91, 2.68
14.00, 13.88, 2.54
14.00, 13.90, 3.62
14.00, 13.94, 3.87
14.00, 13.95, 3.38
14.00, 13.97, 3.68
14.00, 13.96, 3.03
14.00, 13.93, 2.64
14.00, 13.92, 3.05
14.00, 13.96, 4.14
14.00, 14.02, 4.51
14.00, 14.04, 3.76
14.00, 14.02, 3.01
14.00, 14.01, 3.34
14.00, 14.01, 3.31
14.00, 14.02, 3.73
14.00, 14.03, 3.82
14.00, 14.08, 4.43
14.00, 14.13, 4.75
14.00, 14.11, 3.15
14.00, 14.08, 3.38
14.00, 14.09, 3.93
14.00, 14.09, 3.75
14.00, 14.08, 3.51
14.00, 14.10, 4.18
14.00, 14.09, 3.38
14.00, 14.08, 3.51
14.00, 14.10, 4.16
14.00, 14.08, 3.30
14.00, 14.05, 3.15
14.00, 14.05, 3.69
14.00, 14.05, 3.60
14.00, 14.02, 3.00
14.00, 14.01, 3.27
14.00, 14.02, 3.73
14.00, 14.01, 3.13
14.00, 13.98, 2.94
14.00, 13.98, 3.50
14.00, 13.99, 3.47
14.00, 13.96, 2.75
14.00, 13.93, 2.71
14.00, 13.93, 3.28
14.00, 13.95, 3.76
14.00, 13.96, 3.25
14.00, 13.93, 2.60
14.00, 13.92, 3.17
14.00, 13.90, 2.65
14.00, 13.91, 3.45
14.00, 13.97, 4.34
14.00, 13.97, 3.20
14.00, 13.95, 2.88
14.00, 13.96, 3.55
14.00, 13.93, 2.50
14.00, 13.90, 2.65
14.00, 13.92, 3.62
14.00, 13.91, 2.84
14.00, 13.92, 3.38
14.00, 13.92, 3.16
14.00, 13.96, 4.00
14.00, 13.99, 3.72
14.00, 14.00, 3.69
14.00, 13.99, 3.09
14.00, 13.94, 2.29
14.00, 13.95, 3.60
14.00, 13.99, 4.16
14.00, 14.02, 3.93
14.00, 14.04, 3.91
14.00, 14.04, 3.39
14.00, 14.06, 4.13
14.00, 14.07, 3.66
14.00, 14.08, 3.97
14.00, 14.10, 3.99
14.00, 14.08, 3.32
14.00, 14.08, 3.75
14.00, 14.08, 3.74
14.00, 14.08, 3.64
14.00, 14.07, 3.38
14.00, 14.09, 4.30
14.00, 14.12, 4.25
14.00, 14.08, 2.82
14.00, 14.05, 3.23
14.00, 14.07, 4.18
14.00, 14.05, 2.99
14.00, 14.05, 3.74
14.00, 14.04, 3.47
14.00, 14.03, 3.21
14.00, 14.02, 3.30
14.00, 14.02, 3.52
14.00, 13.98, 2.63
14.00, 13.95, 2.97
14.00, 13.96, 3.40
14.00, 13.95, 3.05
14.00, 13.95, 3.46
14.00, 13.95, 3.14
14.00, 13.96, 3.45
14.00, 13.94, 2.98
14.00, 13.93, 2.88
14.00, 13.92, 3.17
14.00, 13.95, 3.80
14.00, 13.97, 3.69
14.00, 13.94, 2.59
14.00, 13.92, 2.71
14.00, 13.92, 3.22
14.00, 13.94, 3.71
14.00, 13.93, 2.91
14.00, 13.94, 3.47
14.00, 13.95, 3.47
14.00, 13.91, 2.31
14.00, 13.92, 3.38
14.00, 13.92, 3.17
14.00, 13.96, 4.00
14.00, 13.97, 3.50
14.00, 13.96, 3.07
14.00, 13.97, 3.50
14.00, 14.00, 3.97
14.00, 13.98, 2.87
14.00, 13.99, 3.48
14.00, 13.99, 3.40
14.00, 14.01, 3.87
14.00, 14.04, 4.05
14.00, 14.07, 4.23
14.00, 14.10, 4.11
14.00, 14.08, 3.24
14.00, 14.04, 2.98
14.00, 14.05, 3.89
14.00, 14.09, 4.33
14.00, 14.10, 3.94
14.00, 14.09, 3.35
14.00, 14.09, 3.88
14.00, 14.07, 3.27
14.00, 14.05, 3.35
14.00, 14.06, 3.77
14.00, 14.08, 3.99
14.00, 14.11, 4.35
14.00, 14.11, 3.64
14.00, 14.07, 2.92
14.00, 14.02, 2.72
14.00, 13.99, 2.85
14.00, 13.98, 3.37
14.00, 14.03, 4.44
14.00, 14.03, 3.42
14.00, 14.01, 2.98
14.00, 13.96, 2.56
14.00, 13.93, 2.69
14.00, 13.94, 3.63
14.00, 13.97, 3.75
14.00, 13.96, 3.09
14.00, 13.96, 3.28
14.00, 13.94, 2.90
14.00, 13.93, 3.00
14.00, 13.94, 3.39
14.00, 13.97, 4.04
14.00, 13.96, 2.99
14.00, 13.94, 2.78
14.00, 13.90, 2.32
14.00, 13.90, 3.21
14.00, 13.90, 3.23
14.00, 13.93, 3.76
14.00, 13.94, 3.22
14.00, 13.96, 3.61
14.00, 13.93, 2.59
14.00, 13.93, 3.27
14.00, 13.95, 3.68
14.00, 13.99, 3.98
14.00, 13.99, 3.32
14.00, 13.98, 3.10
14.00, 13.95, 2.86
14.00, 13.94, 2.99
14.00, 13.94, 3.36
14.00, 13.99, 4.17
14.00, 14.04, 4.47
14.00, 14.07, 4.00
14.00, 14.07, 3.63
14.00, 14.07, 3.55
14.00, 14.06, 3.60
14.00, 14.05, 3.36
14.00, 14.05, 3.57
14.00, 14.05, 3.65
14.00, 14.05, 3.64
14.00, 14.08, 4.15
14.00, 14.11, 4.21
14.00, 14.10, 3.59
14.00, 14.12, 4.12
14.00, 14.09, 3.10
14.00, 14.08, 3.65
14.00, 14.09, 3.98
14.00, 14.07, 3.20
14.00, 14.04, 3.18
14.00, 14.03, 3.32
14.00, 14.02, 3.23
14.00, 14.00, 3.24
14.00, 14.02, 3.98
14.00, 14.03, 3.55
14.00, 13.99, 2.68
14.00, 13.97, 2.96
14.00, 13.96, 3.16
14.00, 13.93, 2.74
14.00, 13.92, 3.05
14.00, 13.95, 3.76
14.00, 13.96, 3.56
14.00, 13.99, 3.78
14.00, 13.97, 2.86
14.00, 13.93, 2.60
14.00, 13.94, 3.47
14.00, 13.93, 2.89
14.00, 13.92, 3.11
14.00, 13.91, 2.88
14.00, 13.93, 3.61
14.00, 13.94, 3.40
14.00, 13.91, 2.39
14.00, 13.92, 3.51
14.00, 13.90, 2.62
14.00, 13.94, 4.18
14.00, 13.97, 3.75
14.00, 13.97, 3.13
14.00, 13.95, 2.99
14.00, 13.95, 3.31
14.00, 13.97, 3.60
14.00, 13.96, 2.97
14.00, 13.96, 3.43
14.00, 13.99, 3.78
14.00, 13.99, 3.35
14.00, 14.01, 3.94
14.00, 14.02, 3.65
14.00, 14.04, 3.74
14.00, 14.04, 3.66
14.00, 14.06, 3.82
14.00, 14.07, 3.95
14.00, 14.07, 3.50
14.00, 14.06, 3.45
14.00, 14.06, 3.70
14.00, 14.08, 3.95
14.00, 14.10, 4.24
14.00, 14.14, 4.39
14.00, 14.13, 3.67
14.00, 14.10, 3.18
14.00, 14.09, 3.63
14.00, 14.09, 3.80
14.00, 14.08, 3.39
14.00, 14.05, 3.18
14.00, 14.04, 3.40
14.00, 14.05, 3.76
14.00, 14.03, 3.23
14.00, 14.01, 3.03
14.00, 14.00, 3.31
14.00, 14.00, 3.50
14.00, 13.99, 3.14
14.00, 13.96, 2.80
14.00, 13.94, 2.98
14.00, 13.97, 3.85
14.00, 13.98, 3.57
14.00, 14.00, 3.79
14.00, 13.98, 2.87
14.00, 13.93, 2.30
14.00, 13.91, 2.88
14.00, 13.92, 3.51
14.00, 13.96, 3.92
14.00, 13.97, 3.41
13.00, 13.94, 2.69
13.00, 13.88, 1.85
13.00, 13.87, 3.10
13.00, 13.90, 3.79
13.00, 13.94, 3.98
13.00, 13.95, 3.43
13.00, 13.96, 3.46
13.00, 13.95, 3.15
13.00, 13.92, 2.84
13.00, 13.90, 2.80
13.00, 13.88, 2.90
13.00, 13.90, 3.81
13.00, 13.92, 3.60
13.00, 13.92, 3.37
13.00, 13.94, 3.72
13.00, 13.94, 3.34
13.00, 13.90, 2.72
13.00, 13.90, 3.46
13.00, 13.94, 4.22
13.00, 13.96, 3.79
13.00, 13.94, 3.03
13.00, 13.95, 3.95
13.00, 13.96, 3.76
13.00, 13.98, 4.01
13.00, 13.98, 3.60
13.00, 13.94, 2.99
13.00, 13.93, 3.38
13.00, 13.95, 4.03
13.00, 13.94, 3.38
13.00, 13.92, 3.34
13.00, 13.91, 3.48
13.00, 13.93, 3.96
13.00, 13.93, 3.72
13.00, 13.88, 2.35
13.00, 13.85, 3.06
13.00, 13.86, 3.72
13.00, 13.83, 2.78
13.00, 13.80, 2.83
13.00, 13.77, 2.79
13.00, 13.80, 3.90
13.00, 13.78, 2.69
13.00, 13.75, 2.74
13.00, 13.73, 2.77
13.00, 13.75, 3.61
13.00, 13.73, 2.70
13.00, 13.70, 2.66
13.00, 13.67, 2.46
13.00, 13.68, 3.19
13.00, 13.66, 2.55
13.00, 13.64, 2.59
13.00, 13.67, 3.57
13.00, 13.64, 2.35
13.00, 13.63, 2.71
13.00, 13.62, 2.68
13.00, 13.64, 3.27
13.00, 13.63, 2.75
13.00, 13.60, 2.32
13.00, 13.60, 2.92
13.00, 13.62, 3.21
13.00, 13.62, 2.86
13.00, 13.62, 2.93
13.00, 13.62, 3.05
13.00, 13.59, 2.12
13.00, 13.59, 2.97
13.00, 13.57, 2.39
13.00, 13.55, 2.48
13.00, 13.59, 3.56
13.00, 13.63, 3.69
13.00, 13.65, 3.34
13.00, 13.65, 3.11
13.00, 13.60, 2.05
13.00, 13.57, 2.37
13.00, 13.61, 3.90
13.00, 13.66, 3.92
13.00, 13.69, 3.72
13.00, 13.69, 3.27
13.00, 13.65, 2.38
13.00, 13.64, 3.01
13.00, 13.64, 3.17
13.00, 13.63, 3.09
13.00, 13.65, 3.54
13.00, 13.64, 2.98
13.00, 13.64, 3.17
13.00, 13.62, 2.71
13.00, 13.61, 3.15
13.00, 13.63, 3.45
13.00, 13.61, 2.77
13.00, 13.58, 2.45
13.00, 13.58, 3.28
13.00, 13.56, 2.47
13.00, 13.51, 2.12
13.00, 13.51, 2.81
13.00, 13.53, 3.43
13.00, 13.54, 2.97
13.00, 13.51, 2.37
13.00, 13.49, 2.39
13.00, 13.46, 2.29
13.00, 13.43, 2.01
13.00, 13.44, 3.12
13.00, 13.45, 2.74
13.00, 13.45, 2.63
13.00, 13.47, 3.24
13.00, 13.40, 1.06
13.00, 13.40, 2.44
13.00, 13.41, 2.98
13.00, 13.45, 3.41
13.00, 13.45, 2.58
13.00, 13.45, 2.71
13.00, 13.42, 2.16
13.00, 13.39, 2.16
13.00, 13.40, 2.73
13.00, 13.41, 2.84
13.00, 13.40, 2.34
13.00, 13.40, 2.72
13.00, 13.37, 2.01
13.00, 13.37, 2.51
13.00, 13.41, 3.47
13.00, 13.38, 1.80
13.00, 13.34, 1.97
13.00, 13.38, 3.51
13.00, 13.40, 2.86
13.00, 13.42, 3.03
13.00, 13.44, 3.22
13.00, 13.41, 1.96
13.00, 13.40, 2.65
13.00, 13.40, 2.84
13.00, 13.43, 3.36
13.00, 13.43, 2.73
13.00, 13.46, 3.43
13.00, 13.46, 2.90
13.00, 13.45, 2.55
13.00, 13.44, 2.88
13.00, 13.44, 2.89
13.00, 13.42, 2.30
13.00, 13.45, 3.76
13.00, 13.48, 3.40
13.00, 13.45, 2.39
13.00, 13.45, 2.93
13.00, 13.40, 1.83
13.00, 13.36, 2.16
13.00, 13.36, 2.64
13.00, 13.41, 3.87
13.00, 13.44, 3.26
13.00, 13.38, 1.55
13.00, 13.35, 2.43
13.00, 13.36, 2.86
13.00, 13.32, 1.79
13.00, 13.33, 2.92
13.00, 13.33, 2.56
13.00, 13.30, 1.94
13.00, 13.28, 2.22
13.00, 13.32, 3.26
13.00, 13.29, 1.91
13.00, 13.28, 2.33
13.00, 13.25, 1.87
13.00, 13.25, 2.48
13.00, 13.26, 2.57
13.00, 13.26, 2.32
13.00, 13.27, 2.63
13.00, 13.26, 2.34
13.00, 13.28, 2.79
13.00, 13.27, 2.23
13.00, 13.23, 1.54
13.00, 13.20, 1.92
13.00, 13.19, 2.04
13.00, 13.21, 2.60
13.00, 13.28, 3.80
13.00, 13.29, 2.62
13.00, 13.26, 1.91
13.00, 13.23, 1.81
13.00, 13.21, 1.98
13.00, 13.21, 2.29
13.00, 13.23, 2.91
13.00, 13.24, 2.49
13.00, 13.27, 3.02
13.00, 13.28, 2.69
13.00, 13.26, 2.11
13.00, 13.26, 2.43
13.00, 13.26, 2.49
13.00, 13.28, 2.90
13.00, 13.30, 3.11
13.00, 13.30, 2.49
13.00, 13.29, 2.46
13.00, 13.32, 3.19
13.00, 13.32, 2.75
13.00, 13.32, 2.79
13.00, 13.31, 2.46
13.00, 13.29, 2.34
13.00, 13.33, 3.59
13.00, 13.35, 2.99
13.00, 13.34, 2.68
13.00, 13.32, 2.24
13.00, 13.25, 1.46
13.00, 13.25, 2.55
13.00, 13.27, 3.00
13.00, 13.27, 2.52
13.00, 13.31, 3.50
13.00, 13.27, 1.71
13.00, 13.22, 1.79
13.00, 13.21, 2.39
13.00, 13.19, 1.81
13.00, 13.20, 2.74
13.00, 13.21, 2.68
13.00, 13.21, 2.40
13.00, 13.20, 2.18
13.00, 13.16, 1.39
13.00, 13.15, 2.21
13.00, 13.14, 2.10
13.00, 13.15, 2.37
13.00, 13.16, 2.42
13.00, 13.18, 2.87
13.00, 13.19, 2.41
13.00, 13.15, 1.45
13.00, 13.14, 2.20
13.00, 13.12, 1.81
13.00, 13.12, 2.31
13.00, 13.15, 2.65
13.00, 13.16, 2.46
13.00, 13.18, 2.68
13.00, 13.17, 2.16
13.00, 13.13, 1.44
13.00, 13.09, 1.35
13.00, 13.10, 2.64
13.00, 13.13, 2.54
13.00, 13.15, 2.70
13.00, 13.19, 3.13
13.00, 13.17, 1.73
13.00, 13.15, 2.03
13.00, 13.16, 2.48
13.00, 13.16, 2.35
13.00, 13.13, 1.67
13.00, 13.15, 2.84
13.00, 13.20, 3.20
13.00, 13.24, 3.22
13.00, 13.23, 2.33
13.00, 13.22, 2.40
13.00, 13.21, 2.22
13.00, 13.18, 2.05
13.00, 13.21, 3.00
13.00, 13.27, 3.81
13.00, 13.29, 2.93
13.00, 13.26, 2.12
13.00, 13.22, 2.03
13.00, 13.21, 2.34
13.00, 13.21, 2.57
13.00, 13.21, 2.60
13.00, 13.22, 2.75
13.00, 13.21, 2.34
13.00, 13.20, 2.38
13.00, 13.17, 1.85
13.00, 13.17, 2.47
13.00, 13.16, 2.34
13.00, 13.15, 2.14
13.00, 13.14, 2.06
13.00, 13.19, 3.51
13.00, 13.14, 1.18
13.00, 13.10, 1.66
13.00, 13.11, 2.60
13.00, 13.12, 2.40
13.00, 13.11, 1.96
13.00, 13.09, 1.86
13.00, 13.09, 2.31
13.00, 13.09, 2.02
13.00, 13.08, 2.12
13.00, 13.10, 2.60
13.00, 13.10, 2.08
13.00, 13.06, 1.29
13.00, 13.05, 2.01
13.00, 13.10, 3.37
13.00, 13.12, 2.47
13.00, 13.11, 2.04
13.00, 13.07, 1.23
13.00, 13.01, 1.04
13.00, 13.03, 2.09
13.00, 13.11, 3.89
13.00, 13.16, 2.92
13.00, 13.16, 2.38
13.00, 13.11, 1.42
13.00, 13.04, 0.71
13.00, 13.01, 1.44
13.00, 13.08, 3.52
13.00, 13.16, 3.79
13.00, 13.22, 3.52
13.00, 13.19, 1.91
13.00, 13.15, 1.68
13.00, 13.07, 0.76
13.00, 13.06, 1.83
13.00, 13.12, 3.69
13.00, 13.18, 3.38
13.00, 13.22, 3.20
13.00, 13.19, 1.98
13.00, 13.20, 2.74
13.00, 13.20, 2.63
13.00, 13.17, 1.88
13.00, 13.16, 2.40
13.00, 13.16, 2.62
13.00, 13.19, 3.10
13.00, 13.22, 3.19
13.00, 13.19, 1.90
13.00, 13.17, 2.15
13.00, 13.16, 2.37
13.00, 13.16, 2.51
13.00, 13.14, 2.05
13.00, 13.12, 1.99
13.00, 13.11, 2.21
13.00, 13.13, 2.78
13.00, 13.11, 2.03
13.00, 13.10, 2.04
13.00, 13.10, 2.42
13.00, 13.09, 1.92
13.00, 13.04, 1.37
13.00, 13.07, 2.78
13.00, 13.08, 2.31
13.00, 13.10, 2.71
13.00, 13.06, 1.35
13.00, 13.02, 1.45
13.00, 13.01, 1.87
13.00, 13.04, 2.77
13.00, 13.05, 2.21
13.00, 13.04, 1.90
13.00, 13.04, 2.16
13.00, 13.05, 2.33
13.00, 13.05, 2.03
13.00, 13.02, 1.64
13.00, 13.03, 2.29
13.00, 13.02, 1.90
13.00, 13.03, 2.24
13.00, 13.03, 2.05
13.00, 13.05, 2.46
13.00, 13.02, 1.56
13.00, 13.00, 1.57
13.00, 13.04, 2.95
13.00, 13.05, 2.25
13.00, 13.08, 2.78
13.00, 13.04, 1.35
13.00, 13.01, 1.54
13.00, 13.00, 1.83
13.00, 13.04, 2.98
13.00, 13.10, 3.28
13.00, 13.13, 2.93
13.00, 13.08, 1.11
13.00, 13.08, 2.31
13.00, 13.08, 2.24
13.00, 13.09, 2.68
13.00, 13.14, 3.18
13.00, 13.16, 2.75
13.00, 13.15, 2.25
13.00, 13.14, 2.45
13.00, 13.13, 2.20
13.00, 13.14, 2.63
13.00, 13.11, 1.93
13.00, 13.17, 3.76
13.00, 13.18, 2.60
13.00, 13.13, 1.54
13.00, 13.11, 2.06
13.00, 13.08, 1.80
13.00, 13.05, 1.80
13.00, 13.08, 2.79
13.00, 13.16, 3.98
13.00, 13.15, 2.15
13.00, 13.11, 1.79
13.00, 13.04, 0.86
13.00, 13.02, 1.53
13.00, 13.03, 2.58
13.00, 13.09, 3.45
13.00, 13.11, 2.51
13.00, 13.08, 1.57
13.00, 13.01, 1.03
13.00, 13.02, 1.90
13.00, 13.02, 2.15
13.00, 13.06, 2.97
13.00, 13.08, 2.53
13.00, 13.08, 2.38
13.00, 13.06, 1.85
13.00, 13.04, 1.81
13.00, 13.01, 1.66
13.00, 12.97, 1.21
13.00, 12.98, 2.31
13.00, 13.00, 2.44
13.00, 13.07, 3.52
13.00, 13.04, 1.40
13.00, 13.00, 1.29
13.00, 12.95, 1.14
13.00, 12.97, 2.37
13.00, 13.02, 2.97
13.00, 13.06, 2.89
13.00, 13.07, 2.40
13.00, 13.05, 1.67
13.00, 12.95, 0.22
13.00, 12.94, 1.87
13.00, 12.99, 3.12
13.00, 13.08, 3.67
13.00, 13.10, 2.70
13.00, 13.07, 1.60
13.00, 13.05, 1.83
13.00, 13.06, 2.57
13.00, 13.07, 2.40
13.00, 13.07, 2.18
13.00, 13.08, 2.57
13.00, 13.08, 2.26
13.00, 13.11, 2.97
13.00, 13.15, 3.31
13.00, 13.13, 1.93
13.00, 13.09, 1.80
13.00, 13.10, 2.56
13.00, 13.10, 2.43
13.00, 13.14, 3.26
13.00, 13.12, 1.97
13.00, 13.10, 2.12
13.00, 13.09, 2.17
13.00, 13.09, 2.40
13.00, 13.09, 2.28
13.00, 13.07, 2.07
13.00, 13.06, 2.14
13.00, 13.07, 2.53
13.00, 13.07, 2.20
13.00, 13.06, 2.03
13.00, 13.02, 1.43
13.00, 12.97, 1.31
13.00, 13.01, 2.96
13.00, 13.05, 2.92
13.00, 13.04, 1.76
13.00, 12.99, 1.24
13.00, 12.99, 2.28
13.00, 12.99, 1.95
13.00, 12.98, 1.77
13.00, 12.98, 2.20
13.00, 13.00, 2.37
13.00, 13.02, 2.47
13.00, 13.01, 1.79
13.00, 12.98, 1.56
13.00, 12.98, 2.18
13.00, 12.99, 2.08
13.00, 12.98, 1.95
13.00, 12.99, 2.19
13.00, 12.98, 1.87
13.00, 13.01, 2.65
13.00, 12.99, 1.57
13.00, 12.96, 1.38
13.00, 12.95, 1.82
13.00, 12.98, 2.75
13.00, 13.02, 2.63
13.00, 13.04, 2.55
13.00, 13.00, 1.32
13.00, 12.97, 1.41
13.00, 12.99, 2.53
13.00, 13.02, 2.76
13.00, 13.07, 3.00
13.00, 13.05, 1.72
13.00, 13.05, 2.40
13.00, 13.03, 1.77
13.00, 13.03, 2.18
13.00, 13.06, 2.83
13.00, 13.10, 3.18
13.00, 13.09, 2.13
13.00, 13.09, 2.22
13.00, 13.07, 1.95
13.00, 13.07, 2.52
13.00, 13.10, 2.94
13.00, 13.11, 2.54
13.00, 13.09, 2.07
13.00, 13.09, 2.39
13.00, 13.09, 2.25
13.00, 13.10, 2.69
13.00, 13.09, 2.15
13.00, 13.08, 2.21
13.00, 13.08, 2.39
13.00, 13.03, 1.33
13.00, 13.03, 2.38
13.00, 13.05, 2.55
13.00, 13.06, 2.44
13.00, 13.03, 1.61
13.00, 12.99, 1.35
13.00, 13.00, 2.43
13.00, 13.01, 2.41
13.00, 13.00, 1.80
13.00, 13.01, 2.39
13.00, 13.00, 1.86
13.00, 12.99, 1.92
13.00, 12.97, 1.58
13.00, 12.96, 1.85
13.00, 13.00, 3.03
13.00, 13.01, 2.02
13.00, 12.99, 1.69
13.00, 12.98, 2.06
13.00, 12.95, 1.38
13.00, 12.92, 1.38
13.00, 12.96, 2.78
13.00, 13.00, 2.72
13.00, 12.99, 1.68
13.00, 12.97, 1.75
13.00, 12.97, 2.05
13.00, 12.97, 2.07
13.00, 13.00, 2.59
13.00, 12.99, 1.78
13.00, 12.96, 1.45
13.00, 12.97, 2.37
13.00, 12.99, 2.32
13.00, 13.00, 2.31
13.00, 12.99, 1.77
13.00, 12.99, 2.12
13.00, 12.98, 1.76
13.00, 13.03, 3.26
13.00, 13.09, 3.32
13.00, 13.06, 1.48
13.00, 13.04, 2.06
13.00, 13.00, 1.31
13.00, 12.99, 2.17
13.00, 13.04, 3.10
13.00, 13.07, 2.66
13.00, 13.12, 3.41
13.00, 13.14, 2.76
13.00, 13.09, 1.43
13.00, 13.05, 1.63
13.00, 13.05, 2.46
13.00, 13.06, 2.53
13.00, 13.10, 3.14
13.00, 13.12, 2.82
13.00, 13.10, 2.03
13.00, 13.06, 1.44
13.00, 13.04, 2.17
13.00, 13.05, 2.50
13.00, 13.07, 2.61
13.00, 13.01, 1.04
13.00, 12.99, 1.40
13.00, 13.04, 3.27
13.00, 13.06, 2.65
13.00, 13.06, 2.25
13.00, 13.05, 2.11
13.00, 12.97, 0.55
13.00, 12.96, 1.84
13.00, 12.98, 2.54
13.00, 13.02, 2.86
13.00, 13.06, 2.94
13.00, 13.04, 1.76
13.00, 13.00, 1.45
13.00, 12.94, 0.83
13.00, 12.95, 2.07
13.00, 13.01, 3.29
13.00, 13.06, 3.05
13.00, 13.06, 2.25
13.00, 12.98, 0.41
13.00, 12.90, 0.73
13.00, 12.88, 1.27
13.00, 13.00, 4.56
13.00, 13.09, 3.55
13.00, 13.09, 2.18
13.00, 13.03, 1.11
13.00, 12.94, 0.38
13.00, 12.93, 2.11
13.00, 12.96, 2.48
13.00, 13.01, 3.01
13.00, 13.05, 2.80
13.00, 13.02, 1.58
13.00, 13.03, 2.45
13.00, 13.00, 1.49
13.00, 12.99, 2.08
13.00, 12.99, 2.10
13.00, 13.00, 2.31
13.00, 13.07, 3.70
13.00, 13.09, 2.56
13.00, 13.06, 1.58
13.00, 13.01, 1.48
13.00, 13.02, 2.38
13.00, 13.06, 3.18
13.00, 13.09, 2.76
13.00, 13.12, 2.99
13.00, 13.06, 1.12
13.00, 13.06, 2.55
13.00, 13.08, 2.67
13.00, 13.09, 2.63
13.00, 13.09, 2.39
13.00, 13.07, 1.93
13.00, 13.04, 1.86
13.00, 13.05, 2.44
13.00, 13.09, 3.21
13.00, 13.06, 1.63
13.00, 13.05, 2.17
13.00, 13.00, 1.36
13.00, 12.98, 1.71
13.00, 13.02, 3.03
13.00, 13.01, 1.82
13.00, 13.00, 2.14
13.00, 12.98, 1.71
13.00, 12.99, 2.31
13.00, 13.00, 2.29
13.00, 12.99, 1.88
13.00, 12.96, 1.47
13.00, 12.98, 2.56
13.00, 12.97, 1.76
13.00, 12.96, 1.86
13.00, 12.98, 2.49
13.00, 12.98, 1.99
13.00, 12.96, 1.56
13.00, 12.93, 1.48
13.00, 12.92, 1.69
13.00, 12.94, 2.43
13.00, 12.99, 2.89
13.00, 13.01, 2.38
13.00, 12.99, 1.65
13.00, 12.95, 1.27
13.00, 12.93, 1.72
13.00, 12.93, 2.02
13.00, 13.00, 3.39
13.00, 13.00, 1.83
13.00, 12.99, 1.94
13.00, 12.97, 1.67
13.00, 12.93, 1.18
13.00, 12.94, 2.32
13.00, 12.95, 2.16
13.00, 12.96, 2.08
13.00, 12.97, 2.28
13.00, 13.02, 2.95
13.00, 13.08, 3.50
13.00, 13.07, 1.90
13.00, 13.01, 1.10
13.00, 12.97, 1.30
13.00, 13.01, 3.07
13.00, 13.06, 3.09
13.00, 13.10, 3.19
13.00, 13.09, 2.11
13.00, 13.08, 2.19
13.00, 13.09, 2.58
13.00, 13.06, 1.80
13.00, 13.05, 2.21
13.00, 13.04, 2.02
13.00, 13.08, 3.25
13.00, 13.09, 2.61
13.00, 13.09, 2.34
13.00, 13.08, 2.23
13.00, 13.05, 1.71
13.00, 13.01, 1.46
13.00, 12.96, 1.18
13.00, 12.99, 2.98
13.00, 13.03, 2.79
13.00, 13.04, 2.43
13.00, 13.04, 2.17
13.00, 12.99, 1.26
13.00, 12.96, 1.61
13.00, 12.95, 1.73
13.00, 12.96, 2.32
13.00, 13.01, 3.14
13.00, 13.01, 1.87
13.00, 12.96, 1.24
13.00, 12.92, 1.11
13.00, 12.95, 2.77
13.00, 12.98, 2.52
13.00, 13.01, 2.66
13.00, 13.01, 1.94
13.00, 12.97, 1.45
13.00, 12.89, 0.35
13.00, 12.88, 1.79
13.00, 12.91, 2.43
13.00, 13.01, 3.90
13.00, 13.05, 2.73
13.00, 13.03, 1.74
13.00, 12.98, 1.26
13.00, 12.91, 0.65
13.00, 12.90, 1.63
13.00, 12.94, 2.83
13.00, 13.01, 3.28
13.00, 13.02, 2.25
13.00, 13.01, 1.96
13.00, 12.99, 1.77
13.00, 12.97, 1.73
13.00, 12.97, 1.96
13.00, 12.97, 2.19
13.00, 12.99, 2.39
13.00, 12.99, 2.11
13.00, 13.02, 2.62
13.00, 13.04, 2.54
13.00, 13.07, 2.99
13.00, 13.10, 2.83
13.00, 13.08, 2.02
13.00, 13.07, 2.11
13.00, 13.02, 1.44
13.00, 13.04, 2.66
13.00, 13.07, 2.84
13.00, 13.09, 2.69
13.00, 13.09, 2.58
13.00, 13.09, 2.28
13.00, 13.05, 1.65
13.00, 13.06, 2.51
13.00, 13.04, 1.86
13.00, 13.06, 2.78
13.00, 13.09, 2.98
13.00, 13.03, 1.09
13.00, 13.00, 1.58
13.00, 12.98, 1.75
13.00, 12.98, 2.21
13.00, 13.02, 3.02
13.00, 13.07, 3.03
13.00, 13.05, 1.94
13.00, 13.02, 1.57
13.00, 12.98, 1.43
13.00, 12.95, 1.67
13.00, 12.93, 1.46
13.00, 12.97, 2.98
13.00, 13.02, 2.92
13.00, 13.01, 1.91
13.00, 12.97, 1.25
13.00, 12.94, 1.51
13.00, 12.93, 1.95
13.00, 12.94, 2.00
13.00, 12.98, 2.83
13.00, 13.00, 2.52
13.00, 13.01, 2.15
13.00, 12.97, 1.34
13.00, 12.92, 0.97
13.00, 12.91, 1.45
13.00, 12.92, 2.08
13.00, 12.98, 3.26
13.00, 13.02, 2.75
13.00, 13.06, 2.90
13.00, 13.01, 1.10
13.00, 12.94, 0.68
13.00, 12.96, 2.39
13.00, 12.99, 2.68
13.00, 13.02, 2.66
13.00, 13.03, 2.40
13.00, 13.04, 2.43
13.00, 12.98, 0.91
13.00, 12.97, 1.61
13.00, 13.00, 2.88
13.00, 13.08, 3.71
13.00, 13.11, 2.89
13.00, 13.10, 2.28
13.00, 13.07, 1.72
13.00, 13.05, 1.99
13.00, 13.03, 1.92
13.00, 13.03, 2.37
13.00, 13.08, 3.32
13.00, 13.13, 3.47
13.00, 13.13, 2.36
13.00, 13.08, 1.45
13.00, 13.03, 1.42
13.00, 13.02, 2.25
13.00, 13.05, 2.80
13.00, 13.05, 2.36
13.00, 13.07, 2.60
13.00, 13.06, 2.18
13.00, 13.05, 2.08
13.00, 13.04, 2.21
13.00, 12.98, 1.04
13.00, 12.98, 1.84
13.00, 12.98, 2.16
13.00, 13.02, 2.91
13.00, 13.08, 3.49
13.00, 13.08, 2.09
13.00, 12.98, 0.39
13.00, 12.91, 0.73
13.00, 12.90, 1.71
13.00, 12.96, 3.24
13.00, 13.03, 3.23
13.00, 13.06, 2.71
13.00, 13.01, 1.30
13.00, 12.96, 1.10
13.00, 12.92, 1.33
13.00, 12.92, 2.02
13.00, 12.96, 2.64
13.00, 13.00, 2.94
13.00, 13.04, 2.76
13.00, 13.01, 1.65
13.00, 12.95, 0.95
13.00, 12.91, 0.71
13.00, 12.92, 2.10
13.00, 12.99, 3.44
13.00, 13.05, 3.21
13.00, 13.06, 2.36
13.00, 13.02, 1.53
13.00, 12.99, 1.54
13.00, 12.97, 1.78
13.00, 12.94, 1.50
13.00, 12.93, 1.82
13.00, 12.98, 3.00
13.00, 13.05, 3.53
13.00, 13.05, 2.09
13.00, 13.07, 2.71
13.00, 13.01, 1.05
13.00, 12.95, 0.61
13.00, 12.94, 1.93
13.00, 13.06, 4.66
13.00, 13.15, 3.91
13.00, 13.16, 2.69
13.00, 13.09, 1.17
13.00, 13.05, 1.60
13.00, 13.03, 2.02
13.00, 13.05, 2.81
13.00, 13.08, 2.96
13.00, 13.12, 3.27
13.00, 13.13, 2.51
13.00, 13.09, 1.72
13.00, 13.03, 1.28
13.00, 12.99, 1.57
13.00, 12.99, 2.33
13.00, 13.05, 3.30
13.00, 13.08, 2.87
13.00, 13.07, 2.12
13.00, 13.00, 0.97
13.00, 12.95, 0.78
13.00, 12.96, 2.24
13.00, 12.99, 2.69
13.00, 13.05, 3.37
13.00, 13.10, 3.32
13.00, 13.08, 1.85
13.00, 13.00, 0.70
13.00, 12.93, 0.70
13.00, 12.89, 1.03
13.00, 12.94, 2.65
13.00, 13.07, 4.61
13.00, 13.12, 3.15
13.00, 13.08, 1.63
13.00, 13.00, 0.83
13.00, 12.92, 0.29
13.00, 12.91, 1.89
13.00, 12.99, 3.76
13.00, 13.04, 2.89
13.00, 13.07, 2.82
13.00, 13.03, 1.56
13.00, 12.97, 1.07
13.00, 12.91, 0.72
13.00, 12.92, 1.91
13.00, 12.96, 2.89
13.00, 13.00, 2.77
13.00, 13.06, 3.44
13.00, 13.00, 0.85
13.00, 12.94, 0.58
13.00, 12.93, 1.86
13.00, 13.00, 3.60
13.00, 13.08, 3.60
13.00, 13.09, 2.56
13.00, 13.05, 1.49
13.00, 13.02, 1.75
13.00, 12.96, 1.13
13.00, 12.95, 1.95
13.00, 13.03, 3.68
13.00, 13.08, 3.25
13.00, 13.08, 2.21
13.00, 13.08, 2.53
13.00, 13.07, 2.13
13.00, 13.02, 1.42
13.00, 12.99, 1.67
13.00, 13.03, 3.21
13.00, 13.08, 3.14
13.00, 13.08, 2.30
13.00, 13.07, 2.16
13.00, 13.05, 2.07
13.00, 13.05, 2.47
13.00, 13.02, 1.66
13.00, 13.00, 1.92
13.00, 13.01, 2.47
13.00, 12.99, 1.66
13.00, 12.98, 1.94
13.00, 13.00, 2.74
13.00, 13.00, 2.09
13.00, 12.98, 1.76
13.00, 12.96, 1.60
13.00, 12.95, 1.97
13.00, 12.96, 2.33
13.00, 13.00, 2.75
13.00, 12.99, 1.98
13.00, 12.97, 1.58
13.00, 12.93, 1.33
13.00, 12.92, 1.76
13.00, 12.92, 1.93
13.00, 12.92, 1.89
13.00, 12.91, 1.82
13.00, 12.94, 2.58
13.00, 12.97, 2.47
13.00, 12.96, 1.76
13.00, 12.95, 1.86
13.00, 12.95, 2.03
13.00, 12.92, 1.39
13.00, 12.92, 1.94
13.00, 12.98, 3.25
13.00, 13.01, 2.63
13.00, 12.98, 1.29
13.00, 12.90, 0.57
13.00, 12.88, 1.49
13.00, 12.91, 2.53
13.00, 12.96, 2.89
13.00, 13.00, 2.77
13.00, 13.00, 2.05
13.00, 13.00, 2.19
13.00, 12.99, 1.86
13.00, 12.97, 1.73
13.00, 12.96, 1.90
13.00, 12.96, 2.13
13.00, 13.01, 2.99
13.00, 13.03, 2.55
13.00, 13.04, 2.41
13.00, 13.05, 2.48
13.00, 13.05, 2.36
13.00, 13.03, 1.88
13.00, 13.01, 1.82
13.00, 13.05, 3.08
13.00, 13.06, 2.40
13.00, 13.08, 2.76
13.00, 13.08, 2.34
13.00, 13.06, 1.98
13.00, 13.03, 1.90
13.00, 13.05, 2.71
13.00, 13.03, 1.82
13.00, 13.00, 1.76
13.00, 13.03, 2.85
13.00, 13.03, 2.09
13.00, 13.03, 2.35
13.00, 12.98, 1.21
13.00, 12.99, 2.36
13.00, 12.98, 1.94
13.00, 13.04, 3.54
13.00, 13.04, 1.95
13.00, 12.97, 0.86
13.00, 12.93, 0.96
13.00, 12.92, 1.45
13.00, 12.98, 3.50
13.00, 13.07, 3.72
13.00, 13.09, 2.57
13.00, 13.01, 0.79
13.00, 12.92, 0.14
13.00, 12.89, 1.59
13.00, 12.95, 3.09
13.00, 13.01, 3.29
13.00, 13.08, 3.47
13.00, 13.08, 2.30
13.00, 12.98, 0.16
13.00, 12.93, 1.38
13.00, 12.93, 2.06
13.00, 12.94, 2.14
13.00, 13.00, 3.35
13.00, 12.98, 1.36
13.00, 12.93, 1.24
13.00, 12.93, 2.08
13.00, 12.94, 2.07
13.00, 12.96, 2.47
13.00, 12.99, 2.56
13.00, 12.99, 2.04
13.00, 13.00, 2.29
13.00, 12.98, 1.67
13.00, 13.01, 2.83
13.00, 13.01, 2.14
13.00, 12.98, 1.45
13.00, 13.00, 2.73
13.00, 12.99, 1.76
13.00, 13.00, 2.48
13.00, 13.00, 2.10
13.00, 13.07, 3.72
13.00, 13.06, 1.94
13.00, 13.06, 2.35
13.00, 13.03, 1.68
13.00, 13.03, 2.51
13.00, 13.06, 2.89
13.00, 13.03, 1.53
13.00, 13.07, 3.35
13.00, 13.08, 2.39
13.00, 13.06, 1.91
13.00, 13.03, 1.85
13.00, 13.00, 1.68
13.00, 13.01, 2.49
13.00, 13.01, 2.15
13.00, 13.00, 2.06
13.00, 13.01, 2.42
13.00, 13.02, 2.25
13.00, 13.01, 2.14
13.00, 12.97, 1.33
13.00, 12.99, 2.68
13.00, 12.97, 1.53
13.00, 12.98, 2.40
13.00, 13.00, 2.50
13.00, 12.99, 1.95
13.00, 12.92, 0.52
13.00, 12.89, 1.31
13.00, 12.92, 2.67
13.00, 12.95, 2.44
13.00, 12.99, 2.73
13.00, 13.00, 2.30
13.00, 12.97, 1.38
13.00, 12.95, 1.88
13.00, 12.96, 2.12
13.00, 12.97, 2.23
13.00, 12.97, 2.16
13.00, 12.99, 2.43
13.00, 12.96, 1.39
13.00, 12.92, 1.31
13.00, 12.92, 1.88
13.00, 12.91, 1.81
13.00, 12.94, 2.42
13.00, 13.00, 3.28
13.00, 13.00, 2.03
13.00, 12.99, 1.81
13.00, 12.95, 1.34
13.00, 12.92, 1.44
13.00, 12.95, 2.66
13.00, 12.99, 2.84
13.00, 13.02, 2.59
13.00, 13.01, 1.99
13.00, 12.98, 1.56
13.00, 12.99, 2.28
13.00, 12.99, 2.15
13.00, 13.00, 2.34
14.00, 13.00, 2.17
14.00, 13.04, 3.00
14.00, 13.09, 3.13
14.00, 13.09, 2.17
14.00, 13.05, 1.58
14.00, 13.07, 2.79
14.00, 13.05, 1.82
14.00, 13.03, 1.76
14.00, 13.07, 3.00
14.00, 13.09, 2.52
14.00, 13.10, 2.51
14.00, 13.13, 2.91
14.00, 13.09, 1.57
14.00, 13.06, 1.52
14.00, 13.07, 2.47
14.00, 13.08, 2.30
14.00, 13.08, 2.27
14.00, 13.10, 2.65
14.00, 13.12, 2.44
14.00, 13.10, 1.93
14.00, 13.08, 1.75
14.00, 13.08, 2.11
14.00, 13.07, 1.80
14.00, 13.09, 2.66
14.00, 13.09, 2.08
14.00, 13.10, 2.17
14.00, 13.06, 1.13
14.00, 13.07, 2.42
14.00, 13.13, 3.28
14.00, 13.16, 2.47
14.00, 13.13, 1.61
14.00, 13.14, 2.38
14.00, 13.16, 2.53
14.00, 13.16, 2.27
14.00, 13.14, 1.69
14.00, 13.15, 2.42
14.00, 13.13, 1.65
14.00, 13.15, 2.49
14.00, 13.18, 2.88
14.00, 13.18, 2.09
14.00, 13.15, 1.36
14.00, 13.13, 1.84
14.00, 13.18, 3.25
14.00, 13.28, 4.06
14.00, 13.29, 2.45
14.00, 13.23, 1.16
14.00, 13.22, 2.33
14.00, 13.21, 1.82
14.00, 13.21, 2.46
14.00, 13.29, 3.74
14.00, 13.30, 2.60
14.00, 13.30, 2.36
14.00, 13.34, 3.41
14.00, 13.33, 2.23
14.00, 13.30, 1.84
14.00, 13.35, 3.75
14.00, 13.38, 2.87
14.00, 13.38, 2.66
14.00, 13.39, 2.84
14.00, 13.38, 2.50
14.00, 13.39, 2.86
14.00, 13.42, 3.22
14.00, 13.42, 2.78
14.00, 13.42, 2.61
14.00, 13.44, 3.20
14.00, 13.41, 2.18
14.00, 13.39, 2.32
14.00, 13.40, 2.94
14.00, 13.43, 3.06
14.00, 13.42, 2.51
14.00, 13.42, 2.77
14.00, 13.40, 2.13
14.00, 13.41, 3.01
14.00, 13.45, 3.49
14.00, 13.43, 2.04
14.00, 13.39, 1.91
14.00, 13.36, 1.98
14.00, 13.36, 2.44
14.00, 13.38, 2.86
14.00, 13.38, 2.52
14.00, 13.42, 3.25
14.00, 13.40, 1.93
14.00, 13.39, 2.39
14.00, 13.43, 3.39
14.00, 13.45, 2.90
14.00, 13.46, 2.79
14.00, 13.41, 1.65
14.00, 13.39, 2.20
14.00, 13.41, 2.80
14.00, 13.40, 2.28
14.00, 13.43, 3.13
14.00, 13.44, 2.62
14.00, 13.40, 1.60
14.00, 13.43, 3.15
14.00, 13.45, 2.96
14.00, 13.50, 3.53
14.00, 13.50, 2.69
14.00, 13.49, 2.33
14.00, 13.46, 2.06
14.00, 13.45, 2.58
14.00, 13.48, 3.18
14.00, 13.50, 2.98
14.00, 13.52, 3.08
14.00, 13.52, 2.67
14.00, 13.53, 2.99
14.00, 13.53, 2.72
14.00, 13.56, 3.33
14.00, 13.57, 3.07
14.00, 13.56, 2.58
14.00, 13.59, 3.44
14.00, 13.61, 3.39
14.00, 13.61, 2.91
14.00, 13.64, 3.61
14.00, 13.63, 2.67
14.00, 13.64, 3.38
14.00, 13.65, 3.13
14.00, 13.64, 2.99
14.00, 13.65, 3.13
14.00, 13.65, 3.11
14.00, 13.65, 3.12
14.00, 13.63, 2.62
14.00, 13.64, 3.12
14.00, 13.64, 3.04
14.00, 13.64, 2.93
14.00, 13.61, 2.38
14.00, 13.62, 3.17
14.00, 13.63, 3.12
14.00, 13.62, 2.85
14.00, 13.59, 2.26
14.00, 13.56, 2.16
14.00, 13.59, 3.50
14.00, 13.57, 2.18
14.00, 13.57, 2.74
14.00, 13.59, 3.21
14.00, 13.60, 3.01
14.00, 13.63, 3.40
14.00, 13.62, 2.69
14.00, 13.62, 2.71
14.00, 13.62, 2.93
14.00, 13.57, 1.63
14.00, 13.54, 2.28
14.00, 13.56, 3.07
14.00, 13.59, 3.31
14.00, 13.63, 3.45
14.00, 13.61, 2.30
14.00, 13.60, 2.60
14.00, 13.59, 2.45
14.00, 13.60, 2.98
14.00, 13.63, 3.49
14.00, 13.67, 3.52
14.00, 13.66, 2.72
14.00, 13.65, 2.64
14.00, 13.64, 2.72
14.00, 13.64, 2.73
14.00, 13.64, 2.83
14.00, 13.68, 3.85
14.00, 13.68, 2.74
14.00, 13.69, 3.21
14.00, 13.69, 2.93
14.00, 13.71, 3.40
14.00, 13.76, 4.05
14.00, 13.77, 3.40
14.00, 13.78, 3.27
14.00, 13.78, 3.36
14.00, 13.76, 2.71
14.00, 13.74, 2.95
14.00, 13.77, 3.64
14.00, 13.79, 3.59
14.00, 13.80, 3.56
14.00, 13.81, 3.44
14.00, 13.79, 2.90
14.00, 13.78, 2.97
14.00, 13.78, 3.44
14.00, 13.80, 3.56
14.00, 13.78, 2.88
14.00, 13.75, 2.63
14.00, 13.76, 3.40
14.00, 13.79, 3.83
14.00, 13.79, 3.03
14.00, 13.76, 2.66
14.00, 13.73, 2.50
14.00, 13.70, 2.52
14.00, 13.71, 3.07
14.00, 13.71, 3.10
14.00, 13.72, 3.12
14.00, 13.73, 3.20
14.00, 13.71, 2.49
14.00, 13.71, 2.89
14.00, 13.72, 3.29
14.00, 13.73, 2.97
14.00, 13.73, 2.97
14.00, 13.70, 2.42
14.00, 13.70, 2.96
14.00, 13.68, 2.44
14.00, 13.67, 2.57
14.00, 13.68, 3.16
14.00, 13.71, 3.24
14.00, 13.73, 3.24
14.00, 13.76, 3.67
14.00, 13.74, 2.46
14.00, 13.72, 2.63
14.00, 13.72, 3.02
14.00, 13.73, 3.01
14.00, 13.76, 3.63
14.00, 13.81, 3.94
14.00, 13.77, 2.15
14.00, 13.74, 2.53
14.00, 13.71, 2.53
14.00, 13.73, 3.22
14.00, 13.81, 4.60
14.00, 13.85, 4.03
14.00, 13.87, 3.60
14.00, 13.84, 2.69
14.00, 13.82, 2.85
14.00, 13.80, 2.85
14.00, 13.80, 3.19
14.00, 13.86, 4.43
14.00, 13.89, 3.78
14.00, 13.91, 3.93
14.00, 13.91, 3.37
14.00, 13.90, 3.22
14.00, 13.88, 2.96
14.00, 13.84, 2.68
14.00, 13.88, 4.24
14.00, 13.89, 3.47
14.00, 13.89, 3.28
14.00, 13.88, 3.36
14.00, 13.87, 3.04
14.00, 13.88, 3.56
14.00, 13.88, 3.44
14.00, 13.82, 2.07
14.00, 13.79, 2.72
14.00, 13.78, 2.85
14.00, 13.81, 3.78
14.00, 13.83, 3.50
14.00, 13.84, 3.26
14.00, 13.81, 2.61
14.00, 13.80, 2.97
14.00, 13.80, 3.05
14.00, 13.83, 3.67
14.00, 13.83, 3.07
14.00, 13.80, 2.63
14.00, 13.77, 2.49
14.00, 13.75, 2.58
14.00, 13.77, 3.32
14.00, 13.79, 3.43
14.00, 13.81, 3.25
14.00, 13.83, 3.50
14.00, 13.80, 2.42
14.00, 13.77, 2.54
14.00, 13.79, 3.37
14.00, 13.81, 3.53
14.00, 13.83, 3.41
14.00, 13.82, 2.79
14.00, 13.79, 2.55
14.00, 13.78, 2.84
14.00, 13.81, 3.58
14.00, 13.84, 3.73
14.00, 13.84, 3.05
14.00, 13.81, 2.51
14.00, 13.81, 3.15
14.00, 13.84, 3.69
14.00, 13.87, 3.64
14.00, 13.89, 3.56
14.00, 13.91, 3.76
14.00, 13.92, 3.53
14.00, 13.89, 2.62
14.00, 13.89, 3.40
14.00, 13.89, 3.45
14.00, 13.93, 4.03
14.00, 13.95, 3.94
14.00, 13.99, 4.18
14.00, 13.99, 3.64
14.00, 13.97, 3.18
14.00, 13.92, 2.49
14.00, 13.90, 3.16
14.00, 13.91, 3.55
14.00, 13.94, 4.08
14.00, 13.98, 4.11
14.00, 13.99, 3.66
14.00, 13.98, 3.48
14.00, 13.94, 2.69
14.00, 13.88, 2.31
14.00, 13.88, 3.32
14.00, 13.90, 3.76
14.00, 13.90, 3.19
14.00, 13.89, 3.09
14.00, 13.86, 2.72
14.00, 13.87, 3.50
14.00, 13.87, 3.17
14.00, 13.87, 3.22
14.00, 13.85, 2.80
14.00, 13.84, 2.86
14.00, 13.82, 2.67
14.00, 13.84, 3.56
14.00, 13.86, 3.54
14.00, 13.87, 3.33
14.00, 13.86, 2.88
14.00, 13.82, 2.37
14.00, 13.79, 2.49
14.00, 13.81, 3.31
14.00, 13.86, 4.10
14.00, 13.88, 3.33
14.00, 13.89, 3.57
14.00, 13.88, 2.79
14.00, 13.85, 2.73
14.00, 13.83, 2.65
14.00, 13.82, 2.86
14.00, 13.81, 2.72
14.00, 13.85, 3.93
14.00, 13.91, 4.34
14.00, 13.94, 3.85
14.00, 13.90, 2.33
14.00, 13.87, 2.76
14.00, 13.86, 2.99
14.00, 13.87, 3.32
14.00, 13.92, 4.39
14.00, 13.98, 4.41
14.00, 13.98, 3.36
14.00, 13.95, 2.97
14.00, 13.94, 3.11
14.00, 13.93, 3.36
14.00, 13.97, 4.11
14.00, 13.99, 3.76
14.00, 13.98, 3.32
14.00, 14.01, 4.32
14.00, 14.01, 3.45
14.00, 14.02, 3.92
14.00, 14.01, 3.28
14.00, 13.98, 3.04
14.00, 13.98, 3.60
14.00, 13.96, 2.99
14.00, 13.97, 3.80
14.00, 13.97, 3.42
14.00, 13.94, 2.91
14.00, 13.96, 3.76
14.00, 13.96, 3.50
14.00, 13.96, 3.32
14.00, 13.94, 3.16
14.00, 13.92, 2.85
14.00, 13.91, 3.16
14.00, 13.88, 2.59
14.00, 13.88, 3.38
14.00, 13.90, 3.55
14.00, 13.91, 3.30
14.00, 13.87, 2.49
14.00, 13.88, 3.31
14.00, 13.90, 3.65
14.00, 13.87, 2.39
14.00, 13.85, 2.87
14.00, 13.85, 3.21
14.00, 13.87, 3.45
14.00, 13.89, 3.36
14.00, 13.90, 3.42
14.00, 13.89, 3.00
14.00, 13.88, 2.92
14.00, 13.86, 2.70
14.00, 13.86, 3.24
14.00, 13.88, 3.46
14.00, 13.88, 3.08
14.00, 13.90, 3.55
14.00, 13.89, 2.96
14.00, 13.89, 3.26
14.00, 13.92, 3.80
14.00, 13.93, 3.35
14.00, 13.93, 3.22
14.00, 13.93, 3.41
14.00, 13.93, 3.22
14.00, 13.95, 3.76
14.00, 13.94, 3.00
14.00, 13.94, 3.36
14.00, 13.96, 3.93
14.00, 14.00, 4.05
14.00, 14.02, 3.87
14.00, 14.01, 3.36
14.00, 14.00, 3.25
14.00, 14.00, 3.72
14.00, 14.01, 3.62
14.00, 14.02, 3.93
14.00, 14.03, 3.72
14.00, 14.03, 3.50
14.00, 14.05, 4.20
14.00, 14.03, 3.23
14.00, 14.02, 3.43
14.00, 13.97, 2.45
14.00, 13.96, 3.42
14.00, 13.99, 4.09
14.00, 14.01, 3.69
14.00, 14.01, 3.52
14.00, 14.00, 3.38
14.00, 13.97, 2.98
14.00, 13.94, 2.83
14.00, 13.93, 3.25
14.00, 13.91, 2.86
14.00, 13.92, 3.47
14.00, 13.93, 3.34
14.00, 13.93, 3.44
14.00, 13.92, 2.99
14.00, 13.94, 3.65
14.00, 13.91, 2.68
14.00, 13.89, 2.79
14.00, 13.84, 2.09
14.00, 13.87, 3.78
14.00, 13.92, 4.23
14.00, 13.94, 3.54
14.00, 13.93, 2.99
14.00, 13.91, 2.74
14.00, 13.87, 2.33
14.00, 13.85, 2.83
14.00, 13.87, 3.44
14.00, 13.93, 4.38
14.00, 13.94, 3.35
14.00, 13.93, 3.05
14.00, 13.91, 2.89
14.00, 13.90, 2.97
14.00, 13.91, 3.37
14.00, 13.93, 3.68
14.00, 13.94, 3.42
14.00, 13.93, 2.93
14.00, 13.92, 3.06
14.00, 13.92, 3.41
14.00, 13.97, 4.18
14.00, 14.00, 3.92
14.00, 14.01, 3.67
14.00, 14.02, 3.60
14.00, 14.01, 3.41
14.00, 14.00, 3.37
14.00, 14.01, 3.57
14.00, 14.02, 3.89
14.00, 14.02, 3.51
14.00, 14.04, 3.90
14.00, 14.04, 3.56
14.00, 14.03, 3.51
14.00, 14.05, 4.01
14.00, 14.03, 3.21
14.00, 14.02, 3.49
14.00, 14.03, 3.70
14.00, 14.03, 3.63
14.00, 14.02, 3.20
14.00, 13.99, 2.92
14.00, 13.99, 3.64
14.00, 14.01, 3.82
14.00, 13.99, 3.12
14.00, 13.97, 3.01
14.00, 13.95, 2.94
14.00, 13.97, 4.01
14.00, 13.99, 3.59
14.00, 13.97, 3.08
14.00, 13.93, 2.59
14.00, 13.89, 2.46
14.00, 13.88, 2.90
14.00, 13.91, 3.92
14.00, 13.97, 4.28
14.00, 13.96, 3.10
14.00, 13.92, 2.54
14.00, 13.88, 2.42
14.00, 13.87, 2.98
14.00, 13.89, 3.48
14.00, 13.93, 3.86
14.00, 13.95, 3.74
14.00, 13.95, 3.13
14.00, 13.93, 2.81
14.00, 13.89, 2.43
14.00, 13.88, 3.10
14.00, 13.91, 3.66
14.00, 13.93, 3.48
14.00, 13.95, 3.74
14.00, 13.96, 3.51
14.00, 13.96, 3.26
14.00, 13.97, 3.58
14.00, 13.97, 3.34
14.00, 13.96, 3.21
14.00, 13.96, 3.26
14.00, 13.96, 3.34
14.00, 13.96, 3.27
14.00, 13.97, 3.67
14.00, 13.99, 3.66
14.00, 14.02, 4.16
14.00, 14.04, 3.82
14.00, 14.03, 3.27
14.00, 14.02, 3.32
14.00, 14.03, 3.89
14.00, 14.03, 3.57
14.00, 14.04, 3.79
14.00, 14.02, 3.18
14.00, 14.05, 4.17
14.00, 14.05, 3.54
14.00, 14.08, 4.31
14.00, 14.07, 3.36
14.00, 14.04, 3.08
14.00, 14.00, 2.90
14.00, 14.00, 3.58
14.00, 14.04, 4.42
14.00, 14.02, 2.87
14.00, 14.01, 3.41
14.00, 13.95, 2.21
14.00, 13.95, 3.55
14.00, 13.97, 3.79
14.00, 13.99, 3.65
14.00, 13.99, 3.34
14.00, 13.96, 2.76
14.00, 13.95, 3.25
14.00, 13.94, 3.08
14.00, 13.94, 3.35
14.00, 13.95, 3.49
14.00, 13.93, 2.87
14.00, 13.93, 3.19
14.00, 13.93, 3.17
14.00, 13.94, 3.51
14.00, 13.93, 3.04
14.00, 13.91, 2.68
14.00, 13.91, 3.22
14.00, 13.92, 3.36
14.00, 13.93, 3.43
14.00, 13.93, 3.12
14.00, 13.92, 2.99
14.00, 13.93, 3.49
14.00, 13.94, 3.45
14.00, 13.95, 3.50
14.00, 13.94, 2.97
14.00, 13.94, 3.18
14.00, 13.94, 3.30
14.00, 13.96, 3.81
14.00, 13.98, 3.53
14.00, 13.97, 3.17
14.00, 13.97, 3.37
14.00, 14.01, 4.13
14.00, 14.00, 3.12
14.00, 14.00, 3.59
14.00, 14.02, 3.87
14.00, 14.03, 3.73
14.00, 14.04, 3.69
14.00, 14.04, 3.61
14.00, 14.03, 3.31
14.00, 14.03, 3.53
14.00, 14.03, 3.65
14.00, 14.05, 3.93
14.00, 14.07, 4.01
14.00, 14.10, 4.23
14.00, 14.08, 3.36
14.00, 14.05, 3.12
14.00, 14.04, 3.44
14.00, 14.01, 2.88
14.00, 14.01, 3.64
14.00, 14.03, 3.97
14.00, 14.05, 3.99
14.00, 14.04, 3.29
14.00, 14.02, 3.25
14.00, 14.00, 3.09
14.00, 13.97, 2.79
14.00, 13.95, 3.11
14.00, 13.94, 2.94
14.00, 13.96, 3.81
14.00, 13.96, 3.18
14.00, 13.94, 2.87
14.00, 13.96, 3.76
14.00, 13.98, 3.80
14.00, 14.00, 3.66
14.00, 13.95, 2.32
14.00, 13.90, 2.23
14.00, 13.88, 2.92
14.00, 13.90, 3.48
14.00, 13.92, 3.62
14.00, 13.97, 4.14
14.00, 13.97, 3.26
14.00, 13.94, 2.62
14.00, 13.91, 2.59
14.00, 13.90, 2.99
14.00, 13.91, 3.40
14.00, 13.94, 3.83
14.00, 13.96, 3.66
14.00, 13.96, 3.25
14.00, 13.97, 3.44
14.00, 13.95, 2.97
14.00, 13.96, 3.39
14.00, 13.93, 2.65
14.00, 13.95, 3.69
14.00, 13.97, 3.81
14.00, 13.99, 3.67
14.00, 14.01, 3.64
14.00, 14.01, 3.41
14.00, 14.03, 4.01
14.00, 14.02, 3.34
14.00, 14.03, 3.65
14.00, 14.02, 3.40
14.00, 14.02, 3.48
14.00, 14.02, 3.58
14.00, 14.04, 3.96
14.00, 14.08, 4.36
14.00, 14.10, 4.03
14.00, 14.09, 3.45
14.00, 14.06, 3.17
14.00, 14.04, 3.23
14.00, 14.05, 3.80
14.00, 14.08, 4.34
14.00, 14.07, 3.33
14.00, 14.05, 3.29
14.00, 14.04, 3.50
14.00, 14.02, 2.99
14.00, 13.97, 2.62
14.00, 13.98, 3.65
14.00, 14.00, 3.67
14.00, 14.00, 3.50
14.00, 14.01, 3.54
14.00, 13.99, 3.05
14.00, 13.97, 3.06
14.00, 13.97, 3.39
14.00, 13.98, 3.51
14.00, 13.96, 3.00
14.00, 13.95, 3.14
14.00, 13.96, 3.59
14.00, 13.93, 2.53
14.00, 13.91, 2.81
14.00, 13.91, 3.14
14.00, 13.93, 3.76
14.00, 13.93, 3.06
14.00, 13.94, 3.51
14.00, 13.94, 3.09
14.00, 13.94, 3.25
14.00, 13.94, 3.17
14.00, 13.94, 3.28
14.00, 13.94, 3.16
14.00, 13.95, 3.52
14.00, 13.95, 3.33
14.00, 13.97, 3.61
14.00, 13.95, 2.82
14.00, 13.94, 3.15
14.00, 13.94, 3.25
14.00, 13.96, 3.57
14.00, 13.97, 3.57
14.00, 13.98, 3.51
14.00, 13.99, 3.45
14.00, 14.02, 4.21
14.00, 14.02, 3.16
14.00, 14.02, 3.63
14.00, 14.01, 3.13
14.00, 14.01, 3.60
14.00, 14.02, 3.66
14.00, 14.05, 4.08
14.00, 14.08, 4.22
14.00, 14.09, 3.82
14.00, 14.08, 3.54
14.00, 14.07, 3.51
14.00, 14.06, 3.54
14.00, 14.06, 3.50
14.00, 14.05, 3.59
14.00, 14.06, 3.73
14.00, 14.06, 3.56
14.00, 14.07, 3.91
14.00, 14.05, 3.29
14.00, 14.06, 3.78
14.00, 14.03, 3.06
14.00, 14.03, 3.53
14.00, 14.01, 3.16
14.00, 13.98, 2.86
14.00, 13.96, 2.96
14.00, 14.01, 4.39
14.00, 14.01, 3.36
14.00, 13.97, 2.57
14.00, 13.95, 3.00
14.00, 13.94, 3.25
14.00, 13.95, 3.42
14.00, 13.95, 3.31
14.00, 13.94, 2.93
14.00, 13.95, 3.45
14.00, 13.93, 2.94
14.00, 13.93, 3.26
14.00, 13.94, 3.43
14.00, 13.95, 3.27
14.00, 13.95, 3.30
14.00, 13.94, 3.13
14.00, 13.96, 3.60
14.00, 13.95, 3.13
14.00, 13.94, 3.01
14.00, 13.96, 3.61
14.00, 13.97, 3.57
14.00, 13.94, 2.54
14.00, 13.89, 2.12
14.00, 13.93, 4.20
14.00, 13.95, 3.48
14.00, 13.99, 4.11
14.00, 14.01, 3.71
14.00, 14.03, 3.96
14.00, 14.00, 2.68
14.00, 14.00, 3.49
14.00, 13.97, 2.78
14.00, 13.97, 3.35
14.00, 14.01, 4.15
14.00, 14.05, 4.38
14.00, 14.09, 4.40
14.00, 14.10, 3.72
14.00, 14.07, 3.20
14.00, 14.05, 3.20
14.00, 14.04, 3.38
14.00, 14.06, 4.15
14.00, 14.08, 3.88
14.00, 14.09, 3.87
14.00, 14.06, 3.14
14.00, 14.06, 3.61
14.00, 14.06, 3.74
14.00, 14.05, 3.40
14.00, 14.05, 3.53
14.00, 14.03, 3.33
14.00, 14.04, 3.76
14.00, 14.04, 3.49
14.00, 14.03, 3.30
14.00, 13.97, 2.39
14.00, 13.97, 3.46
14.00, 13.98, 3.44
14.00, 14.00, 3.91
14.00, 14.00, 3.25
14.00, 14.01, 3.79
14.00, 13.96, 2.23
14.00, 13.91, 2.33
14.00, 13.91, 3.39
14.00, 13.94, 3.68
14.00, 13.98, 4.00
14.00, 13.99, 3.47
14.00, 13.96, 2.74
14.00, 13.92, 2.58
14.00, 13.93, 3.39
14.00, 13.96, 3.85
14.00, 13.96, 3.31
14.00, 13.93, 2.56
14.00, 13.92, 3.13
14.00, 13.93, 3.41
14.00, 13.94, 3.28
14.00, 13.95, 3.49
14.00, 13.95, 3.28
14.00, 13.96, 3.38
14.00, 13.94, 2.93
14.00, 13.97, 3.97
14.00, 13.99, 3.46
14.00, 14.00, 3.74
14.00, 14.01, 3.48
14.00, 13.99, 2.93
14.00, 13.96, 2.87
14.00, 13.96, 3.36
14.00, 13.99, 3.90
14.00, 14.02, 4.13
14.00, 14.06, 4.28
14.00, 14.07, 3.63
14.00, 14.07, 3.65
14.00, 14.05, 3.32
14.00, 14.07, 3.93
14.00, 14.06, 3.49
14.00, 14.04, 3.26
14.00, 14.04, 3.52
14.00, 14.05, 3.90
14.00, 14.05, 3.45
14.00, 14.08, 4.34
14.00, 14.09, 3.71
14.00, 14.09, 3.89
14.00, 14.08, 3.39
14.00, 14.03, 2.63
14.00, 13.99, 2.79
14.00, 13.97, 3.12
14.00, 14.02, 4.45
14.00, 14.05, 4.01
14.00, 14.05, 3.58
14.00, 14.01, 2.71
14.00, 13.97, 2.70
14.00, 13.96, 3.11
14.00, 13.96, 3.50
14.00, 13.97, 3.34
14.00, 13.96, 3.26
14.00, 13.98, 3.60
14.00, 13.96, 2.86
14.00, 13.94, 2.90
14.00, 13.93, 3.16
14.00, 13.94, 3.44
14.00, 13.94, 3.20
14.00, 13.95, 3.52
14.00, 13.95, 3.23
14.00, 13.96, 3.39
14.00, 13.95, 2.99
14.00, 13.94, 3.05
14.00, 13.91, 2.61
14.00, 13.89, 2.86
14.00, 13.91, 3.45
14.00, 13.93, 3.52
14.00, 13.94, 3.35
14.00, 13.98, 4.04
14.00, 13.97, 3.05
14.00, 13.97, 3.35
14.00, 13.99, 3.76
14.00, 13.98, 3.15
14.00, 13.98, 3.38
14.00, 13.99, 3.52
14.00, 14.02, 3.92
14.00, 14.00, 2.99
14.00, 14.00, 3.47
14.00, 14.03, 4.07
14.00, 14.05, 3.97
14.00, 14.07, 4.02
14.00, 14.08, 3.66
14.00, 14.06, 3.40
14.00, 14.04, 3.06
14.00, 14.05, 3.96
14.00, 14.06, 3.70
14.00, 14.07, 3.94
14.00, 14.07, 3.62
14.00, 14.07, 3.57
14.00, 14.06, 3.39
14.00, 14.07, 3.93
14.00, 14.05, 3.17
14.00, 14.02, 2.88
14.00, 14.03, 3.87
14.00, 14.04, 3.86
14.00, 14.05, 3.58
14.00, 14.03, 3.25
14.00, 14.01, 2.97
14.00, 13.98, 3.02
14.00, 13.99, 3.49
14.00, 14.00, 3.70
14.00, 13.99, 3.15
14.00, 13.95, 2.64
14.00, 13.93, 2.87
14.00, 13.93, 3.20
14.00, 13.93, 3.25
14.00, 13.96, 3.81
14.00, 13.98, 3.65
14.00, 14.01, 3.87
14.00, 13.99, 3.02
14.00, 13.94, 2.25
14.00, 13.91, 2.70
14.00, 13.91, 3.24
14.00, 13.94, 3.84
14.00, 13.97, 3.86
14.00, 13.95, 2.73
14.00, 13.92, 2.65
14.00, 13.91, 2.90
14.00, 13.93, 3.77
14.00, 13.94, 3.33
14.00, 14.00, 4.34
14.00, 14.01, 3.46
14.00, 13.96, 2.39
14.00, 13.96, 3.54
14.00, 13.97, 3.43
14.00, 14.00, 3.87
14.00, 13.98, 2.93
14.00, 13.97, 3.30
14.00, 13.99, 3.67
14.00, 14.02, 3.94
14.00, 14.04, 3.84
14.00, 14.08, 4.48
14.00, 14.04, 2.55
14.00, 14.03, 3.47
14.00, 14.02, 3.46
14.00, 14.02, 3.28
14.00, 14.05, 4.40
14.00, 14.09, 4.18
14.00, 14.12, 4.28
14.00, 14.11, 3.61
14.00, 14.09, 3.43
14.00, 14.06, 3.02
14.00, 14.02, 2.95
14.00, 14.02, 3.61
14.00, 14.04, 3.83
14.00, 14.07, 4.18
14.00, 14.09, 4.12
14.00, 14.06, 2.90
14.00, 14.04, 3.36
14.00, 14.00, 2.71
14.00, 13.97, 2.83
14.00, 13.99, 3.93
14.00, 14.02, 4.05
14.00, 14.01, 3.13
14.00, 13.96, 2.39
14.00, 13.92, 2.54
14.00, 13.93, 3.51
14.00, 13.98, 4.18
14.00, 14.00, 3.60
14.00, 14.00, 3.36
14.00, 13.99, 3.24
14.00, 13.94, 2.32
14.00, 13.94, 3.32
14.00, 13.91, 2.63
14.00, 13.91, 3.15
14.00, 13.91, 3.17
14.00, 13.96, 4.15
14.00, 13.95, 2.95
14.00, 13.97, 3.86
14.00, 13.95, 2.73
14.00, 13.93, 2.94
14.00, 13.95, 3.64
14.00, 13.96, 3.47
14.00, 13.97, 3.49
14.00, 13.95, 2.79
14.00, 13.93, 2.88
14.00, 13.94, 3.41
14.00, 13.96, 3.58
14.00, 14.01, 4.29
14.00, 14.01, 3.39
14.00, 14.00, 3.22
14.00, 14.00, 3.33
14.00, 14.00, 3.52
14.00, 14.03, 4.18
14.00, 14.06, 3.92
14.00, 14.03, 3.04
14.00, 14.03, 3.50
14.00, 14.03, 3.52
14.00, 14.06, 4.29
14.00, 14.08, 3.96
14.00, 14.07, 3.37
14.00, 14.06, 3.37
14.00, 14.05, 3.54
14.00, 14.09, 4.44
14.00, 14.08, 3.37
14.00, 14.07, 3.63
14.00, 14.04, 2.96
14.00, 14.04, 3.61
14.00, 14.04, 3.61
14.00, 14.05, 3.84
14.00, 14.04, 3.23
14.00, 14.01, 2.99
14.00, 14.00, 3.32
14.00, 13.98, 3.00
14.00, 14.02, 4.16
14.00, 14.00, 3.02
14.00, 13.99, 3.15
14.00, 13.98, 3.25
14.00, 13.94, 2.45
14.00, 13.94, 3.46
14.00, 13.97, 3.83
14.00, 13.98, 3.40
14.00, 13.99, 3.57
14.00, 13.99, 3.40
14.00, 13.95, 2.41
14.00, 13.91, 2.47
14.00, 13.90, 3.16
14.00, 13.91, 3.15
14.00, 13.92, 3.38
14.00, 13.97, 4.19
14.00, 14.01, 4.17
14.00, 14.01, 3.16
14.00, 13.95, 2.28
14.00, 13.92, 2.74
14.00, 13.90, 2.77
14.00, 13.92, 3.66
14.00, 13.98, 4.27
14.00, 14.02, 4.07
14.00, 13.99, 2.80
14.00, 13.96, 2.74
14.00, 13.96, 3.43
14.00, 13.99, 3.89
14.00, 14.00, 3.45
14.00, 14.00, 3.39
14.00, 14.00, 3.51
14.00, 14.01, 3.62
14.00, 14.03, 3.76
14.00, 14.07, 4.51
14.00, 14.09, 3.79
14.00, 14.04, 2.63
14.00, 14.01, 2.97
14.00, 14.02, 3.75
14.00, 14.05, 4.15
14.00, 14.08, 4.15
14.00, 14.10, 4.15
14.00, 14.10, 3.53
14.00, 14.07, 3.28
14.00, 14.05, 3.24
14.00, 14.03, 3.10
14.00, 14.05, 4.15
14.00, 14.07, 4.01
14.00, 14.08, 3.78
14.00, 14.05, 2.96
14.00, 14.01, 2.74
14.00, 13.97, 2.84
14.00, 13.97, 3.37
14.00, 14.00, 4.01
14.00, 14.03, 3.90
14.00, 14.02, 3.39
14.00, 13.99, 2.68
14.00, 13.97, 3.10
14.00, 13.95, 2.85
14.00, 13.96, 3.60
14.00, 13.96, 3.35
14.00, 13.97, 3.35
14.00, 13.96, 3.19
14.00, 13.93, 2.63
14.00, 13.92, 3.11
14.00, 13.93, 3.23
14.00, 13.93, 3.27
14.00, 13.93, 3.23
14.00, 13.98, 4.27
14.00, 13.97, 2.97
14.00, 13.94, 2.57
14.00, 13.93, 3.25
14.00, 13.94, 3.25
14.00, 13.96, 3.76
14.00, 13.94, 2.75
14.00, 13.93, 3.12
14.00, 13.94, 3.26
14.00, 13.96, 3.82
14.00, 13.99, 3.65
14.00, 13.96, 2.79
14.00, 13.97, 3.65
14.00, 13.97, 3.21
14.00, 14.03, 4.74
15.00, 14.04, 3.47
15.00, 14.02, 2.96
15.00, 14.00, 3.05
15.00, 14.01, 3.67
15.00, 14.05, 4.27
15.00, 14.06, 3.47
15.00, 14.08, 3.94
15.00, 14.08, 3.48
15.00, 14.08, 3.59
15.00, 14.10, 3.90
15.00, 14.10, 3.51
15.00, 14.10, 3.56
15.00, 14.12, 4.03
15.00, 14.12, 3.58
15.00, 14.13, 3.70
15.00, 14.14, 3.86
15.00, 14.14, 3.59
15.00, 14.13, 3.34
15.00, 14.13, 3.76
15.00, 14.12, 3.32
15.00, 14.12, 3.39
15.00, 14.12, 3.67
15.00, 14.13, 3.63
15.00, 14.15, 3.93
15.00, 14.14, 3.34
15.00, 14.14, 3.50
15.00, 14.13, 3.23
15.00, 14.12, 3.22
15.00, 14.14, 3.92
15.00, 14.11, 2.67
15.00, 14.11, 3.45
15.00, 14.12, 3.58
15.00, 14.13, 3.47
15.00, 14.13, 3.39
15.00, 14.14, 3.67
15.00, 14.15, 3.61
15.00, 14.15, 3.38
15.00, 14.18, 4.05
15.00, 14.20, 3.82
15.00, 14.19, 3.33
15.00, 14.16, 2.67
15.00, 14.14, 3.16
15.00, 14.17, 3.87
15.00, 14.19, 3.82
15.00, 14.21, 3.90
15.00, 14.25, 4.18
15.00, 14.24, 3.39
15.00, 14.22, 3.18
15.00, 14.24, 3.98
15.00, 14.26, 3.91
15.00, 14.31, 4.75
15.00, 14.32, 3.76
15.00, 14.32, 3.68
15.00, 14.30, 3.51
15.00, 14.30, 3.74
15.00, 14.33, 4.27
15.00, 14.36, 4.31
15.00, 14.37, 4.14
15.00, 14.38, 4.07
15.00, 14.40, 4.25
15.00, 14.43, 4.63
15.00, 14.44, 4.22
15.00, 14.45, 4.37
15.00, 14.43, 3.53
15.00, 14.39, 3.21
15.00, 14.40, 4.32
15.00, 14.43, 4.42
15.00, 14.47, 4.88
15.00, 14.48, 4.15
15.00, 14.50, 4.59
15.00, 14.45, 3.00
15.00, 14.42, 3.60
15.00, 14.42, 4.00
15.00, 14.45, 4.62
15.00, 14.43, 3.57
15.00, 14.43, 3.87
15.00, 14.43, 3.99
15.00, 14.43, 3.92
15.00, 14.43, 4.02
15.00, 14.41, 3.35
15.00, 14.39, 3.41
15.00, 14.39, 3.86
15.00, 14.38, 3.53
15.00, 14.39, 3.94
15.00, 14.42, 4.45
15.00, 14.43, 3.78
15.00, 14.41, 3.38
15.00, 14.41, 3.82
15.00, 14.43, 4.24
15.00, 14.44, 3.94
15.00, 14.43, 3.76
15.00, 14.43, 3.78
15.00, 14.42, 3.45
15.00, 14.42, 3.94
15.00, 14.43, 3.78
15.00, 14.45, 4.25
15.00, 14.47, 4.30
15.00, 14.49, 4.11
15.00, 14.47, 3.59
15.00, 14.47, 3.97
15.00, 14.48, 3.96
15.00, 14.50, 4.41
15.00, 14.50, 3.93
15.00, 14.54, 4.69
15.00, 14.55, 4.24
15.00, 14.56, 4.21
15.00, 14.56, 4.24
15.00, 14.56, 4.06
15.00, 14.58, 4.51
15.00, 14.61, 4.83
15.00, 14.61, 4.12
15.00, 14.62, 4.51
15.00, 14.63, 4.53
15.00, 14.64, 4.42
15.00, 14.64, 4.31
15.00, 14.64, 4.47
15.00, 14.67, 4.80
15.00, 14.68, 4.67
15.00, 14.68, 4.32
15.00, 14.67, 4.27
15.00, 14.66, 4.19
15.00, 14.66, 4.44
15.00, 14.65, 4.07
15.00, 14.64, 4.22
15.00, 14.65, 4.45
15.00, 14.63, 3.80
15.00, 14.62, 4.25
15.00, 14.62, 4.17
15.00, 14.61, 3.87
15.00, 14.60, 4.05
15.00, 14.59, 3.94
15.00, 14.61, 4.54
15.00, 14.63, 4.46
15.00, 14.59, 3.33
15.00, 14.59, 4.09
15.00, 14.60, 4.24
15.00, 14.60, 4.09
15.00, 14.60, 4.02
15.00, 14.58, 3.72
15.00, 14.60, 4.43
15.00, 14.58, 3.60
15.00, 14.58, 4.00
15.00, 14.56, 3.53
15.00, 14.57, 4.16
15.00, 14.61, 4.76
15.00, 14.61, 4.02
15.00, 14.61, 4.01
15.00, 14.60, 3.95
15.00, 14.61, 4.08
15.00, 14.61, 4.06
15.00, 14.63, 4.55
15.00, 14.65, 4.40
15.00, 14.65, 4.06
15.00, 14.68, 4.91
15.00, 14.69, 4.32
15.00, 14.68, 3.97
15.00, 14.70, 4.74
15.00, 14.69, 4.07
15.00, 14.69, 4.19
15.00, 14.71, 4.86
15.00, 14.74, 4.75
15.00, 14.74, 4.38
15.00, 14.75, 4.64
15.00, 14.79, 5.23
15.00, 14.79, 4.57
15.00, 14.81, 5.07
15.00, 14.81, 4.58
15.00, 14.79, 4.05
15.00, 14.78, 4.50
15.00, 14.78, 4.45
15.00, 14.79, 4.70
15.00, 14.80, 4.87
15.00, 14.81, 4.81
15.00, 14.82, 4.68
15.00, 14.79, 4.07
15.00, 14.79, 4.44
15.00, 14.78, 4.44
15.00, 14.77, 4.23
15.00, 14.74, 3.94
15.00, 14.73, 4.17
15.00, 14.73, 4.35
15.00, 14.77, 5.11
15.00, 14.76, 4.23
15.00, 14.76, 4.35
15.00, 14.75, 4.13
15.00, 14.71, 3.64
15.00, 14.69, 3.87
15.00, 14.72, 4.74
15.00, 14.71, 4.11
15.00, 14.68, 3.53
15.00, 14.68, 4.17
15.00, 14.69, 4.28
15.00, 14.70, 4.38
15.00, 14.71, 4.41
15.00, 14.72, 4.30
15.00, 14.72, 4.20
15.00, 14.70, 3.84
15.00, 14.71, 4.39
15.00, 14.71, 4.05
15.00, 14.72, 4.41
15.00, 14.74, 4.67
15.00, 14.74, 4.19
15.00, 14.74, 4.18
15.00, 14.74, 4.30
15.00, 14.75, 4.42
15.00, 14.78, 5.07
15.00, 14.79, 4.31
15.00, 14.78, 4.26
15.00, 14.80, 4.75
15.00, 14.80, 4.41
15.00, 14.82, 4.97
15.00, 14.83, 4.70
15.00, 14.85, 4.96
15.00, 14.86, 4.77
15.00, 14.84, 4.16
15.00, 14.84, 4.45
15.00, 14.84, 4.56
15.00, 14.89, 5.66
15.00, 14.93, 5.61
15.00, 14.95, 4.99
15.00, 14.90, 3.76
15.00, 14.85, 3.86
15.00, 14.84, 4.57
15.00, 14.88, 5.36
15.00, 14.90, 4.91
15.00, 14.90, 4.77
15.00, 14.92, 5.08
15.00, 14.91, 4.56
15.00, 14.87, 3.94
15.00, 14.83, 3.84
15.00, 14.80, 3.83
15.00, 14.82, 5.11
15.00, 14.84, 4.81
15.00, 14.87, 5.02
15.00, 14.84, 3.86
15.00, 14.82, 4.11
15.00, 14.78, 3.71
15.00, 14.78, 4.42
15.00, 14.80, 4.66
15.00, 14.81, 4.49
15.00, 14.81, 4.45
15.00, 14.79, 3.97
15.00, 14.76, 3.65
15.00, 14.75, 4.13
15.00, 14.75, 4.25
15.00, 14.78, 4.83
15.00, 14.79, 4.37
15.00, 14.81, 4.65
15.00, 14.81, 4.39
15.00, 14.81, 4.27
15.00, 14.81, 4.45
15.00, 14.77, 3.38
15.00, 14.77, 4.31
15.00, 14.78, 4.47
15.00, 14.81, 4.84
15.00, 14.84, 5.06
15.00, 14.87, 4.98
15.00, 14.86, 4.15
15.00, 14.85, 4.46
15.00, 14.85, 4.40
15.00, 14.83, 4.07
15.00, 14.84, 4.64
15.00, 14.87, 5.20
15.00, 14.91, 5.19
15.00, 14.92, 4.87
15.00, 14.94, 4.98
15.00, 14.94, 4.80
15.00, 14.95, 4.97
15.00, 14.94, 4.50
15.00, 14.94, 4.88
15.00, 14.94, 4.65
15.00, 14.95, 5.12
15.00, 14.97, 5.19
15.00, 14.99, 5.12
15.00, 14.97, 4.39
15.00, 14.95, 4.65
15.00, 14.94, 4.43
15.00, 14.93, 4.57
15.00, 14.93, 4.73
15.00, 14.93, 4.79
15.00, 14.94, 4.84
15.00, 14.93, 4.63
15.00, 14.93, 4.69
15.00, 14.93, 4.67
15.00, 14.91, 4.35
15.00, 14.87, 3.85
15.00, 14.86, 4.32
15.00, 14.85, 4.28
15.00, 14.84, 4.19
15.00, 14.85, 4.70
15.00, 14.85, 4.48
15.00, 14.86, 4.66
15.00, 14.86, 4.31
15.00, 14.85, 4.30
15.00, 14.84, 4.13
15.00, 14.82, 3.96
15.00, 14.81, 4.32
15.00, 14.83, 4.57
15.00, 14.85, 4.74
15.00, 14.86, 4.70
15.00, 14.85, 4.09
15.00, 14.82, 3.81
15.00, 14.83, 4.57
15.00, 14.85, 4.88
15.00, 14.85, 4.28
15.00, 14.86, 4.56
15.00, 14.86, 4.53
15.00, 14.86, 4.33
15.00, 14.87, 4.62
15.00, 14.88, 4.65
15.00, 14.89, 4.81
15.00, 14.90, 4.71
15.00, 14.93, 5.07
15.00, 14.94, 4.74
15.00, 14.96, 5.18
15.00, 14.95, 4.40
15.00, 14.96, 4.98
15.00, 14.96, 4.75
15.00, 14.98, 5.18
15.00, 14.96, 4.21
15.00, 14.97, 5.08
15.00, 14.96, 4.59
15.00, 14.98, 5.21
15.00, 15.00, 5.23
15.00, 15.01, 4.91
15.00, 15.00, 4.85
15.00, 15.00, 4.86
15.00, 15.01, 4.98
15.00, 14.99, 4.49
15.00, 14.99, 4.90
15.00, 14.99, 4.83
15.00, 14.99, 4.93
15.00, 14.98, 4.67
15.00, 14.97, 4.59
15.00, 14.95, 4.38
15.00, 14.92, 4.07
15.00, 14.90, 4.18
15.00, 14.91, 4.96
15.00, 14.93, 4.93
15.00, 14.90, 3.83
15.00, 14.87, 3.97
15.00, 14.87, 4.60
15.00, 14.88, 4.69
15.00, 14.91, 4.98
15.00, 14.89, 4.03
15.00, 14.87, 4.25
15.00, 14.85, 3.98
15.00, 14.84, 4.25
15.00, 14.85, 4.40
15.00, 14.86, 4.73
15.00, 14.88, 4.65
15.00, 14.86, 4.04
15.00, 14.85, 4.18
15.00, 14.86, 4.60
15.00, 14.87, 4.47
15.00, 14.88, 4.60
15.00, 14.88, 4.44
15.00, 14.85, 3.84
15.00, 14.87, 4.88
15.00, 14.90, 5.05
15.00, 14.94, 5.17
15.00, 14.93, 4.25
15.00, 14.91, 4.36
15.00, 14.91, 4.53
15.00, 14.92, 4.80
15.00, 14.95, 5.02
15.00, 14.98, 5.32
15.00, 14.99, 4.91
15.00, 14.99, 4.68
15.00, 15.00, 5.01
15.00, 15.01, 5.04
15.00, 15.00, 4.60
15.00, 15.01, 5.11
15.00, 14.99, 4.42
15.00, 15.00, 5.08
15.00, 15.01, 4.92
15.00, 15.01, 4.97
15.00, 15.03, 5.16
15.00, 15.02, 4.79
15.00, 15.02, 4.92
15.00, 15.01, 4.64
15.00, 15.00, 4.55
15.00, 14.98, 4.42
15.00, 15.00, 5.24
15.00, 15.01, 5.00
15.00, 15.00, 4.74
15.00, 14.99, 4.46
15.00, 14.97, 4.39
15.00, 14.96, 4.55
15.00, 14.94, 4.35
15.00, 14.92, 4.15
15.00, 14.90, 4.31
15.00, 14.91, 4.67
15.00, 14.93, 4.89
15.00, 14.94, 4.83
15.00, 14.93, 4.23
15.00, 14.90, 4.00
15.00, 14.89, 4.34
15.00, 14.87, 4.01
15.00, 14.86, 4.26
15.00, 14.89, 5.08
15.00, 14.92, 4.92
15.00, 14.92, 4.54
15.00, 14.90, 4.13
15.00, 14.89, 4.32
15.00, 14.88, 4.16
15.00, 14.87, 4.22
15.00, 14.88, 4.57
15.00, 14.88, 4.31
15.00, 14.89, 4.74
15.00, 14.93, 5.22
15.00, 14.95, 4.92
15.00, 14.95, 4.48
15.00, 14.94, 4.36
15.00, 14.94, 4.79
15.00, 14.95, 4.70
15.00, 14.95, 4.60
15.00, 14.96, 4.80
15.00, 14.98, 5.01
15.00, 15.03, 5.82
15.00, 15.02, 4.62
15.00, 15.02, 4.72
15.00, 14.99, 4.24
15.00, 15.01, 5.36
15.00, 15.03, 5.26
15.00, 15.04, 4.92
15.00, 15.03, 4.83
15.00, 15.03, 4.88
15.00, 15.04, 4.99
15.00, 15.03, 4.68
15.00, 15.03, 4.87
15.00, 15.00, 4.35
15.00, 15.01, 5.13
15.00, 15.05, 5.52
15.00, 15.04, 4.71
15.00, 15.03, 4.83
15.00, 15.00, 4.23
15.00, 14.98, 4.29
15.00, 14.96, 4.40
15.00, 14.97, 4.83
15.00, 14.98, 5.00
15.00, 14.99, 4.85
15.00, 14.97, 4.21
15.00, 14.93, 3.87
15.00, 14.93, 4.66
15.00, 14.92, 4.35
15.00, 14.91, 4.45
15.00, 14.94, 5.08
15.00, 14.96, 4.85
15.00, 14.93, 3.93
15.00, 14.90, 4.01
15.00, 14.88, 4.20
15.00, 14.88, 4.25
15.00, 14.88, 4.56
15.00, 14.93, 5.30
15.00, 14.93, 4.57
15.00, 14.93, 4.54
15.00, 14.90, 3.84
15.00, 14.90, 4.45
15.00, 14.89, 4.25
15.00, 14.89, 4.47
15.00, 14.93, 5.15
15.00, 14.93, 4.45
15.00, 14.94, 4.70
15.00, 14.93, 4.43
15.00, 14.94, 4.81
15.00, 14.95, 4.75
15.00, 14.98, 5.15
15.00, 14.98, 4.74
15.00, 15.00, 5.00
15.00, 15.00, 4.67
15.00, 15.01, 5.15
15.00, 15.02, 4.92
15.00, 15.01, 4.51
15.00, 15.01, 4.96
15.00, 15.03, 5.09
15.00, 15.04, 5.11
15.00, 15.03, 4.69
15.00, 15.03, 4.77
15.00, 15.05, 5.34
15.00, 15.07, 5.24
15.00, 15.06, 4.81
15.00, 15.04, 4.51
15.00, 15.04, 4.92
15.00, 15.03, 4.72
15.00, 15.03, 4.93
15.00, 15.03, 4.73
15.00, 15.02, 4.70
15.00, 15.03, 5.11
15.00, 15.04, 5.04
15.00, 15.01, 4.18
15.00, 14.98, 4.38
15.00, 14.98, 4.69
15.00, 14.95, 4.09
15.00, 14.94, 4.30
15.00, 14.93, 4.47
15.00, 14.96, 5.12
15.00, 14.96, 4.62
15.00, 14.96, 4.67
15.00, 14.93, 3.87
15.00, 14.90, 4.05
15.00, 14.90, 4.46
15.00, 14.91, 4.56
15.00, 14.94, 5.10
15.00, 14.93, 4.35
15.00, 14.92, 4.20
15.00, 14.88, 3.72
15.00, 14.91, 5.13
15.00, 14.94, 5.09
15.00, 14.94, 4.29
15.00, 14.93, 4.44
15.00, 14.91, 4.13
15.00, 14.90, 4.15
15.00, 14.91, 4.80
15.00, 14.92, 4.57
15.00, 14.94, 4.90
15.00, 14.95, 4.74
15.00, 14.97, 5.03
15.00, 14.97, 4.40
15.00, 14.97, 4.66
15.00, 14.97, 4.75
15.00, 14.97, 4.54
15.00, 14.99, 5.21
15.00, 15.02, 5.32
15.00, 15.03, 4.81
15.00, 15.03, 4.96
15.00, 15.03, 4.66
15.00, 15.04, 5.20
15.00, 15.05, 5.08
15.00, 15.04, 4.71
15.00, 15.05, 5.00
15.00, 15.05, 5.02
15.00, 15.06, 5.08
15.00, 15.06, 4.80
15.00, 15.04, 4.57
15.00, 15.04, 4.89
15.00, 15.04, 4.96
15.00, 15.04, 4.87
15.00, 15.03, 4.76
15.00, 15.03, 4.75
15.00, 15.02, 4.64
15.00, 15.01, 4.59
15.00, 15.00, 4.68
15.00, 15.00, 4.68
15.00, 14.97, 4.10
15.00, 14.98, 4.91
15.00, 14.99, 4.90
15.00, 14.97, 4.15
15.00, 14.97, 4.80
15.00, 14.94, 4.00
15.00, 14.90, 3.80
15.00, 14.93, 5.07
15.00, 14.92, 4.32
15.00, 14.92, 4.38
15.00, 14.91, 4.22
15.00, 14.91, 4.55
15.00, 14.93, 4.95
15.00, 14.93, 4.39
15.00, 14.93, 4.48
15.00, 14.92, 4.37
15.00, 14.93, 4.54
15.00, 14.92, 4.39
15.00, 14.93, 4.66
15.00, 14.92, 4.20
15.00, 14.92, 4.50
15.00, 14.93, 4.72
15.00, 14.95, 4.85
15.00, 14.98, 5.11
15.00, 14.96, 4.21
15.00, 14.96, 4.57
15.00, 14.97, 4.89
15.00, 14.97, 4.66
15.00, 14.98, 4.76
15.00, 15.00, 5.07
15.00, 15.00, 4.61
15.00, 15.02, 5.16
15.00, 15.03, 5.14
15.00, 15.04, 4.92
15.00, 15.02, 4.29
15.00, 15.05, 5.68
15.00, 15.05, 4.64
15.00, 15.06, 5.26
15.00, 15.05, 4.66
15.00, 15.07, 5.41
15.00, 15.07, 4.86
15.00, 15.06, 4.81
15.00, 15.04, 4.49
15.00, 15.05, 5.03
15.00, 15.03, 4.43
15.00, 15.03, 4.89
15.00, 15.04, 5.04
15.00, 15.06, 5.30
15.00, 15.05, 4.78
15.00, 15.02, 4.21
15.00, 14.99, 4.30
15.00, 14.98, 4.49
15.00, 14.99, 4.97
15.00, 15.00, 4.84
15.00, 15.01, 4.94
15.00, 14.98, 4.17
15.00, 14.95, 3.98
15.00, 14.93, 4.31
15.00, 14.91, 4.06
15.00, 14.93, 4.86
15.00, 14.95, 4.96
15.00, 14.96, 4.59
15.00, 14.96, 4.71
15.00, 14.94, 4.01
15.00, 14.94, 4.60
15.00, 14.94, 4.55
15.00, 14.92, 4.16
15.00, 14.93, 4.79
15.00, 14.94, 4.59
15.00, 14.95, 4.73
15.00, 14.94, 4.21
15.00, 14.93, 4.42
15.00, 14.93, 4.50
15.00, 14.94, 4.66
15.00, 14.97, 5.19
15.00, 14.99, 4.95
15.00, 14.98, 4.41
15.00, 14.99, 4.95
15.00, 14.97, 4.16
15.00, 14.98, 4.96
15.00, 14.97, 4.43
15.00, 14.99, 5.01
15.00, 15.01, 5.02
15.00, 15.01, 4.73
15.00, 15.02, 5.04
15.00, 15.04, 5.09
15.00, 15.07, 5.57
15.00, 15.07, 4.81
15.00, 15.06, 4.67
15.00, 15.05, 4.82
15.00, 15.06, 5.12
15.00, 15.07, 5.06
15.00, 15.07, 5.01
15.00, 15.08, 5.12
15.00, 15.06, 4.54
15.00, 15.05, 4.82
15.00, 15.04, 4.75
15.00, 15.04, 4.90
15.00, 15.05, 5.05
15.00, 15.05, 4.88
15.00, 15.05, 4.87
15.00, 15.03, 4.43
15.00, 15.00, 4.29
15.00, 14.99, 4.60
15.00, 14.97, 4.24
15.00, 14.98, 4.84
15.00, 14.99, 4.89
15.00, 15.00, 5.01
15.00, 15.00, 4.61
15.00, 14.99, 4.48
15.00, 14.95, 3.76
15.00, 14.92, 4.11
15.00, 14.92, 4.48
15.00, 14.94, 5.03
15.00, 14.97, 5.11
15.00, 14.97, 4.50
15.00, 14.93, 3.76
15.00, 14.91, 4.18
15.00, 14.91, 4.47
15.00, 14.93, 4.91
15.00, 14.97, 5.18
15.00, 14.97, 4.55
15.00, 14.95, 4.27
15.00, 14.94, 4.21
15.00, 14.91, 3.98
15.00, 14.94, 5.25
15.00, 14.96, 4.85
15.00, 14.99, 5.20
15.00, 14.99, 4.47
15.00, 14.99, 4.79
15.00, 14.99, 4.62
15.00, 14.99, 4.64
15.00, 14.98, 4.59
15.00, 15.00, 5.06
15.00, 15.02, 5.14
15.00, 15.03, 4.94
15.00, 15.06, 5.36
15.00, 15.08, 5.34
15.00, 15.04, 4.10
15.00, 15.02, 4.42
15.00, 15.04, 5.36
15.00, 15.07, 5.50
15.00, 15.08, 4.99
15.00, 15.09, 5.15
15.00, 15.07, 4.73
15.00, 15.05, 4.46
15.00, 15.07, 5.44
15.00, 15.09, 5.27
15.00, 15.07, 4.59
15.00, 15.04, 4.25
15.00, 15.02, 4.57
15.00, 15.02, 4.88
15.00, 15.02, 4.79
15.00, 15.03, 4.98
15.00, 15.01, 4.45
15.00, 15.01, 4.83
15.00, 15.03, 5.07
15.00, 15.02, 4.56
15.00, 15.00, 4.43
15.00, 14.97, 4.08
15.00, 14.95, 4.24
15.00, 14.97, 5.01
15.00, 14.98, 4.77
15.00, 14.99, 4.88
15.00, 14.98, 4.52
15.00, 14.96, 4.25
15.00, 14.92, 3.77
15.00, 14.90, 4.14
15.00, 14.91, 4.54
15.00, 14.93, 4.97
15.00, 14.94, 4.63
15.00, 14.94, 4.46
15.00, 14.93, 4.35
15.00, 14.93, 4.47
15.00, 14.95, 4.98
15.00, 14.96, 4.66
15.00, 14.95, 4.30
15.00, 14.95, 4.68
15.00, 14.95, 4.49
15.00, 14.97, 4.95
15.00, 14.99, 5.12
15.00, 14.99, 4.56
15.00, 14.99, 4.79
15.00, 15.00, 4.85
15.00, 15.00, 4.57
15.00, 15.01, 5.07
15.00, 15.03, 5.14
15.00, 15.03, 4.80
15.00, 15.05, 5.30
15.00, 15.08, 5.47
15.00, 15.05, 4.26
15.00, 15.03, 4.48
15.00, 15.04, 5.19
15.00, 15.07, 5.51
15.00, 15.09, 5.17
15.00, 15.09, 4.98
15.00, 15.08, 4.94
15.00, 15.06, 4.55
15.00, 15.07, 5.26
15.00, 15.05, 4.46
15.00, 15.05, 4.90
15.00, 15.04, 4.68
15.00, 15.04, 4.99
15.00, 15.04, 4.73
15.00, 15.06, 5.27
15.00, 15.03, 4.38
15.00, 15.01, 4.32
15.00, 15.01, 4.80
15.00, 15.00, 4.66
15.00, 15.00, 4.76
15.00, 14.99, 4.39
15.00, 14.97, 4.34
15.00, 14.96, 4.55
15.00, 14.96, 4.53
15.00, 14.95, 4.29
15.00, 14.98, 5.25
15.00, 14.94, 3.66
15.00, 14.93, 4.43
15.00, 14.93, 4.67
15.00, 14.95, 4.79
15.00, 14.96, 4.82
15.00, 14.95, 4.20
15.00, 14.95, 4.77
15.00, 14.95, 4.40
15.00, 14.94, 4.39
15.00, 14.93, 4.41
15.00, 14.93, 4.52
15.00, 14.94, 4.54
15.00, 14.96, 4.98
15.00, 14.95, 4.24
15.00, 14.94, 4.53
15.00, 14.96, 4.79
15.00, 14.98, 5.01
15.00, 14.99, 4.83
15.00, 14.99, 4.78
15.00, 14.99, 4.59
15.00, 14.99, 4.79
15.00, 15.02, 5.29
15.00, 15.03, 4.87
15.00, 15.01, 4.36
15.00, 15.02, 4.95
15.00, 15.03, 5.00
15.00, 15.05, 5.29
15.00, 15.07, 5.37
15.00, 15.06, 4.59
15.00, 15.06, 5.02
15.00, 15.06, 4.75
15.00, 15.05, 4.85
15.00, 15.03, 4.52
15.00, 15.06, 5.45
15.00, 15.08, 5.39
15.00, 15.11, 5.49
15.00, 15.07, 4.12
15.00, 15.04, 4.37
15.00, 15.02, 4.46
15.00, 15.02, 4.88
15.00, 15.01, 4.69
15.00, 15.03, 5.26
15.00, 15.04, 4.99
15.00, 15.05, 4.98
15.00, 15.01, 4.02
15.00, 15.00, 4.55
15.00, 14.97, 4.10
15.00, 14.98, 4.89
15.00, 14.97, 4.56
15.00, 14.98, 4.74
15.00, 15.00, 5.07
15.00, 14.97, 4.04
15.00, 14.94, 4.10
15.00, 14.94, 4.48
15.00, 14.95, 4.78
15.00, 14.93, 4.20
15.00, 14.95, 4.86
15.00, 14.96, 4.67
15.00, 14.96, 4.73
15.00, 14.93, 3.82
15.00, 14.92, 4.47
15.00, 14.92, 4.43
15.00, 14.93, 4.55
15.00, 14.93, 4.59
15.00, 14.96, 5.13
15.00, 14.96, 4.41
15.00, 14.96, 4.68
15.00, 14.98, 4.92
15.00, 14.98, 4.68
15.00, 15.00, 4.99
15.00, 15.02, 5.22
15.00, 15.03, 4.97
15.00, 15.00, 4.06
15.00, 15.00, 4.74
15.00, 15.01, 5.01
15.00, 15.00, 4.53
15.00, 15.03, 5.36
15.00, 15.07, 5.54
15.00, 15.08, 5.21
15.00, 15.08, 4.95
15.00, 15.07, 4.79
15.00, 15.03, 4.10
15.00, 15.02, 4.57
15.00, 15.04, 5.42
15.00, 15.06, 5.20
15.00, 15.06, 4.79
15.00, 15.06, 4.89
15.00, 15.05, 4.87
15.00, 15.05, 4.87
15.00, 15.06, 5.08
15.00, 15.05, 4.73
15.00, 15.05, 4.97
15.00, 15.04, 4.51
15.00, 15.01, 4.21
15.00, 15.01, 4.89
15.00, 15.03, 5.13
15.00, 15.01, 4.49
15.00, 15.00, 4.43
15.00, 15.00, 4.94
15.00, 15.00, 4.71
15.00, 14.98, 4.22
15.00, 14.95, 3.95
15.00, 14.94, 4.48
15.00, 14.94, 4.62
15.00, 14.94, 4.38
15.00, 14.95, 4.80
15.00, 14.97, 4.99
15.00, 14.98, 4.73
15.00, 14.97, 4.41
15.00, 14.94, 3.98
15.00, 14.93, 4.34
15.00, 14.92, 4.46
15.00, 14.92, 4.38
15.00, 14.93, 4.60
15.00, 14.95, 5.07
15.00, 14.96, 4.52
15.00, 14.99, 5.45
15.00, 14.98, 4.17
15.00, 14.95, 4.19
15.00, 14.95, 4.49
15.00, 14.96, 4.73
15.00, 14.98, 4.98
15.00, 14.99, 5.01
15.00, 15.01, 4.90
15.00, 15.00, 4.66
15.00, 15.02, 5.04
15.00, 15.04, 5.16
15.00, 15.02, 4.43
15.00, 15.02, 4.72
15.00, 15.02, 4.91
15.00, 15.03, 5.07
15.00, 15.05, 5.18
15.00, 15.08, 5.44
15.00, 15.10, 5.33
15.00, 15.08, 4.52
15.00, 15.06, 4.71
15.00, 15.04, 4.58
15.00, 15.03, 4.67
15.00, 15.05, 5.21
15.00, 15.07, 5.22
15.00, 15.09, 5.36
15.00, 15.08, 4.74
15.00, 15.06, 4.64
15.00, 15.03, 4.29
15.00, 15.00, 4.18
15.00, 14.98, 4.37
15.00, 15.00, 5.18
15.00, 15.05, 5.86
15.00, 15.04, 4.47
15.00, 15.01, 4.32
15.00, 14.99, 4.42
15.00, 14.96, 3.89
15.00, 14.94, 4.35
15.00, 14.93, 4.43
15.00, 14.95, 4.87
15.00, 14.97, 5.03
15.00, 14.99, 4.91
15.00, 14.96, 4.08
15.00, 14.92, 3.80
15.00, 14.92, 4.54
15.00, 14.95, 5.07
15.00, 14.95, 4.55
15.00, 14.95, 4.43
15.00, 14.96, 4.83
15.00, 14.95, 4.32
15.00, 14.94, 4.28
15.00, 14.94, 4.67
15.00, 14.94, 4.45
15.00, 14.95, 4.79
15.00, 14.97, 4.82
15.00, 14.96, 4.47
15.00, 14.96, 4.47
15.00, 14.97, 4.89
15.00, 14.98, 4.78
15.00, 14.99, 4.88
15.00, 14.99, 4.73
15.00, 14.99, 4.55
15.00, 15.01, 5.09
15.00, 15.02, 5.02
15.00, 15.04, 5.27
15.00, 15.04, 4.66
15.00, 15.04, 4.92
15.00, 15.06, 5.27
15.00, 15.07, 5.16
15.00, 15.07, 4.92
15.00, 15.06, 4.58
15.00, 15.04, 4.70
15.00, 15.03, 4.47
15.00, 15.04, 5.21
15.00, 15.05, 4.93
15.00, 15.07, 5.42
15.00, 15.08, 5.18
15.00, 15.08, 4.84
15.00, 15.06, 4.59
15.00, 15.03, 4.29
15.00, 15.01, 4.44
15.00, 14.99, 4.51
15.00, 15.01, 5.01
15.00, 15.02, 5.01
15.00, 15.02, 4.66
15.00, 15.02, 4.84
15.00, 15.02, 4.77
15.00, 15.01, 4.52
15.00, 14.98, 4.30
15.00, 14.95, 3.95
15.00, 14.94, 4.44
15.00, 14.93, 4.41
15.00, 14.97, 5.23
15.00, 14.97, 4.63
15.00, 14.98, 4.79
15.00, 14.95, 4.06
15.00, 14.94, 4.39
15.00, 14.95, 4.64
15.00, 14.96, 4.74
15.00, 14.94, 4.27
15.00, 14.92, 4.04
15.00, 14.92, 4.57
15.00, 14.93, 4.71
15.00, 14.95, 4.85
15.00, 14.96, 4.63
15.00, 14.96, 4.56
15.00, 14.96, 4.70
15.00, 14.97, 4.75
15.00, 14.96, 4.24
15.00, 14.97, 4.84
15.00, 14.97, 4.73
15.00, 14.99, 5.08
15.00, 15.01, 4.93
15.00, 15.01, 4.74
15.00, 15.02, 5.05
15.00, 15.05, 5.26
15.00, 15.04, 4.76
15.00, 15.04, 4.84
15.00, 15.03, 4.69
15.00, 15.04, 4.98
15.00, 15.06, 5.17
15.00, 15.08, 5.41
15.00, 15.09, 5.04
15.00, 15.08, 4.96
15.00, 15.09, 5.10
14.00, 15.07, 4.63
14.00, 15.09, 5.56
14.00, 15.07, 4.44
14.00, 15.06, 4.94
14.00, 15.05, 4.82
14.00, 15.03, 4.41
14.00, 15.03, 5.09
14.00, 15.03, 5.01
14.00, 15.00, 4.27
14.00, 15.00, 4.86
14.00, 14.99, 4.67
14.00, 14.97, 4.42
14.00, 14.95, 4.61
14.00, 14.96, 4.91
14.00, 14.94, 4.35
14.00, 14.92, 4.34
14.00, 14.88, 3.87
14.00, 14.88, 4.84
14.00, 14.85, 3.95
14.00, 14.85, 4.45
14.00, 14.82, 3.99
14.00, 14.82, 4.48
14.00, 14.82, 4.50
14.00, 14.83, 4.61
14.00, 14.82, 4.40
14.00, 14.80, 4.07
14.00, 14.80, 4.34
14.00, 14.76, 3.54
14.00, 14.75, 4.40
14.00, 14.75, 4.26
14.00, 14.76, 4.47
14.00, 14.78, 4.84
14.00, 14.78, 4.32
14.00, 14.81, 5.24
14.00, 14.78, 3.63
14.00, 14.75, 4.00
14.00, 14.75, 4.55
14.00, 14.77, 4.81
14.00, 14.77, 4.43
14.00, 14.78, 4.60
14.00, 14.80, 5.01
14.00, 14.79, 4.36
14.00, 14.79, 4.68
14.00, 14.79, 4.60
14.00, 14.79, 4.58
14.00, 14.78, 4.50
14.00, 14.78, 4.59
14.00, 14.80, 5.14
14.00, 14.80, 4.59
14.00, 14.81, 4.83
14.00, 14.80, 4.64
14.00, 14.79, 4.39
14.00, 14.77, 4.34
14.00, 14.74, 4.20
14.00, 14.75, 4.75
14.00, 14.74, 4.50
14.00, 14.74, 4.49
14.00, 14.72, 4.29
14.00, 14.71, 4.38
14.00, 14.72, 4.71
14.00, 14.71, 4.36
14.00, 14.68, 3.83
14.00, 14.64, 3.75
14.00, 14.61, 3.73
14.00, 14.62, 4.58
14.00, 14.64, 4.68
14.00, 14.63, 4.16
14.00, 14.60, 3.71
14.00, 14.58, 3.78
14.00, 14.55, 3.57
14.00, 14.51, 3.39
14.00, 14.53, 4.48
14.00, 14.56, 4.62
14.00, 14.57, 4.41
14.00, 14.55, 3.73
14.00, 14.53, 3.73
14.00, 14.53, 4.10
14.00, 14.52, 3.75
14.00, 14.48, 3.35
14.00, 14.48, 3.94
14.00, 14.49, 4.19
14.00, 14.50, 4.29
14.00, 14.48, 3.50
14.00, 14.47, 3.65
14.00, 14.47, 4.17
14.00, 14.49, 4.32
14.00, 14.51, 4.47
14.00, 14.52, 4.14
14.00, 14.50, 3.73
14.00, 14.47, 3.54
14.00, 14.47, 4.08
14.00, 14.50, 4.54
14.00, 14.50, 3.97
14.00, 14.51, 4.50
14.00, 14.53, 4.39
14.00, 14.53, 4.28
14.00, 14.55, 4.66
14.00, 14.55, 4.34
14.00, 14.56, 4.37
14.00, 14.55, 4.15
14.00, 14.54, 4.16
14.00, 14.53, 4.04
14.00, 14.52, 4.21
14.00, 14.52, 4.22
14.00, 14.54, 4.67
14.00, 14.54, 4.22
14.00, 14.54, 4.34
14.00, 14.52, 4.04
14.00, 14.50, 3.85
14.00, 14.51, 4.45
14.00, 14.48, 3.64
14.00, 14.48, 4.17
14.00, 14.47, 4.14
14.00, 14.47, 3.99
14.00, 14.47, 4.18
14.00, 14.46, 4.01
14.00, 14.44, 3.82
14.00, 14.42, 3.55
14.00, 14.38, 3.24
14.00, 14.35, 3.45
14.00, 14.36, 3.93
14.00, 14.36, 3.97
14.00, 14.39, 4.40
14.00, 14.38, 3.71
14.00, 14.37, 3.76
14.00, 14.35, 3.52
14.00, 14.34, 3.60
14.00, 14.31, 3.11
14.00, 14.30, 3.70
14.00, 14.33, 4.32
14.00, 14.34, 4.01
14.00, 14.32, 3.19
14.00, 14.29, 3.33
14.00, 14.27, 3.33
14.00, 14.28, 3.78
14.00, 14.30, 4.10
14.00, 14.32, 4.17
14.00, 14.33, 3.89
14.00, 14.32, 3.61
14.00, 14.33, 3.94
14.00, 14.34, 4.17
14.00, 14.33, 3.68
14.00, 14.33, 3.89
14.00, 14.33, 3.76
14.00, 14.31, 3.46
14.00, 14.32, 4.02
14.00, 14.34, 4.32
14.00, 14.35, 3.94
14.00, 14.36, 4.13
14.00, 14.35, 3.89
14.00, 14.37, 4.34
14.00, 14.38, 4.33
14.00, 14.39, 4.09
14.00, 14.38, 4.00
14.00, 14.36, 3.70
14.00, 14.37, 4.19
14.00, 14.37, 4.14
14.00, 14.38, 4.27
14.00, 14.39, 4.29
14.00, 14.38, 3.87
14.00, 14.37, 4.00
14.00, 14.33, 3.19
14.00, 14.31, 3.53
14.00, 14.29, 3.54
14.00, 14.33, 4.77
14.00, 14.35, 4.25
14.00, 14.33, 3.73
14.00, 14.31, 3.47
14.00, 14.25, 2.69
14.00, 14.25, 3.85
14.00, 14.25, 3.81
14.00, 14.26, 3.83
14.00, 14.26, 3.75
14.00, 14.24, 3.40
14.00, 14.23, 3.40
14.00, 14.20, 3.12
14.00, 14.21, 3.82
14.00, 14.21, 3.63
14.00, 14.21, 3.72
14.00, 14.21, 3.62
14.00, 14.21, 3.64
14.00, 14.19, 3.16
14.00, 14.17, 3.16
14.00, 14.19, 3.89
14.00, 14.19, 3.66
14.00, 14.21, 3.89
14.00, 14.19, 3.32
14.00, 14.19, 3.43
14.00, 14.18, 3.43
14.00, 14.17, 3.30
14.00, 14.17, 3.54
14.00, 14.19, 3.99
14.00, 14.20, 3.78
14.00, 14.24, 4.40
14.00, 14.23, 3.59
14.00, 14.24, 3.98
14.00, 14.24, 3.59
14.00, 14.23, 3.58
14.00, 14.21, 3.50
14.00, 14.21, 3.68
14.00, 14.25, 4.55
14.00, 14.28, 4.33
14.00, 14.27, 3.63
14.00, 14.26, 3.72
14.00, 14.27, 4.16
14.00, 14.27, 3.97
14.00, 14.28, 4.03
14.00, 14.28, 3.99
14.00, 14.28, 3.96
14.00, 14.28, 3.97
14.00, 14.27, 3.65
14.00, 14.25, 3.66
14.00, 14.23, 3.40
14.00, 14.24, 4.04
14.00, 14.24, 3.96
14.00, 14.25, 3.90
14.00, 14.24, 3.66
14.00, 14.20, 3.08
14.00, 14.19, 3.47
14.00, 14.17, 3.40
14.00, 14.18, 3.89
14.00, 14.17, 3.36
14.00, 14.15, 3.24
14.00, 14.14, 3.46
14.00, 14.15, 3.84
14.00, 14.17, 3.82
14.00, 14.18, 3.98
14.00, 14.16, 3.10
14.00, 14.11, 2.61
14.00, 14.08, 2.89
14.00, 14.06, 3.00
14.00, 14.11, 4.49
14.00, 14.15, 4.16
14.00, 14.16, 3.70
14.00, 14.14, 3.18
14.00, 14.12, 3.08
14.00, 14.08, 2.78
14.00, 14.07, 3.20
14.00, 14.11, 4.18
14.00, 14.13, 3.88
14.00, 14.12, 3.31
14.00, 14.13, 3.60
14.00, 14.11, 3.13
14.00, 14.12, 3.69
14.00, 14.09, 2.81
14.00, 14.10, 3.88
14.00, 14.13, 3.88
14.00, 14.16, 4.18
14.00, 14.18, 4.03
14.00, 14.18, 3.60
14.00, 14.15, 3.13
14.00, 14.16, 3.92
14.00, 14.18, 4.05
14.00, 14.18, 3.66
14.00, 14.17, 3.57
14.00, 14.19, 4.21
14.00, 14.23, 4.62
14.00, 14.23, 3.64
14.00, 14.20, 3.46
14.00, 14.16, 2.93
14.00, 14.17, 4.09
14.00, 14.19, 3.95
14.00, 14.22, 4.43
14.00, 14.25, 4.48
14.00, 14.22, 3.26
14.00, 14.18, 3.09
14.00, 14.14, 2.91
14.00, 14.14, 3.75
14.00, 14.15, 3.99
14.00, 14.18, 4.28
14.00, 14.19, 4.02
14.00, 14.17, 3.21
14.00, 14.13, 3.02
14.00, 14.10, 2.97
14.00, 14.08, 3.17
14.00, 14.09, 3.73
14.00, 14.09, 3.55
14.00, 14.11, 3.77
14.00, 14.12, 3.73
14.00, 14.08, 2.73
14.00, 14.07, 3.30
14.00, 14.06, 3.33
14.00, 14.09, 4.02
14.00, 14.11, 3.79
14.00, 14.05, 2.35
14.00, 14.04, 3.28
14.00, 14.04, 3.31
14.00, 14.07, 3.95
14.00, 14.08, 3.73
14.00, 14.08, 3.44
14.00, 14.05, 2.82
14.00, 14.04, 3.20
14.00, 14.05, 3.54
14.00, 14.06, 3.57
14.00, 14.06, 3.32
14.00, 14.04, 3.08
14.00, 14.03, 3.12
14.00, 14.07, 4.18
14.00, 14.10, 4.13
14.00, 14.11, 3.67
14.00, 14.11, 3.41
14.00, 14.09, 3.27
14.00, 14.08, 3.24
14.00, 14.09, 3.79
14.00, 14.09, 3.58
14.00, 14.14, 4.57
14.00, 14.15, 3.70
14.00, 14.14, 3.44
14.00, 14.13, 3.56
14.00, 14.12, 3.57
14.00, 14.15, 4.26
14.00, 14.14, 3.32
14.00, 14.15, 4.02
14.00, 14.16, 3.90
14.00, 14.15, 3.57
14.00, 14.14, 3.66
14.00, 14.15, 3.80
14.00, 14.15, 3.84
14.00, 14.13, 3.31
14.00, 14.14, 3.82
14.00, 14.15, 3.96
14.00, 14.10, 2.67
14.00, 14.10, 3.70
14.00, 14.08, 3.25
14.00, 14.06, 3.15
14.00, 14.07, 3.64
14.00, 14.10, 4.19
14.00, 14.10, 3.45
14.00, 14.08, 3.12
14.00, 14.04, 2.87
14.00, 14.02, 3.07
14.00, 14.02, 3.29
14.00, 14.02, 3.40
14.00, 14.06, 4.22
14.00, 14.04, 2.90
14.00, 14.02, 2.98
14.00, 14.02, 3.45
14.00, 14.03, 3.44
14.00, 14.02, 3.18
14.00, 14.04, 3.86
14.00, 14.01, 2.66
14.00, 14.02, 3.64
14.00, 14.01, 2.96
14.00, 14.00, 3.23
14.00, 14.02, 3.74
14.00, 14.03, 3.39
14.00, 14.03, 3.41
14.00, 14.04, 3.53
14.00, 14.03, 3.32
14.00, 14.05, 3.79
14.00, 14.03, 2.94
14.00, 14.05, 3.84
14.00, 14.03, 3.04
14.00, 14.07, 4.34
14.00, 14.09, 3.83
14.00, 14.08, 3.16
14.00, 14.06, 3.21
14.00, 14.06, 3.53
14.00, 14.09, 4.08
14.00, 14.11, 4.04
14.00, 14.14, 4.24
14.00, 14.13, 3.45
14.00, 14.14, 3.87
14.00, 14.14, 3.88
14.00, 14.11, 2.98
14.00, 14.10, 3.50
14.00, 14.12, 4.14
14.00, 14.13, 3.89
14.00, 14.14, 4.03
14.00, 14.15, 3.85
14.00, 14.13, 3.36
14.00, 14.10, 3.21
14.00, 14.09, 3.40
14.00, 14.07, 3.15
14.00, 14.07, 3.66
14.00, 14.07, 3.64
14.00, 14.08, 3.77
14.00, 14.07, 3.29
14.00, 14.07, 3.65
14.00, 14.07, 3.38
14.00, 14.06, 3.40
14.00, 14.02, 2.53
14.00, 14.01, 3.29
14.00, 14.01, 3.52
14.00, 14.02, 3.39
14.00, 14.02, 3.59
14.00, 14.02, 3.15
14.00, 14.00, 3.12
14.00, 14.01, 3.42
14.00, 14.01, 3.49
14.00, 14.00, 3.11
14.00, 13.98, 2.79
14.00, 14.00, 3.72
14.00, 14.01, 3.57
14.00, 14.01, 3.20
14.00, 14.00, 3.24
14.00, 14.00, 3.22
14.00, 13.99, 3.15
14.00, 14.00, 3.58
14.00, 14.02, 3.61
14.00, 14.01, 3.16
14.00, 14.01, 3.43
14.00, 14.02, 3.57
14.00, 14.02, 3.30
14.00, 14.04, 3.95
14.00, 14.05, 3.66
14.00, 14.05, 3.42
14.00, 14.04, 3.23
14.00, 14.06, 3.89
14.00, 14.07, 3.68
14.00, 14.09, 4.03
14.00, 14.10, 3.72
14.00, 14.09, 3.52
14.00, 14.07, 3.21
14.00, 14.10, 4.24
14.00, 14.12, 4.06
14.00, 14.12, 3.62
14.00, 14.11, 3.58
14.00, 14.10, 3.46
14.00, 14.10, 3.71
14.00, 14.08, 3.34
14.00, 14.08, 3.67
14.00, 14.10, 3.89
14.00, 14.10, 3.69
14.00, 14.10, 3.62
14.00, 14.08, 3.29
14.00, 14.06, 3.22
14.00, 14.03, 2.94
14.00, 14.01, 3.15
14.00, 14.04, 4.00
14.00, 14.05, 3.72
14.00, 14.04, 3.32
14.00, 14.04, 3.42
14.00, 14.02, 3.11
14.00, 14.01, 3.14
14.00, 13.99, 3.03
14.00, 13.98, 3.09
14.00, 13.97, 3.20
14.00, 14.01, 4.12
14.00, 14.02, 3.38
14.00, 13.99, 2.78
14.00, 13.95, 2.54
14.00, 13.94, 3.01
14.00, 13.98, 4.13
14.00, 13.98, 3.20
14.00, 13.98, 3.30
14.00, 13.98, 3.29
14.00, 13.97, 2.95
14.00, 13.98, 3.63
14.00, 13.99, 3.40
14.00, 14.01, 3.64
14.00, 14.00, 3.26
14.00, 13.99, 3.09
14.00, 13.97, 2.90
14.00, 13.97, 3.31
14.00, 13.99, 3.57
14.00, 14.01, 3.87
14.00, 14.04, 3.92
14.00, 14.05, 3.63
14.00, 14.02, 2.82
14.00, 14.02, 3.63
14.00, 14.04, 3.79
14.00, 14.06, 3.94
14.00, 14.10, 4.22
14.00, 14.09, 3.53
14.00, 14.07, 3.25
14.00, 14.06, 3.28
14.00, 14.06, 3.59
14.00, 14.07, 3.77
14.00, 14.07, 3.61
14.00, 14.08, 3.92
14.00, 14.10, 3.93
14.00, 14.11, 3.98
14.00, 14.13, 4.03
14.00, 14.07, 2.43
14.00, 14.04, 3.07
14.00, 14.05, 3.96
14.00, 14.08, 4.10
14.00, 14.10, 3.89
14.00, 14.07, 3.05
14.00, 14.02, 2.47
14.00, 14.02, 3.65
14.00, 14.04, 3.91
14.00, 14.02, 3.10
14.00, 14.04, 3.79
14.00, 14.02, 3.07
14.00, 13.99, 2.83
14.00, 13.99, 3.32
14.00, 14.00, 3.72
14.00, 14.00, 3.32
14.00, 13.98, 2.94
14.00, 13.97, 3.09
14.00, 13.98, 3.53
14.00, 13.98, 3.33
14.00, 14.00, 3.59
14.00, 13.99, 3.20
14.00, 13.96, 2.74
14.00, 13.93, 2.59
14.00, 13.95, 3.69
14.00, 13.99, 4.09
14.00, 14.00, 3.39
14.00, 14.00, 3.25
14.00, 13.96, 2.52
14.00, 13.97, 3.58
14.00, 13.97, 3.38
14.00, 13.99, 3.55
14.00, 14.00, 3.57
14.00, 14.02, 3.67
14.00, 14.00, 2.92
14.00, 13.97, 2.80
14.00, 13.98, 3.68
14.00, 14.02, 4.21
14.00, 14.05, 3.88
14.00, 14.04, 3.25
14.00, 14.03, 3.43
14.00, 14.04, 3.72
14.00, 14.05, 3.60
14.00, 14.08, 4.25
14.00, 14.07, 3.27
14.00, 14.04, 3.10
14.00, 14.05, 3.76
14.00, 14.08, 4.12
14.00, 14.09, 3.89
14.00, 14.11, 4.09
14.00, 14.11, 3.59
14.00, 14.07, 2.89
14.00, 14.04, 3.13
14.00, 14.06, 4.04
14.00, 14.06, 3.41
14.00, 14.11, 4.70
14.00, 14.09, 3.30
14.00, 14.06, 2.99
14.00, 14.02, 2.91
14.00, 13.98, 2.50
14.00, 14.02, 4.53
14.00, 14.04, 3.64
14.00, 14.04, 3.49
14.00, 14.02, 3.07
14.00, 14.00, 3.07
14.00, 13.98, 2.94
14.00, 13.95, 2.81
14.00, 13.95, 3.36
14.00, 13.97, 3.67
14.00, 13.99, 3.58
14.00, 14.00, 3.48
14.00, 14.01, 3.53
14.00, 13.97, 2.58
14.00, 13.94, 2.72
14.00, 13.92, 2.92
14.00, 13.95, 3.69
14.00, 13.96, 3.41
14.00, 13.98, 3.61
14.00, 13.98, 3.37
14.00, 13.97, 2.97
14.00, 13.95, 3.04
14.00, 13.95, 3.20
14.00, 13.96, 3.51
14.00, 13.97, 3.45
14.00, 14.00, 3.89
14.00, 14.02, 3.58
14.00, 13.99, 2.78
14.00, 13.98, 3.26
14.00, 13.98, 3.38
14.00, 14.00, 3.59
14.00, 14.02, 3.89
14.00, 14.01, 3.20
14.00, 14.05, 4.29
14.00, 14.05, 3.37
14.00, 14.07, 4.06
14.00, 14.06, 3.43
14.00, 14.05, 3.29
14.00, 14.05, 3.71
14.00, 14.06, 3.71
14.00, 14.06, 3.57
14.00, 14.07, 3.71
14.00, 14.07, 3.65
14.00, 14.08, 3.95
14.00, 14.09, 3.68
14.00, 14.07, 3.35
14.00, 14.04, 2.96
14.00, 14.04, 3.57
14.00, 14.07, 4.29
14.00, 14.08, 3.69
14.00, 14.07, 3.43
14.00, 14.04, 2.94
14.00, 13.99, 2.55
14.00, 14.00, 3.62
14.00, 14.02, 3.80
14.00, 14.02, 3.61
14.00, 14.04, 3.73
14.00, 14.01, 2.92
14.00, 14.00, 3.24
14.00, 13.99, 3.09
14.00, 13.97, 3.17
14.00, 13.96, 2.94
14.00, 13.96, 3.31
14.00, 13.96, 3.25
14.00, 13.95, 3.20
14.00, 13.96, 3.42
14.00, 13.99, 3.81
14.00, 14.01, 3.72
14.00, 13.97, 2.46
14.00, 13.94, 2.74
14.00, 13.93, 3.20
14.00, 13.97, 4.03
14.00, 14.00, 3.74
14.00, 13.99, 3.09
14.00, 13.97, 3.05
14.00, 13.94, 2.54
14.00, 13.94, 3.29
14.00, 13.96, 3.79
14.00, 13.96, 3.18
14.00, 14.00, 3.96
14.00, 14.01, 3.55
14.00, 14.01, 3.33
14.00, 14.02, 3.87
14.00, 14.00, 2.90
14.00, 14.00, 3.42
14.00, 14.00, 3.39
14.00, 14.03, 4.17
14.00, 14.05, 3.67
14.00, 14.05, 3.58
14.00, 14.05, 3.50
14.00, 14.02, 3.06
14.00, 14.04, 3.99
14.00, 14.06, 3.91
14.00, 14.07, 3.61
14.00, 14.04, 2.95
14.00, 14.06, 4.07
14.00, 14.08, 4.12
14.00, 14.10, 3.99
14.00, 14.07, 2.97
14.00, 14.03, 2.91
14.00, 14.03, 3.56
14.00, 14.05, 3.94
14.00, 14.06, 3.84
14.00, 14.06, 3.58
14.00, 14.02, 2.73
14.00, 14.02, 3.50
14.00, 14.01, 3.20
14.00, 14.02, 3.69
14.00, 14.00, 3.03
14.00, 13.95, 2.45
14.00, 13.96, 3.62
14.00, 13.99, 3.80
14.00, 14.00, 3.52
14.00, 13.99, 3.10
14.00, 13.97, 2.95
14.00, 13.96, 3.13
14.00, 13.96, 3.28
14.00, 13.97, 3.65
14.00, 13.97, 3.14
14.00, 13.97, 3.32
14.00, 13.94, 2.61
14.00, 13.94, 3.41
14.00, 13.96, 3.64
14.00, 13.97, 3.45
14.00, 13.97, 3.17
14.00, 13.96, 3.09
14.00, 13.95, 3.00
14.00, 13.94, 3.14
14.00, 13.95, 3.44
14.00, 13.99, 4.00
14.00, 13.99, 3.29
14.00, 13.99, 3.31
14.00, 13.98, 3.13
14.00, 13.98, 3.35
14.00, 14.00, 3.71
14.00, 14.01, 3.55
14.00, 14.01, 3.44
14.00, 14.01, 3.41
14.00, 14.02, 3.76
14.00, 14.02, 3.25
14.00, 14.03, 3.75
14.00, 14.06, 4.11
14.00, 14.06, 3.55
14.00, 14.06, 3.54
14.00, 14.06, 3.65
14.00, 14.06, 3.70
14.00, 14.07, 3.66
14.00, 14.08, 3.84
14.00, 14.09, 3.85
14.00, 14.07, 3.28
14.00, 14.06, 3.42
14.00, 14.03, 3.07
14.00, 14.04, 3.70
14.00, 14.04, 3.56
14.00, 14.03, 3.42
14.00, 14.05, 3.98
14.00, 14.04, 3.30
14.00, 14.03, 3.32
14.00, 14.02, 3.39
14.00, 14.02, 3.40
14.00, 14.01, 3.27
14.00, 14.00, 3.25
14.00, 14.01, 3.72
14.00, 14.00, 3.13
14.00, 13.97, 2.83
14.00, 13.95, 2.83
14.00, 13.94, 3.13
14.00, 13.95, 3.51
14.00, 13.95, 3.20
14.00, 13.99, 3.99
14.00, 14.00, 3.53
14.00, 13.99, 3.20
14.00, 13.96, 2.66
14.00, 13.95, 3.19
14.00, 13.94, 3.13
14.00, 13.95, 3.29
14.00, 13.94, 3.16
14.00, 13.96, 3.57
14.00, 13.99, 3.95
14.00, 13.98, 2.94
14.00, 13.97, 3.21
14.00, 13.94, 2.57
14.00, 13.93, 3.06
14.00, 13.95, 3.63
14.00, 13.98, 3.95
14.00, 13.99, 3.35
14.00, 13.99, 3.40
14.00, 13.99, 3.30
14.00, 14.01, 3.87
14.00, 14.01, 3.30
14.00, 14.01, 3.50
14.00, 14.02, 3.59
14.00, 14.03, 3.66
14.00, 14.03, 3.51
14.00, 14.05, 3.88
14.00, 14.04, 3.45
14.00, 14.06, 4.01
14.00, 14.08, 3.99
14.00, 14.08, 3.63
14.00, 14.07, 3.36
14.00, 14.04, 3.13
14.00, 14.05, 3.85
14.00, 14.06, 3.71
14.00, 14.06, 3.54
14.00, 14.05, 3.45
14.00, 14.05, 3.61
14.00, 14.05, 3.64
14.00, 14.04, 3.25
14.00, 14.03, 3.43
14.00, 14.02, 3.20
14.00, 14.03, 3.74
14.00, 14.03, 3.52
14.00, 14.02, 3.28
14.00, 14.01, 3.17
14.00, 14.00, 3.42
14.00, 14.00, 3.26
14.00, 13.98, 3.13
14.00, 13.98, 3.33
14.00, 13.96, 3.00
14.00, 13.96, 3.28
14.00, 13.97, 3.46
14.00, 13.95, 2.83
14.00, 13.95, 3.42
14.00, 13.97, 3.57
14.00, 13.95, 2.86
14.00, 13.95, 3.20
14.00, 13.96, 3.58
14.00, 13.96, 3.29
14.00, 13.96, 3.23
14.00, 13.95, 3.11
14.00, 13.95, 3.10
14.00, 13.96, 3.47
14.00, 13.97, 3.57
14.00, 13.98, 3.38
14.00, 13.96, 3.03
14.00, 13.96, 3.16
14.00, 13.96, 3.39
14.00, 13.98, 3.65
14.00, 13.99, 3.50
14.00, 14.00, 3.46
14.00, 13.98, 2.97
14.00, 13.99, 3.55
14.00, 14.00, 3.54
14.00, 14.01, 3.58
14.00, 14.02, 3.67
14.00, 14.03, 3.70
14.00, 14.03, 3.41
14.00, 14.05, 4.01
14.00, 14.07, 3.93
14.00, 14.07, 3.64
14.00, 14.09, 4.03
14.00, 14.06, 2.98
14.00, 14.04, 3.32
14.00, 14.03, 3.37
14.00, 14.03, 3.60
14.00, 14.05, 3.85
14.00, 14.09, 4.41
14.00, 14.10, 3.87
14.00, 14.08, 3.17
14.00, 14.03, 2.81
14.00, 14.02, 3.21
14.00, 14.04, 4.02
14.00, 14.04, 3.46
14.00, 14.04, 3.55
14.00, 14.02, 3.15
14.00, 14.04, 3.99
14.00, 14.03, 3.20
14.00, 13.99, 2.77
14.00, 13.97, 2.99
14.00, 13.98, 3.61
14.00, 13.98, 3.31
14.00, 13.97, 3.07
14.00, 13.96, 3.23
14.00, 13.95, 3.07
14.00, 13.95, 3.34
14.00, 13.96, 3.47
14.00, 13.98, 3.55
14.00, 14.00, 3.69
14.00, 13.96, 2.60
14.00, 13.92, 2.48
14.00, 13.93, 3.44
14.00, 13.94, 3.30
14.00, 13.95, 3.46
14.00, 13.97, 3.65
14.00, 13.97, 3.19
14.00, 13.94, 2.80
14.00, 13.92, 2.83
14.00, 13.94, 3.49
14.00, 13.98, 4.06
14.00, 14.00, 3.60
14.00, 14.00, 3.51
14.00, 13.97, 2.65
14.00, 13.96, 3.18
14.00, 13.97, 3.57
14.00, 14.00, 3.94
14.00, 14.01, 3.48
14.00, 14.04, 4.04
14.00, 14.04, 3.49
14.00, 14.04, 3.60
14.00, 14.05, 3.64
14.00, 14.03, 3.27
14.00, 14.03, 3.45
14.00, 14.03, 3.46
14.00, 14.04, 3.89
14.00, 14.06, 3.94
14.00, 14.06, 3.40
14.00, 14.06, 3.69
14.00, 14.03, 3.04
14.00, 14.04, 3.78
14.00, 14.04, 3.57
14.00, 14.06, 3.84
14.00, 14.05, 3.51
14.00, 14.04, 3.28
14.00, 14.04, 3.65
14.00, 14.02, 3.09
14.00, 14.01, 3.16
14.00, 14.02, 3.93
14.00, 14.03, 3.60
14.00, 14.02, 3.34
14.00, 14.02, 3.30
14.00, 13.97, 2.53
14.00, 13.94, 2.77
14.00, 13.94, 3.36
14.00, 13.97, 3.78
14.00, 14.00, 3.80
14.00, 14.00, 3.44
14.00, 14.00, 3.46
14.00, 13.97, 2.79
14.00, 13.95, 2.79
14.00, 13.93, 2.91
14.00, 13.93, 3.33
14.00, 13.96, 3.80
14.00, 13.97, 3.36
14.00, 13.94, 2.61
14.00, 13.95, 3.48
14.00, 13.93, 2.90
14.00, 13.94, 3.29
14.00, 13.96, 3.70
14.00, 13.97, 3.54
14.00, 13.94, 2.53
14.00, 13.97, 3.89
14.00, 13.99, 3.59
14.00, 14.01, 3.76
14.00, 13.99, 3.02
14.00, 13.96, 2.80
14.00, 13.95, 3.02
14.00, 13.96, 3.66
14.00, 14.00, 3.96
14.00, 14.04, 4.30
14.00, 14.04, 3.46
14.00, 14.02, 2.89
14.00, 14.00, 3.09
14.00, 14.03, 4.17
14.00, 14.06, 4.05
14.00, 14.08, 4.06
14.00, 14.05, 2.89
14.00, 14.03, 3.24
14.00, 14.05, 4.06
14.00, 14.08, 4.11
14.00, 14.09, 3.81
14.00, 14.05, 2.91
14.00, 14.04, 3.43
14.00, 14.03, 3.41
14.00, 14.01, 2.99
14.00, 14.01, 3.58
14.00, 14.05, 4.27
14.00, 14.08, 4.07
14.00, 14.05, 2.99
14.00, 14.02, 3.01
14.00, 14.02, 3.45
14.00, 14.02, 3.58
14.00, 14.01, 3.13
14.00, 13.99, 3.03
14.00, 13.97, 3.20
14.00, 13.96, 3.13
14.00, 13.98, 3.61
14.00, 13.99, 3.58
14.00, 13.99, 3.34
14.00, 13.99, 3.27
14.00, 13.97, 3.15
14.00, 13.96, 3.13
14.00, 13.93, 2.52
14.00, 13.93, 3.23
14.00, 13.92, 2.99
14.00, 13.97, 4.31
14.00, 13.97, 3.20
14.00, 13.98, 3.44
14.00, 13.96, 2.86
14.00, 13.95, 3.10
14.00, 13.93, 2.97
14.00, 13.93, 3.17
14.00, 13.94, 3.46
14.00, 13.97, 3.69
14.00, 14.01, 4.07
14.00, 14.00, 3.13
14.00, 13.97, 2.75
14.00, 13.94, 2.87
14.00, 13.95, 3.45
14.00, 13.97, 3.55
14.00, 14.01, 4.15
14.00, 14.03, 3.86
14.00, 14.02, 3.28
14.00, 14.03, 3.68
14.00, 14.00, 2.81
14.00, 13.99, 3.12
14.00, 14.01, 3.90
14.00, 14.04, 4.13
14.00, 14.07, 4.00
14.00, 14.07, 3.73
14.00, 14.07, 3.47
14.00, 14.07, 3.77
14.00, 14.06, 3.30
14.00, 14.04, 3.37
14.00, 14.03, 3.26
14.00, 14.06, 4.17
14.00, 14.05, 3.40
14.00, 14.04, 3.34
14.00, 14.02, 3.19
14.00, 14.05, 4.10
14.00, 14.07, 3.93
14.00, 14.04, 3.08
14.00, 14.00, 2.69
14.00, 14.00, 3.38
14.00, 13.99, 3.18
14.00, 14.01, 4.01
14.00, 14.04, 4.03
14.00, 14.03, 3.13
14.00, 13.97, 2.38
14.00, 13.94, 2.69
14.00, 13.92, 2.90
14.00, 13.94, 3.71
14.00, 14.00, 4.28
14.00, 14.01, 3.52
14.00, 14.00, 3.19
14.00, 13.96, 2.53
14.00, 13.94, 3.05
14.00, 13.94, 3.30
14.00, 13.95, 3.44
14.00, 13.95, 3.22
14.00, 13.97, 3.66
14.00, 13.98, 3.37
14.00, 13.96, 2.98
14.00, 13.95, 3.16
14.00, 13.95, 3.16
14.00, 13.94, 2.96
14.00, 13.95, 3.58
14.00, 13.96, 3.30
14.00, 13.97, 3.65
14.00, 13.97, 3.20
14.00, 13.98, 3.44
14.00, 13.98, 3.31
14.00, 14.00, 3.83
14.00, 14.01, 3.44
14.00, 14.01, 3.41
14.00, 14.03, 3.98
14.00, 14.02, 3.08
14.00, 14.02, 3.73
14.00, 14.04, 3.84
14.00, 14.04, 3.38
14.00, 14.06, 4.05
14.00, 14.05, 3.42
14.00, 14.05, 3.44
14.00, 14.05, 3.59
14.00, 14.05, 3.67
14.00, 14.03, 3.12
14.00, 14.06, 4.30
14.00, 14.04, 2.95
0.00, 14.06, 4.34